0 0.000032 0.007887 100.000000 31.250000
0 0.000054 0.005947 200.000000 30.769230
0 0.000068 0.007811 300.000000 35.714287
1 0.000035 0.007342 100.000000 31.250000
1 0.000053 0.005406 200.000000 31.250000
1 0.000066 0.007295 300.000000 36.144577
2 0.000029 0.007492 100.000000 31.250000
2 0.000055 0.005839 200.000000 31.250000
2 0.000057 0.008899 300.000000 36.144577
3 0.000032 0.006841 100.000000 31.250000
3 0.000062 0.005917 200.000000 31.250000
3 0.000057 0.008998 300.000000 36.585365
4 0.000023 0.006293 100.000000 31.250000
4 0.000058 0.005418 200.000000 31.746031
4 0.000054 0.008701 300.000000 36.585365
5 0.000040 0.006019 100.000000 31.250000
5 0.000057 0.004217 200.000000 32.258064
5 0.000049 0.007818 300.000000 36.585365
6 0.000046 0.005403 100.000000 31.250000
6 0.000060 0.004259 200.000000 32.258064
6 0.000048 0.007616 300.000000 37.037037
7 0.000048 0.005423 100.000000 31.250000
7 0.000058 0.003986 200.000000 32.786884
7 0.000050 0.007352 300.000000 37.037037
8 0.000065 0.006118 100.000000 31.250000
8 0.000063 0.004216 200.000000 32.786884
8 0.000053 0.007644 300.000000 37.500000
9 0.000066 0.004521 100.000000 31.250000
9 0.000065 0.004063 200.000000 33.333332
9 0.000054 0.007826 300.000000 37.500000
10 0.000051 0.003811 100.000000 32.258064
10 0.000068 0.004001 200.000000 33.333332
10 0.000047 0.006781 300.000000 37.974682
11 0.000067 0.003847 100.000000 32.258064
11 0.000072 0.004065 200.000000 33.898304
11 0.000046 0.007147 300.000000 37.974682
12 0.000056 0.004141 100.000000 32.258064
12 0.000072 0.004430 200.000000 34.482758
12 0.000046 0.007343 300.000000 38.461540
13 0.000049 0.003727 100.000000 31.250000
13 0.000080 0.004653 200.000000 34.482758
13 0.000048 0.007400 300.000000 37.974682
14 0.000065 0.004020 100.000000 31.250000
14 0.000094 0.005272 200.000000 34.482758
14 0.000055 0.007952 300.000000 37.974682
15 0.000068 0.003217 100.000000 30.303030
15 0.000092 0.004792 200.000000 35.087719
15 0.000052 0.007885 300.000000 37.974682
16 0.000056 0.002632 100.000000 30.303030
16 0.000084 0.004421 200.000000 35.087719
16 0.000053 0.007296 300.000000 37.500000
17 0.000058 0.002772 100.000000 30.303030
17 0.000086 0.004238 200.000000 35.087719
17 0.000056 0.007029 300.000000 37.500000
18 0.000070 0.002465 100.000000 30.303030
18 0.000086 0.004382 200.000000 35.714287
18 0.000056 0.007241 300.000000 37.500000
19 0.000086 0.002584 100.000000 30.303030
19 0.000076 0.004335 200.000000 35.714287
19 0.000051 0.007363 300.000000 37.500000
20 0.000099 0.002718 100.000000 30.303030
20 0.000084 0.004358 200.000000 35.714287
20 0.000054 0.007402 300.000000 37.500000
21 0.000085 0.002651 100.000000 30.303030
21 0.000086 0.004746 200.000000 36.363636
21 0.000057 0.007925 300.000000 37.500000
22 0.000085 0.003433 100.000000 30.303030
22 0.000086 0.005316 200.000000 36.363636
22 0.000059 0.008093 300.000000 37.974682
23 0.000073 0.003987 100.000000 30.303030
23 0.000088 0.005654 200.000000 37.037037
23 0.000060 0.008423 300.000000 37.974682
24 0.000076 0.004500 100.000000 30.303030
24 0.000077 0.005300 200.000000 37.037037
24 0.000055 0.008157 300.000000 37.974682
25 0.000074 0.004231 100.000000 30.303030
25 0.000078 0.006052 200.000000 37.037037
25 0.000060 0.008652 300.000000 37.500000
26 0.000075 0.003647 100.000000 29.411764
26 0.000077 0.006310 200.000000 37.037037
26 0.000061 0.008652 300.000000 37.500000
27 0.000081 0.004628 100.000000 29.411764
27 0.000096 0.006926 200.000000 37.037037
27 0.000071 0.009201 300.000000 37.500000
28 0.000106 0.005750 100.000000 29.411764
28 0.000105 0.007334 200.000000 37.037037
28 0.000080 0.009418 300.000000 37.500000
29 0.000093 0.005519 100.000000 29.411764
29 0.000101 0.007346 200.000000 37.037037
30 0.000108 0.005339 100.000000 29.411764
30 0.000102 0.007381 200.000000 37.735847
31 0.000099 0.005199 100.000000 29.411764
31 0.000099 0.007096 200.000000 37.735847
32 0.000102 0.005494 100.000000 29.411764
32 0.000084 0.009009 200.000000 37.735847
33 0.000103 0.005617 100.000000 29.411764
33 0.000077 0.008777 200.000000 38.461540
34 0.000101 0.005728 100.000000 30.303030
34 0.000075 0.009191 200.000000 38.461540
35 0.000096 0.005602 100.000000 31.250000
35 0.000072 0.009307 200.000000 39.215687
36 0.000088 0.004970 100.000000 31.250000
36 0.000056 0.008643 200.000000 39.215687
37 0.000078 0.005313 100.000000 32.258064
37 0.000056 0.008416 200.000000 39.215687
38 0.000077 0.005493 100.000000 32.258064
38 0.000053 0.008377 200.000000 40.000000
39 0.000078 0.005192 100.000000 33.333332
39 0.000052 0.008635 200.000000 40.000000
40 0.000094 0.006134 100.000000 33.333332
40 0.000049 0.007800 200.000000 40.816326
41 0.000080 0.006100 100.000000 34.482758
41 0.000037 0.007892 200.000000 40.816326
42 0.000099 0.007018 100.000000 34.482758
42 0.000046 0.008665 200.000000 40.816326
43 0.000109 0.007359 100.000000 35.714287
43 0.000049 0.009323 200.000000 41.666668
44 0.000126 0.007875 100.000000 37.037037
44 0.000053 0.009933 200.000000 41.666668
45 0.000130 0.008595 100.000000 37.037037
45 0.000052 0.010423 200.000000 41.666668
46 0.000127 0.008536 100.000000 38.461540
46 0.000048 0.010774 200.000000 41.666668
47 0.000121 0.008879 100.000000 38.461540
47 0.000054 0.010849 200.000000 41.666668
48 0.000141 0.009983 100.000000 40.000000
48 0.000065 0.011425 200.000000 41.666668
49 0.000169 0.009594 100.000000 40.000000
49 0.000081 0.010500 200.000000 41.666668
50 0.000168 0.009149 100.000000 40.000000
50 0.000084 0.010063 200.000000 41.666668
51 0.000156 0.008609 100.000000 41.666668
51 0.000082 0.009538 200.000000 41.666668
52 0.000190 0.008814 100.000000 41.666668
52 0.000095 0.009641 200.000000 41.666668
53 0.000178 0.008506 100.000000 43.478260
53 0.000091 0.009935 200.000000 41.666668
54 0.000151 0.008199 100.000000 43.478260
54 0.000080 0.008619 200.000000 41.666668
55 0.000102 0.006976 100.000000 43.478260
55 0.000067 0.008206 200.000000 41.666668
56 0.000082 0.006257 100.000000 45.454544
56 0.000053 0.007963 200.000000 41.666668
57 0.000088 0.007686 100.000000 45.454544
57 0.000063 0.008661 200.000000 41.666668
58 0.000097 0.008026 100.000000 45.454544
58 0.000065 0.008954 200.000000 42.553192
59 0.000095 0.007660 100.000000 47.619049
59 0.000068 0.007999 200.000000 42.553192
60 0.000118 0.007921 100.000000 47.619049
60 0.000070 0.008095 200.000000 42.553192
61 0.000104 0.007588 100.000000 47.619049
61 0.000067 0.007959 200.000000 42.553192
62 0.000111 0.007661 100.000000 47.619049
63 0.000112 0.007474 100.000000 47.619049
64 0.000099 0.006511 100.000000 50.000000
65 0.000067 0.009974 100.000000 50.000000
66 0.000038 0.010037 100.000000 47.619049
67 0.000041 0.010424 100.000000 47.619049
68 0.000041 0.009905 100.000000 47.619049
69 0.000026 0.008882 100.000000 47.619049
70 0.000044 0.009163 100.000000 43.478260
71 0.000032 0.009312 100.000000 41.666668
72 0.000014 0.009015 100.000000 40.000000
73 0.000020 0.008322 100.000000 40.000000
74 0.000038 0.009101 100.000000 38.461540
75 0.000020 0.008385 100.000000 38.461540
76 0.000017 0.007282 100.000000 38.461540
77 0.000053 0.007885 100.000000 37.037037
78 0.000060 0.007608 100.000000 37.037037
79 0.000037 0.007714 100.000000 35.714287
80 0.000025 0.006617 100.000000 35.714287
