0 0.000112 0.007852 100.000000 13.513514
0 0.000085 0.007715 200.000000 13.888889
0 0.000298 0.147463 300.000000 14.423077
1 0.000113 0.007780 100.000000 13.513514
1 0.000084 0.007756 200.000000 13.888889
1 0.000301 0.147506 300.000000 14.423077
2 0.000115 0.007756 100.000000 13.513514
2 0.000084 0.007592 200.000000 13.888889
2 0.000306 0.147562 300.000000 14.423077
3 0.000112 0.007989 100.000000 13.513514
3 0.000087 0.007902 200.000000 13.888889
3 0.000305 0.147578 300.000000 14.423077
4 0.000091 0.007338 100.000000 13.513514
4 0.000082 0.007331 200.000000 13.888889
4 0.000299 0.147640 300.000000 14.423077
5 0.000089 0.007296 100.000000 13.513514
5 0.000080 0.007168 200.000000 13.888889
5 0.000300 0.147650 300.000000 14.492754
6 0.000090 0.007476 100.000000 13.513514
6 0.000084 0.007220 200.000000 13.888889
6 0.000297 0.147695 300.000000 14.492754
7 0.000085 0.007091 100.000000 13.513514
7 0.000081 0.006909 200.000000 13.888889
7 0.000293 0.147751 300.000000 14.492754
8 0.000065 0.005800 100.000000 13.513514
8 0.000079 0.006180 200.000000 13.888889
8 0.000295 0.147880 300.000000 14.492754
9 0.000057 0.005431 100.000000 13.513514
9 0.000081 0.005871 200.000000 13.888889
9 0.000299 0.147953 300.000000 14.492754
10 0.000053 0.005006 100.000000 13.513514
10 0.000081 0.005390 200.000000 13.986014
10 0.000302 0.148036 300.000000 14.492754
11 0.000061 0.005635 100.000000 13.513514
11 0.000080 0.005791 200.000000 13.986014
11 0.000299 0.148004 300.000000 14.563107
12 0.000064 0.005831 100.000000 13.513514
12 0.000076 0.005841 200.000000 13.986014
12 0.000297 0.148060 300.000000 14.563107
13 0.000049 0.005609 100.000000 13.513514
13 0.000081 0.005667 200.000000 13.986014
13 0.000301 0.148105 300.000000 14.563107
14 0.000049 0.004740 100.000000 13.513514
14 0.000078 0.005281 200.000000 13.986014
14 0.000304 0.148194 300.000000 14.563107
15 0.000041 0.004870 100.000000 13.513514
15 0.000078 0.005072 200.000000 13.986014
15 0.000297 0.148273 300.000000 14.563107
16 0.000048 0.004447 100.000000 13.513514
16 0.000080 0.004929 200.000000 13.986014
16 0.000299 0.148341 300.000000 14.563107
17 0.000047 0.003575 100.000000 13.513514
17 0.000089 0.004263 200.000000 13.986014
17 0.000301 0.148385 300.000000 14.634147
18 0.000057 0.003217 100.000000 13.513514
18 0.000088 0.004645 200.000000 13.986014
18 0.000300 0.148436 300.000000 14.634147
19 0.000040 0.002874 100.000000 13.513514
19 0.000086 0.004159 200.000000 13.986014
19 0.000303 0.148544 300.000000 14.634147
20 0.000050 0.003063 100.000000 13.513514
20 0.000091 0.004612 200.000000 13.986014
20 0.000310 0.148546 300.000000 14.634147
21 0.000043 0.002886 100.000000 13.513514
21 0.000087 0.004430 200.000000 13.986014
21 0.000307 0.148642 300.000000 14.634147
22 0.000045 0.002710 100.000000 13.513514
22 0.000090 0.004476 200.000000 14.084507
22 0.000308 0.148697 300.000000 14.634147
23 0.000046 0.002658 100.000000 13.513514
23 0.000093 0.004503 200.000000 14.084507
23 0.000309 0.148691 300.000000 14.705882
24 0.000042 0.002121 100.000000 13.513514
24 0.000087 0.004266 200.000000 14.084507
24 0.000311 0.148786 300.000000 14.705882
25 0.000043 0.001655 100.000000 13.513514
25 0.000085 0.004418 200.000000 14.084507
25 0.000310 0.148834 300.000000 14.705882
26 0.000058 0.001591 100.000000 13.513514
26 0.000093 0.004484 200.000000 14.084507
26 0.000316 0.148908 300.000000 14.705882
27 0.000055 0.000981 100.000000 13.513514
27 0.000083 0.004655 200.000000 14.084507
27 0.000313 0.148945 300.000000 14.705882
28 0.000058 0.001073 100.000000 13.513514
28 0.000079 0.004981 200.000000 14.084507
28 0.000308 0.148974 300.000000 14.705882
29 0.000056 0.001394 100.000000 13.513514
29 0.000081 0.005164 200.000000 14.084507
29 0.000308 0.149047 300.000000 14.705882
30 0.000066 0.001151 100.000000 13.513514
30 0.000083 0.005700 200.000000 14.084507
30 0.000309 0.149063 300.000000 14.705882
31 0.000075 0.000896 100.000000 13.513514
31 0.000083 0.005761 200.000000 14.084507
31 0.000307 0.149064 300.000000 14.778325
32 0.000088 0.000718 100.000000 13.513514
32 0.000085 0.005732 200.000000 14.084507
32 0.000308 0.149127 300.000000 14.778325
33 0.000086 0.000892 100.000000 13.513514
33 0.000088 0.006043 200.000000 14.084507
33 0.000305 0.149164 300.000000 14.778325
34 0.000076 0.001020 100.000000 13.513514
34 0.000090 0.006656 200.000000 14.084507
34 0.000303 0.149178 300.000000 14.778325
35 0.000065 0.000653 100.000000 13.513514
35 0.000089 0.006247 200.000000 14.084507
35 0.000308 0.149275 300.000000 14.778325
36 0.000074 0.000761 100.000000 13.513514
36 0.000091 0.006612 200.000000 14.184397
36 0.000304 0.149296 300.000000 14.778325
37 0.000091 0.001121 100.000000 13.513514
37 0.000091 0.006381 200.000000 14.184397
37 0.000312 0.149378 300.000000 14.778325
38 0.000098 0.001640 100.000000 13.333333
38 0.000093 0.006681 200.000000 14.184397
38 0.000310 0.149440 300.000000 14.778325
39 0.000097 0.001394 100.000000 13.333333
39 0.000087 0.007210 200.000000 14.184397
39 0.000304 0.149378 300.000000 14.851485
40 0.000094 0.000974 100.000000 13.333333
40 0.000091 0.007605 200.000000 14.184397
40 0.000303 0.149368 300.000000 14.851485
41 0.000094 0.000693 100.000000 13.333333
41 0.000094 0.007935 200.000000 14.184397
41 0.000295 0.149403 300.000000 14.851485
42 0.000091 0.000886 100.000000 13.333333
42 0.000096 0.007683 200.000000 14.184397
42 0.000295 0.149475 300.000000 14.851485
43 0.000088 0.001263 100.000000 13.333333
43 0.000098 0.007384 200.000000 14.184397
43 0.000290 0.149618 300.000000 14.851485
44 0.000077 0.001545 100.000000 13.333333
44 0.000089 0.007533 200.000000 14.184397
44 0.000286 0.149699 300.000000 14.851485
45 0.000082 0.001502 100.000000 13.333333
45 0.000091 0.007945 200.000000 14.184397
45 0.000288 0.149695 300.000000 14.851485
46 0.000099 0.001564 100.000000 13.333333
46 0.000095 0.008461 200.000000 14.184397
46 0.000289 0.149692 300.000000 14.851485
47 0.000108 0.001339 100.000000 13.333333
47 0.000443 0.220480 200.000000 14.184397
47 0.000289 0.149696 300.000000 14.851485
48 0.000104 0.001585 100.000000 13.333333
48 0.000435 0.220511 200.000000 14.184397
48 0.000288 0.149767 300.000000 14.851485
49 0.000107 0.001708 100.000000 13.333333
49 0.000441 0.220544 200.000000 14.184397
49 0.000289 0.149784 300.000000 14.925373
50 0.000118 0.001914 100.000000 13.333333
50 0.000434 0.220545 200.000000 14.285714
50 0.000286 0.149823 300.000000 14.925373
51 0.000121 0.002128 100.000000 13.333333
51 0.000432 0.220589 200.000000 14.285714
51 0.000282 0.149917 300.000000 14.925373
52 0.000117 0.002420 100.000000 13.333333
52 0.000431 0.220621 200.000000 14.285714
52 0.000279 0.149975 300.000000 14.925373
53 0.000114 0.002460 100.000000 13.333333
53 0.000431 0.220669 200.000000 14.285714
53 0.000279 0.150161 300.000000 14.925373
54 0.000121 0.002818 100.000000 13.333333
54 0.000430 0.220695 200.000000 14.285714
54 0.000284 0.150247 300.000000 14.925373
55 0.000138 0.002272 100.000000 13.333333
55 0.000433 0.220737 200.000000 14.285714
55 0.000282 0.150344 300.000000 14.925373
56 0.000123 0.002042 100.000000 13.333333
56 0.000437 0.220806 200.000000 14.285714
56 0.000286 0.150636 300.000000 14.925373
57 0.000130 0.002379 100.000000 13.333333
57 0.000435 0.220845 200.000000 14.285714
57 0.000285 0.150613 300.000000 15.000000
58 0.000129 0.002243 100.000000 13.513514
58 0.000442 0.220891 200.000000 14.285714
58 0.000290 0.150678 300.000000 15.000000
59 0.000119 0.002123 100.000000 13.513514
59 0.000451 0.220944 200.000000 14.285714
59 0.000294 0.150859 300.000000 15.000000
60 0.000121 0.002164 100.000000 13.513514
60 0.000457 0.220982 200.000000 14.285714
60 0.000295 0.150904 300.000000 15.000000
61 0.000126 0.002039 100.000000 13.513514
61 0.000458 0.220970 200.000000 14.388489
61 0.000301 0.150945 300.000000 15.000000
62 0.000111 0.001917 100.000000 13.513514
62 0.000464 0.221106 200.000000 14.388489
62 0.000303 0.151227 300.000000 15.000000
63 0.000111 0.001742 100.000000 13.698630
63 0.000467 0.221099 200.000000 14.492754
63 0.000305 0.151319 300.000000 15.000000
64 0.000102 0.002100 100.000000 13.698630
64 0.000460 0.221238 200.000000 14.492754
64 0.000306 0.151430 300.000000 15.075377
65 0.000103 0.002257 100.000000 13.888889
65 0.000470 0.221278 200.000000 14.492754
65 0.000313 0.151496 300.000000 15.075377
66 0.000113 0.002266 100.000000 13.888889
66 0.000474 0.221400 200.000000 14.492754
66 0.000322 0.151660 300.000000 15.075377
67 0.000113 0.002108 100.000000 13.888889
67 0.000472 0.221378 200.000000 14.598540
67 0.000323 0.151692 300.000000 15.075377
68 0.000110 0.002097 100.000000 13.888889
68 0.000477 0.221472 200.000000 14.598540
69 0.000114 0.002381 100.000000 13.888889
69 0.000486 0.221516 200.000000 14.705882
70 0.000123 0.002354 100.000000 13.888889
70 0.000490 0.221514 200.000000 14.705882
71 0.000121 0.002723 100.000000 13.888889
71 0.000500 0.221690 200.000000 14.705882
72 0.000125 0.002465 100.000000 13.888889
72 0.000500 0.221748 200.000000 14.705882
73 0.000122 0.002449 100.000000 13.888889
73 0.000502 0.221835 200.000000 14.705882
74 0.000121 0.002798 100.000000 13.888889
74 0.000511 0.221982 200.000000 14.705882
75 0.000119 0.002734 100.000000 13.888889
75 0.000512 0.222019 200.000000 14.705882
76 0.000116 0.002439 100.000000 13.888889
76 0.000508 0.221960 200.000000 14.814815
77 0.000114 0.002492 100.000000 13.888889
77 0.000489 0.222030 200.000000 14.814815
78 0.000120 0.002432 100.000000 13.888889
78 0.000488 0.222120 200.000000 14.814815
79 0.000132 0.002811 100.000000 13.888889
79 0.000478 0.222127 200.000000 14.814815
80 0.000129 0.002871 100.000000 14.084507
80 0.000476 0.222265 200.000000 14.814815
81 0.000111 0.003061 100.000000 14.084507
81 0.000469 0.222354 200.000000 14.814815
82 0.000112 0.003276 100.000000 14.084507
82 0.000463 0.222291 200.000000 14.925373
83 0.000116 0.003375 100.000000 14.084507
83 0.000465 0.222366 200.000000 14.925373
84 0.000123 0.002921 100.000000 14.084507
84 0.000470 0.222464 200.000000 14.925373
85 0.000134 0.002981 100.000000 14.084507
85 0.000471 0.222523 200.000000 14.925373
86 0.000124 0.003762 100.000000 14.084507
86 0.000467 0.222576 200.000000 14.925373
87 0.000124 0.003778 100.000000 14.084507
87 0.000470 0.222634 200.000000 15.037594
88 0.000128 0.003894 100.000000 14.084507
88 0.000458 0.222695 200.000000 15.037594
89 0.000147 0.003409 100.000000 14.084507
89 0.000458 0.222784 200.000000 15.037594
90 0.000136 0.003834 100.000000 14.084507
90 0.000458 0.222922 200.000000 15.037594
91 0.000138 0.003753 100.000000 14.285714
91 0.000465 0.223082 200.000000 15.037594
92 0.000135 0.003370 100.000000 14.285714
92 0.000476 0.223212 200.000000 15.037594
93 0.000141 0.003455 100.000000 14.285714
93 0.000475 0.223142 200.000000 15.151515
94 0.000149 0.003225 100.000000 14.285714
94 0.000475 0.223256 200.000000 15.151515
95 0.000146 0.003767 100.000000 14.285714
95 0.000472 0.223297 200.000000 15.151515
96 0.000135 0.004027 100.000000 14.285714
96 0.000469 0.223358 200.000000 15.151515
97 0.000133 0.004012 100.000000 14.285714
97 0.000474 0.223482 200.000000 15.151515
98 0.000126 0.004370 100.000000 14.285714
98 0.000473 0.223602 200.000000 15.151515
99 0.000117 0.005507 100.000000 14.285714
99 0.000470 0.223498 200.000000 15.267176
100 0.000115 0.005981 100.000000 14.285714
100 0.000466 0.223611 200.000000 15.267176
101 0.000120 0.006830 100.000000 14.492754
101 0.000455 0.223559 200.000000 15.267176
102 0.000127 0.007344 100.000000 14.492754
102 0.000454 0.223587 200.000000 15.267176
103 0.000118 0.007305 100.000000 14.492754
103 0.000458 0.223773 200.000000 15.267176
104 0.000112 0.007291 100.000000 14.492754
104 0.000453 0.223989 200.000000 15.267176
105 0.000117 0.007349 100.000000 14.492754
105 0.000451 0.224086 200.000000 15.267176
106 0.000118 0.007971 100.000000 14.492754
106 0.000450 0.224016 200.000000 15.384615
107 0.000122 0.008352 100.000000 14.492754
107 0.000452 0.224078 200.000000 15.384615
108 0.000122 0.008527 100.000000 14.492754
108 0.000462 0.224191 200.000000 15.384615
109 0.000127 0.008954 100.000000 14.492754
109 0.000454 0.224283 200.000000 15.384615
110 0.000114 0.008632 100.000000 14.705882
110 0.000463 0.224482 200.000000 15.384615
111 0.000102 0.008034 100.000000 14.705882
111 0.000464 0.224737 200.000000 15.384615
112 0.000091 0.007929 100.000000 14.705882
112 0.000471 0.224858 200.000000 15.503876
113 0.000085 0.007000 100.000000 14.705882
113 0.000477 0.225098 200.000000 15.503876
114 0.000096 0.007832 100.000000 14.705882
114 0.000463 0.225078 200.000000 15.503876
115 0.000100 0.007471 100.000000 14.705882
115 0.000463 0.225216 200.000000 15.503876
116 0.000112 0.007549 100.000000 14.705882
116 0.000455 0.225391 200.000000 15.503876
117 0.000104 0.008085 100.000000 14.705882
117 0.000455 0.225476 200.000000 15.503876
118 0.000106 0.008082 100.000000 14.925373
118 0.000453 0.225441 200.000000 15.625000
119 0.000110 0.008044 100.000000 14.925373
119 0.000461 0.225560 200.000000 15.625000
120 0.000121 0.007265 100.000000 14.925373
120 0.000472 0.225852 200.000000 15.625000
121 0.000964 0.440542 100.000000 14.925373
121 0.000474 0.226045 200.000000 15.625000
122 0.000947 0.440660 100.000000 14.925373
122 0.000471 0.226115 200.000000 15.625000
123 0.000940 0.440773 100.000000 14.925373
123 0.000465 0.226291 200.000000 15.625000
124 0.000947 0.440918 100.000000 14.925373
124 0.000465 0.226633 200.000000 15.625000
125 0.000960 0.441009 100.000000 14.925373
125 0.000470 0.226714 200.000000 15.748032
126 0.000949 0.441128 100.000000 14.925373
126 0.000463 0.226833 200.000000 15.748032
127 0.000951 0.441159 100.000000 15.151515
127 0.000464 0.227107 200.000000 15.748032
128 0.000961 0.441248 100.000000 15.151515
128 0.000477 0.227309 200.000000 15.748032
129 0.000988 0.441260 100.000000 15.151515
129 0.000484 0.227721 200.000000 15.748032
130 0.000980 0.441398 100.000000 15.151515
130 0.000482 0.227864 200.000000 15.748032
131 0.000998 0.441665 100.000000 14.925373
131 0.000492 0.228093 200.000000 15.748032
132 0.000995 0.441771 100.000000 14.925373
132 0.000487 0.228234 200.000000 15.748032
133 0.001011 0.441904 100.000000 14.925373
133 0.000492 0.228410 200.000000 15.748032
134 0.001012 0.442216 100.000000 14.925373
134 0.000502 0.228606 200.000000 15.748032
135 0.001009 0.442225 100.000000 15.151515
135 0.000495 0.228980 200.000000 15.625000
136 0.000997 0.442605 100.000000 14.925373
136 0.000498 0.229058 200.000000 15.625000
137 0.000968 0.442816 100.000000 14.925373
137 0.000492 0.229051 200.000000 15.625000
138 0.000981 0.442847 100.000000 15.151515
138 0.000501 0.229371 200.000000 15.625000
139 0.000984 0.442979 100.000000 15.151515
140 0.000994 0.443049 100.000000 15.151515
141 0.000995 0.443283 100.000000 15.151515
142 0.000991 0.443486 100.000000 15.151515
143 0.000992 0.443488 100.000000 15.384615
144 0.000991 0.443634 100.000000 15.384615
145 0.001011 0.443924 100.000000 15.384615
146 0.001020 0.444075 100.000000 15.384615
147 0.000995 0.444265 100.000000 15.384615
148 0.000981 0.444472 100.000000 15.384615
149 0.000977 0.444694 100.000000 15.384615
150 0.000966 0.445009 100.000000 15.384615
151 0.000968 0.445208 100.000000 15.384615
152 0.000967 0.445430 100.000000 15.384615
153 0.000962 0.445667 100.000000 15.384615
154 0.000959 0.445640 100.000000 15.625000
155 0.000960 0.445864 100.000000 15.625000
156 0.000966 0.446086 100.000000 15.625000
157 0.000942 0.446339 100.000000 15.625000
158 0.000938 0.446528 100.000000 15.625000
159 0.000920 0.446706 100.000000 15.625000
160 0.000926 0.446961 100.000000 15.625000
161 0.000956 0.447210 100.000000 15.625000
162 0.000946 0.447491 100.000000 15.625000
163 0.000946 0.447731 100.000000 15.625000
164 0.000959 0.448054 100.000000 15.625000
165 0.000977 0.448139 100.000000 15.873015
166 0.000987 0.448397 100.000000 15.873015
167 0.000994 0.448689 100.000000 15.873015
168 0.000987 0.448879 100.000000 15.873015
169 0.000997 0.449103 100.000000 15.873015
170 0.000996 0.449384 100.000000 15.873015
171 0.001002 0.449677 100.000000 15.873015
172 0.000997 0.450059 100.000000 15.873015
173 0.001000 0.450413 100.000000 15.873015
174 0.001003 0.450739 100.000000 15.873015
175 0.001000 0.451027 100.000000 15.873015
176 0.000999 0.451368 100.000000 15.873015
177 0.001014 0.451742 100.000000 15.873015
178 0.000995 0.451964 100.000000 15.873015
179 0.001014 0.452253 100.000000 15.873015
180 0.000988 0.452589 100.000000 15.873015
181 0.000979 0.452844 100.000000 15.873015
182 0.000956 0.453246 100.000000 15.873015
183 0.000943 0.453430 100.000000 15.873015
184 0.000949 0.453655 100.000000 15.873015
185 0.000945 0.453639 100.000000 16.129032
186 0.000937 0.453840 100.000000 16.129032
187 0.000043 0.007964 100.000000 16.129032
188 0.000032 0.007248 100.000000 16.129032
189 0.000039 0.006883 100.000000 16.129032
190 0.000035 0.006754 100.000000 16.129032
191 0.000044 0.006825 100.000000 16.129032
192 0.000034 0.006396 100.000000 16.129032
193 0.000015 0.006599 100.000000 16.129032
194 0.000024 0.006228 100.000000 16.129032
195 0.000021 0.006126 100.000000 16.129032
196 0.000007 0.006329 100.000000 16.129032
197 0.000022 0.006294 100.000000 16.129032
198 0.000018 0.006696 100.000000 16.129032
199 0.000018 0.007277 100.000000 16.129032
200 0.000028 0.006919 100.000000 15.873015
201 0.000023 0.006438 100.000000 15.873015
202 0.000020 0.007360 100.000000 15.873015
