0 0.000015 0.005458 100.000000 25.641026
0 0.000030 0.003950 200.000000 21.739130
0 0.000014 0.004719 300.000000 22.222221
1 0.000018 0.004987 100.000000 25.641026
1 0.000038 0.003887 200.000000 21.739130
1 0.000015 0.004835 300.000000 22.058823
2 0.000018 0.005142 100.000000 25.641026
2 0.000037 0.004107 200.000000 21.739130
2 0.000018 0.004965 300.000000 22.058823
3 0.000013 0.004156 100.000000 25.641026
3 0.000030 0.003062 200.000000 21.739130
3 0.000018 0.003859 300.000000 22.222221
4 0.000015 0.003415 100.000000 25.641026
4 0.000026 0.002843 200.000000 21.739130
4 0.000024 0.003743 300.000000 22.222221
5 0.000020 0.003075 100.000000 25.641026
5 0.000027 0.002420 200.000000 21.978022
5 0.000025 0.003314 300.000000 22.222221
6 0.000021 0.002536 100.000000 25.000000
6 0.000021 0.002002 200.000000 21.978022
6 0.000022 0.002731 300.000000 22.222221
7 0.000022 0.002233 100.000000 25.000000
7 0.000019 0.002094 200.000000 21.978022
7 0.000020 0.002626 300.000000 22.222221
8 0.000020 0.002062 100.000000 24.390244
8 0.000023 0.001929 200.000000 21.978022
8 0.000021 0.002332 300.000000 22.222221
9 0.000025 0.001831 100.000000 23.809525
9 0.000021 0.001402 200.000000 21.978022
9 0.000020 0.001686 300.000000 22.388060
10 0.000024 0.000678 100.000000 23.255814
10 0.000017 0.001703 200.000000 21.978022
10 0.000019 0.002230 300.000000 22.388060
11 0.000033 0.000602 100.000000 22.727272
11 0.000021 0.001906 200.000000 21.978022
11 0.000024 0.002340 300.000000 22.388060
12 0.000037 0.000873 100.000000 22.222221
12 0.000021 0.002542 200.000000 21.978022
12 0.000020 0.003083 300.000000 22.388060
13 0.000030 0.000957 100.000000 22.222221
13 0.000020 0.002502 200.000000 22.222221
13 0.000020 0.003077 300.000000 22.556391
14 0.000018 0.001159 100.000000 21.739130
14 0.000016 0.002757 200.000000 22.222221
14 0.000018 0.003336 300.000000 22.556391
15 0.000029 0.000726 100.000000 21.276596
15 0.000017 0.002360 200.000000 22.222221
15 0.000024 0.003069 300.000000 22.388060
16 0.000030 0.001468 100.000000 20.833334
16 0.000020 0.002832 200.000000 22.222221
16 0.000026 0.003543 300.000000 22.556391
17 0.000037 0.001736 100.000000 20.833334
17 0.000020 0.002587 200.000000 22.222221
17 0.000024 0.003348 300.000000 22.388060
18 0.000035 0.002183 100.000000 20.833334
18 0.000015 0.002863 200.000000 22.222221
18 0.000027 0.003757 300.000000 22.222221
19 0.000032 0.002722 100.000000 20.833334
19 0.000010 0.002979 200.000000 22.222221
19 0.000026 0.003862 300.000000 22.222221
20 0.000034 0.002901 100.000000 20.833334
20 0.000012 0.002301 200.000000 22.222221
20 0.000026 0.003163 300.000000 22.388060
21 0.000048 0.002837 100.000000 20.833334
21 0.000013 0.002140 200.000000 21.978022
21 0.000027 0.002926 300.000000 22.388060
22 0.000043 0.003004 100.000000 20.833334
22 0.000015 0.002471 200.000000 21.978022
22 0.000032 0.003246 300.000000 22.222221
23 0.000041 0.003157 100.000000 20.833334
23 0.000016 0.002444 200.000000 21.978022
23 0.000030 0.003211 300.000000 22.222221
24 0.000064 0.002381 100.000000 20.408163
24 0.000028 0.003274 200.000000 21.739130
24 0.000034 0.003724 300.000000 22.222221
25 0.000061 0.002631 100.000000 20.408163
25 0.000018 0.003459 200.000000 21.739130
25 0.000038 0.003913 300.000000 22.222221
26 0.000053 0.002677 100.000000 20.408163
26 0.000015 0.003411 200.000000 21.739130
26 0.000035 0.003768 300.000000 22.222221
27 0.000054 0.002466 100.000000 20.000000
27 0.000015 0.003051 200.000000 21.739130
27 0.000035 0.003323 300.000000 22.222221
28 0.000047 0.002286 100.000000 19.607843
28 0.000015 0.003129 200.000000 21.505377
28 0.000033 0.003217 300.000000 22.058823
29 0.000047 0.001969 100.000000 19.607843
29 0.000016 0.003121 200.000000 21.505377
29 0.000034 0.003171 300.000000 22.058823
30 0.000047 0.002282 100.000000 19.607843
30 0.000019 0.003532 200.000000 21.505377
30 0.000036 0.003572 300.000000 22.222221
31 0.000051 0.002075 100.000000 19.607843
31 0.000023 0.003408 200.000000 21.276596
31 0.000034 0.003426 300.000000 22.222221
32 0.000061 0.002120 100.000000 19.230770
32 0.000024 0.003645 200.000000 21.276596
32 0.000039 0.003463 300.000000 22.058823
33 0.000073 0.002150 100.000000 18.867924
33 0.000025 0.003987 200.000000 21.052631
33 0.000045 0.003688 300.000000 21.897810
34 0.000067 0.002553 100.000000 18.518518
34 0.000025 0.004490 200.000000 20.833334
34 0.000048 0.004127 300.000000 21.897810
35 0.000071 0.002753 100.000000 18.518518
35 0.000026 0.004388 200.000000 20.618557
36 0.000070 0.002923 100.000000 18.518518
36 0.000022 0.004417 200.000000 20.618557
37 0.000058 0.003063 100.000000 18.518518
37 0.000020 0.004117 200.000000 20.408163
38 0.000055 0.003373 100.000000 18.518518
38 0.000023 0.004105 200.000000 20.408163
39 0.000077 0.003902 100.000000 18.518518
39 0.000026 0.004609 200.000000 20.408163
40 0.000069 0.003670 100.000000 18.518518
40 0.000027 0.004329 200.000000 20.408163
41 0.000055 0.004113 100.000000 18.518518
41 0.000030 0.004945 200.000000 20.408163
42 0.000048 0.004269 100.000000 18.518518
42 0.000032 0.005119 200.000000 20.408163
43 0.000033 0.004478 100.000000 18.518518
43 0.000027 0.005013 200.000000 20.618557
44 0.000037 0.004078 100.000000 18.867924
44 0.000028 0.004745 200.000000 20.618557
45 0.000023 0.004540 100.000000 18.867924
45 0.000021 0.004745 200.000000 20.618557
46 0.000028 0.004969 100.000000 18.867924
46 0.000022 0.004926 200.000000 20.833334
47 0.000031 0.004857 100.000000 19.230770
47 0.000024 0.004844 200.000000 21.052631
48 0.000035 0.004938 100.000000 19.230770
48 0.000024 0.004901 200.000000 21.052631
49 0.000041 0.005036 100.000000 19.607843
49 0.000026 0.005084 200.000000 21.276596
50 0.000022 0.004599 100.000000 20.000000
50 0.000025 0.004728 200.000000 21.276596
51 0.000032 0.004793 100.000000 20.000000
51 0.000027 0.004883 200.000000 21.505377
52 0.000015 0.004471 100.000000 20.408163
52 0.000019 0.004513 200.000000 21.739130
53 0.000016 0.004336 100.000000 20.408163
53 0.000022 0.004294 200.000000 21.739130
54 0.000007 0.004795 100.000000 20.833334
54 0.000020 0.004749 200.000000 21.978022
55 0.000014 0.004555 100.000000 20.833334
55 0.000016 0.004603 200.000000 21.978022
56 0.000010 0.004777 100.000000 21.276596
56 0.000015 0.004835 200.000000 22.222221
57 0.000015 0.004918 100.000000 21.276596
57 0.000015 0.004828 200.000000 22.222221
58 0.000016 0.004934 100.000000 21.739130
58 0.000013 0.004872 200.000000 22.471910
59 0.000012 0.005703 100.000000 21.739130
59 0.000017 0.005466 200.000000 22.727272
60 0.000008 0.005776 100.000000 22.222221
60 0.000019 0.005582 200.000000 22.727272
61 0.000007 0.005840 100.000000 22.727272
61 0.000022 0.005845 200.000000 22.727272
62 0.000017 0.006033 100.000000 22.727272
62 0.000024 0.005842 200.000000 22.988506
63 0.000017 0.006231 100.000000 22.727272
63 0.000023 0.005999 200.000000 22.727272
64 0.000021 0.006074 100.000000 22.727272
64 0.000023 0.005630 200.000000 22.727272
65 0.000029 0.005930 100.000000 22.727272
65 0.000026 0.005531 200.000000 22.727272
66 0.000027 0.005662 100.000000 23.255814
66 0.000028 0.005228 200.000000 22.727272
67 0.000032 0.005508 100.000000 22.727272
67 0.000028 0.004888 200.000000 22.727272
68 0.000045 0.004598 100.000000 22.222221
68 0.000027 0.004229 200.000000 22.727272
69 0.000030 0.004468 100.000000 22.222221
69 0.000031 0.004206 200.000000 22.471910
70 0.000029 0.004346 100.000000 22.727272
70 0.000033 0.004347 200.000000 22.727272
71 0.000036 0.004109 100.000000 22.727272
71 0.000030 0.004035 200.000000 22.727272
72 0.000043 0.004622 100.000000 22.222221
72 0.000030 0.004138 200.000000 22.727272
73 0.000034 0.004648 100.000000 22.727272
73 0.000031 0.004286 200.000000 22.727272
74 0.000036 0.004847 100.000000 22.727272
74 0.000030 0.004324 200.000000 22.988506
75 0.000047 0.004672 100.000000 22.727272
75 0.000027 0.004119 200.000000 22.988506
76 0.000047 0.004346 100.000000 23.255814
76 0.000029 0.003837 200.000000 23.255814
77 0.000043 0.004690 100.000000 23.255814
77 0.000025 0.004421 200.000000 23.255814
78 0.000049 0.004762 100.000000 23.255814
78 0.000028 0.004157 200.000000 23.255814
79 0.000042 0.005266 100.000000 23.255814
79 0.000029 0.004644 200.000000 23.255814
80 0.000034 0.005292 100.000000 23.255814
80 0.000031 0.004508 200.000000 23.255814
81 0.000027 0.005198 100.000000 22.727272
81 0.000030 0.004441 200.000000 23.529411
82 0.000035 0.005232 100.000000 22.727272
82 0.000034 0.004138 200.000000 23.529411
83 0.000039 0.005643 100.000000 22.727272
83 0.000032 0.004555 200.000000 23.529411
84 0.000047 0.005196 100.000000 23.255814
84 0.000032 0.004136 200.000000 23.529411
85 0.000046 0.005419 100.000000 23.255814
85 0.000034 0.004357 200.000000 23.529411
86 0.000047 0.005403 100.000000 23.255814
86 0.000041 0.004308 200.000000 23.529411
87 0.000042 0.005531 100.000000 23.255814
87 0.000042 0.004320 200.000000 23.809525
88 0.000042 0.005055 100.000000 22.727272
89 0.000050 0.005214 100.000000 22.222221
90 0.000048 0.005207 100.000000 22.222221
91 0.000054 0.004058 100.000000 22.222221
92 0.000060 0.004844 100.000000 22.222221
93 0.000050 0.004693 100.000000 22.222221
94 0.000030 0.005071 100.000000 22.222221
95 0.000034 0.005316 100.000000 22.222221
96 0.000030 0.005507 100.000000 22.222221
97 0.000025 0.006318 100.000000 22.222221
98 0.000021 0.005610 100.000000 22.222221
99 0.000028 0.006042 100.000000 22.222221
100 0.000033 0.006221 100.000000 22.222221
101 0.000022 0.006044 100.000000 22.222221
102 0.000022 0.006056 100.000000 22.727272
103 0.000021 0.006071 100.000000 22.727272
104 0.000040 0.006678 100.000000 22.222221
105 0.000041 0.006470 100.000000 22.222221
106 0.000044 0.006230 100.000000 21.739130
107 0.000056 0.006615 100.000000 21.739130
108 0.000064 0.007041 100.000000 21.739130
109 0.000079 0.007115 100.000000 21.739130
110 0.000070 0.006933 100.000000 22.222221
111 0.000072 0.006968 100.000000 22.222221
112 0.000071 0.007439 100.000000 21.739130
113 0.000063 0.006876 100.000000 22.222221
114 0.000064 0.006945 100.000000 22.222221
115 0.000051 0.007652 100.000000 22.727272
116 0.000077 0.006803 100.000000 22.222221
117 0.000079 0.006721 100.000000 22.222221
118 0.000081 0.006327 100.000000 22.727272
119 0.000080 0.006452 100.000000 22.727272
120 0.000085 0.006420 100.000000 22.727272
121 0.000082 0.006315 100.000000 22.727272
122 0.000067 0.006394 100.000000 22.727272
123 0.000074 0.006256 100.000000 23.255814
124 0.000063 0.006121 100.000000 23.255814
125 0.000077 0.006162 100.000000 23.255814
126 0.000085 0.006226 100.000000 23.255814
127 0.000095 0.005825 100.000000 23.255814
128 0.000108 0.005699 100.000000 23.255814
129 0.000096 0.006156 100.000000 23.255814
