0.000000 0.000000 0.000000 0.000000
-0.083626 7.152770 0.258602 7.086870
-0.167141 14.303500 -0.272752 14.257300
-0.253156 21.464700 -0.283349 21.430600
-0.367798 28.637100 -0.257139 28.579800
-0.562741 38.206900 -0.350064 38.101600
-0.735861 45.395600 -0.562043 45.334800
-0.859463 52.605800 -0.690557 52.564400
-0.981436 59.838600 -1.013010 59.925400
-1.129540 67.047600 -1.184120 67.128100
-1.292840 74.187500 -1.476780 74.317900
-1.337950 78.894600 -1.605080 79.030800
-1.323870 83.558000 -1.669480 83.695300
-1.247130 88.183800 -1.711050 88.318900
-1.101750 92.791300 -1.605510 92.913000
-0.782045 99.739700 -1.346620 99.845100
-0.329075 110.492000 -1.053790 110.586000
-0.232571 117.812000 -1.087050 117.886000
-0.316815 126.470000 -1.394420 126.525000
-0.457056 137.790000 -1.676430 137.893000
-0.568107 145.424000 -1.940160 145.521000
-0.684175 154.288000 -2.177260 154.321000
-0.844849 164.390000 -2.507780 164.423000
-1.111970 177.026000 -3.067110 177.062000
-1.280270 184.593000 -3.360740 184.624000
-1.456920 192.070000 -3.688500 192.080000
-1.577340 199.411000 -3.957160 199.391000
-1.663160 208.852000 -4.226670 208.831000
-1.744180 216.448000 -4.503680 216.394000
-1.871600 222.403000 -5.484890 222.174000
-2.076060 227.589000 -5.607600 227.361000
-2.278810 232.116000 -5.719740 231.881000
-2.414710 235.702000 -5.813740 235.413000
-2.511950 239.888000 -5.882370 239.607000
-2.545600 244.059000 -5.866010 243.782000
-2.543730 246.908000 -5.795430 246.613000
-2.540940 249.857000 -5.738880 249.526000
-2.522830 254.511000 -5.618430 254.161000
-2.401830 260.269000 -5.165910 259.589000
-2.120600 266.989000 -4.798270 266.868000
-1.829450 272.089000 -4.526470 272.137000
-1.585580 277.204000 -4.497000 277.716000
-1.431890 282.203000 -4.579550 282.742000
-1.423420 286.744000 -4.755950 287.239000
-1.597160 290.628000 -5.234310 291.090000
-2.949050 295.902000 -6.822980 296.286000
-5.270320 298.869000 -9.266380 299.183000
-7.620090 300.062000 -11.236200 300.595000
-10.136000 300.271000 -13.764700 300.719000
-13.310900 299.143000 -16.922900 299.455000
-16.470600 296.401000 -19.839300 296.474000
-18.872000 292.636000 -22.174500 292.651000
-20.381800 288.505000 -23.389900 288.372000
-21.383600 280.311000 -23.951200 280.118000
-21.001900 273.207000 -23.117400 273.079000
-20.156300 262.848000 -21.703800 262.791000
-19.796700 256.170000 -20.949200 256.152000
-19.590300 248.064000 -20.349000 248.144000
-19.503200 239.839000 -19.740300 240.056000
-19.381300 230.091000 -19.201500 230.328000
-19.265300 223.034000 -18.846300 223.360000
-19.114900 214.452000 -18.331900 214.789000
-19.022100 210.124000 -18.014000 210.471000
-18.864800 202.832000 -17.485700 203.229000
-18.697200 194.056000 -16.928200 194.491000
-18.576900 185.352000 -16.381100 185.819000
-18.510700 176.751000 -16.037000 177.256000
-18.551700 168.447000 -15.612300 169.046000
-18.700400 158.493000 -15.116000 159.176000
-18.792400 152.087000 -14.777100 152.820000
-18.862800 145.754000 -14.451000 146.562000
-18.935100 138.044000 -14.002000 138.892000
-19.007400 131.060000 -13.751900 131.912000
-19.040900 126.090000 -13.291100 127.146000
-19.007900 121.337000 -12.916000 122.424000
-18.881600 115.984000 -12.510400 117.095000
-18.592700 110.010000 -11.926300 111.155000
-18.256800 104.562000 -11.356700 105.723000
-17.825000 97.447800 -10.695900 98.697900
-17.410000 89.774800 -9.869580 91.222400
-17.048300 80.126500 -9.130030 81.821000
-16.844900 71.334500 -8.488910 73.089400
-16.723700 62.522500 -7.979900 64.377200
-16.622900 53.735200 -7.520220 55.717000
-16.478200 45.013800 -7.015870 47.028200
-16.332500 36.396800 -6.482430 38.421700
-16.212800 27.867600 -5.932860 29.950000
-16.100400 19.472500 -5.268740 21.675400
-15.999900 11.221500 -4.726200 13.465800
-15.925900 3.038920 -4.260010 5.245740
-15.823200 -5.192330 -3.773050 -2.940820
-15.722300 -13.547500 -3.344570 -11.262300
-15.629900 -22.003900 -2.856700 -19.699300
-15.536800 -30.547800 -2.355770 -28.175300
-15.444100 -39.082200 -1.990940 -36.732800
-15.317100 -48.944000 -1.581410 -46.659100
-15.199500 -57.352100 -1.178390 -55.056700
-15.113400 -65.750700 -0.784491 -63.434000
-15.053800 -74.095300 -0.468857 -71.782400
-14.959600 -82.317300 -0.208354 -80.015700
-14.856600 -90.408000 0.154738 -88.031900
-14.787000 -97.045500 0.417024 -94.656800
-14.744100 -103.593000 0.658486 -101.185000
-14.725600 -111.329000 0.989032 -108.851000
-14.712800 -118.924000 1.172580 -116.445000
-14.698500 -127.485000 1.528580 -125.305000
-14.743100 -135.514000 1.729840 -133.314000
-14.797400 -142.556000 1.704040 -140.357000
-14.754600 -147.499000 2.155240 -145.252000
-12.777200 -153.874000 4.428920 -151.395000
-7.699410 -156.663000 9.371850 -154.338000
-4.305430 -156.024000 12.787300 -153.812000
-0.551078 -152.632000 16.452300 -150.600000
1.265050 -146.567000 17.788600 -144.362000
1.468740 -141.387000 17.694400 -139.257000
1.505410 -135.474000 17.450300 -133.260000
1.458440 -126.576000 16.886700 -124.196000
1.402660 -115.348000 16.813200 -113.136000
1.259620 -104.368000 15.865300 -102.514000
1.089270 -95.515700 15.299000 -93.630000
0.961647 -87.973200 14.799700 -86.464500
0.852047 -78.942400 14.412200 -77.689400
0.725241 -66.971300 13.342600 -65.768300
0.557118 -55.160600 12.316400 -53.656300
0.333567 -44.968400 11.413300 -43.449200
0.254373 -40.636600 11.065200 -39.167100
0.097461 -30.614000 10.522100 -29.222900
0.037209 -22.139900 9.990240 -20.865300
0.015281 -11.027400 9.215830 -9.929630
-0.072897 -0.090700 8.462470 1.297040
-0.160177 8.059830 7.694710 9.400790
-0.248220 16.180900 7.060260 17.370600
-0.323376 24.273100 6.352050 25.541200
-0.427007 33.606500 5.391640 34.777600
-0.534623 44.076000 4.447120 45.106900
-0.702063 53.087200 3.937410 53.970600
-0.895091 60.694600 2.790800 61.631100
-1.107410 68.191400 2.055720 69.022100
-1.293460 74.341100 1.338430 75.132300
-1.392300 80.159900 0.757103 80.937100
-1.406570 83.461900 0.431236 84.223800
-1.391330 87.836500 0.108199 88.584200
-1.348850 94.282100 -0.420221 94.882800
-1.397410 100.636000 -1.013260 101.202000
-1.748770 108.251000 -2.011930 108.756000
-1.913210 118.508000 -3.089620 118.968000
-1.374920 129.386000 -3.543440 129.852000
-0.860070 139.749000 -3.942860 140.199000
-0.831134 149.366000 -4.816560 149.765000
-0.950588 157.949000 -5.686950 158.305000
-1.225580 169.454000 -6.974190 169.728000
-1.453390 179.425000 -8.078350 179.611000
-1.576110 187.848000 -8.933040 187.987000
-1.645540 196.151000 -9.749720 196.231000
-1.727570 205.669000 -10.778900 205.695000
-1.802730 214.967000 -11.735700 214.805000
-1.895170 222.285000 -12.743500 221.702000
-2.040150 227.603000 -13.435500 226.958000
-2.243670 232.933000 -13.941300 232.276000
-2.406340 237.576000 -14.425900 236.856000
-2.471120 242.113000 -14.811400 241.382000
-2.494730 246.562000 -15.107300 245.806000
-2.508500 250.367000 -15.195800 249.409000
-2.491980 255.099000 -15.461200 254.047000
-2.398100 260.007000 -15.497900 258.913000
-2.248880 265.167000 -15.872900 264.041000
-2.039860 270.644000 -16.108900 269.526000
-1.886300 276.256000 -16.413800 275.169000
-1.829540 281.828000 -17.575000 280.556000
-1.821290 286.356000 -18.123400 284.942000
-1.843830 291.366000 -19.341800 289.595000
-1.817940 297.031000 -19.823600 295.238000
