0.000000 0.000000 0.000000 0.000000
-0.111499 9.536760 -0.000308 9.557300
-0.237295 20.270200 -0.058501 20.289300
-0.411276 31.027900 -0.158344 31.032600
-0.590462 39.405500 -0.336715 39.422400
-0.805020 49.004500 -0.465853 49.028200
-0.956215 58.632600 -0.600421 58.664400
-1.157680 68.241100 -0.770495 68.259300
-1.320140 76.540800 -0.872766 76.558600
-1.323870 83.558000 -0.844372 83.581000
-1.101750 92.791300 -0.578528 92.811500
-0.607718 103.279000 -0.132350 103.307000
-0.253779 114.142000 0.270195 114.141000
-0.269679 122.742000 0.235691 122.729000
-0.397623 132.733000 0.125731 132.725000
-0.531657 142.880000 0.020587 142.867000
-0.684175 154.288000 -0.096607 154.276000
-0.867607 165.652000 -0.194153 165.651000
-1.111970 177.026000 -0.401391 177.029000
-1.342770 187.092000 -0.625922 187.087000
-1.525430 195.761000 -0.756023 195.752000
-1.649070 206.553000 -0.839983 206.539000
-1.744180 216.448000 -0.923383 216.429000
-1.963230 225.093000 -1.126120 225.070000
-2.278810 232.116000 -1.457330 232.089000
-2.501540 239.200000 -1.701180 239.170000
-2.546620 245.471000 -1.784920 245.445000
-2.535400 250.610000 -1.791640 250.582000
-2.495850 256.930000 -1.749000 256.899000
-2.282740 263.621000 -1.474240 263.581000
-1.923830 270.382000 -1.115030 270.363000
-1.585580 277.204000 -0.784382 277.192000
-1.411250 284.555000 -0.667026 284.567000
-1.597160 290.628000 -0.853226 290.632000
-2.739390 295.467000 -1.959560 295.450000
-5.635580 299.167000 -4.964020 299.062000
-9.270290 300.329000 -8.605310 300.177000
-13.310900 299.143000 -12.677200 299.136000
-17.322400 295.284000 -16.640100 295.247000
-20.381800 288.505000 -19.775100 288.496000
-21.383600 280.311000 -20.874000 280.322000
-20.776800 270.705000 -20.436400 270.709000
-20.070900 261.517000 -19.804300 261.508000
-19.613700 249.416000 -19.488600 249.379000
-19.493200 238.458000 -19.417400 238.446000
-19.309400 225.871000 -19.324100 225.864000
-19.114900 214.452000 -19.233200 214.444000
-18.927900 205.758000 -19.148000 205.718000
-18.723600 195.515000 -19.036100 195.492000
-18.560500 183.909000 -18.943200 183.860000
-18.510200 175.337000 -18.985400 175.318000
-18.568100 167.126000 -19.125800 167.115000
-18.700400 158.493000 -19.275000 158.493000
-18.804400 151.111000 -19.385200 151.102000
-18.882400 144.104000 -19.501500 144.101000
-18.954600 136.621000 -19.635200 136.624000
-19.029800 128.995000 -19.894600 129.003000
-19.017400 122.172000 -19.901400 122.216000
-18.807400 114.057000 -19.743200 114.117000
-18.256800 104.562000 -19.195800 104.649000
-17.612700 93.677500 -18.612400 93.763700
-17.188300 84.351700 -18.325700 84.443900
-16.938900 75.757500 -18.179700 75.867700
-16.760200 65.456900 -18.033800 65.624900
-16.660700 56.651000 -18.012000 56.860400
-16.531500 47.911400 -17.896500 48.113900
-16.380000 39.261800 -17.809500 39.460500
-16.246100 30.707800 -17.745100 30.907700
-16.134100 22.248400 -17.666200 22.445000
-16.040400 13.962300 -17.566600 14.137700
-15.938800 4.400320 -17.518500 4.587380
-15.823200 -5.192330 -17.509200 -5.000700
-15.705800 -14.951000 -17.433800 -14.758400
-15.617800 -23.424400 -17.368500 -23.245100
-15.507700 -33.396100 -17.346200 -33.207100
-15.409300 -41.913900 -17.260900 -41.731900
-15.297200 -50.346600 -17.184800 -50.159400
-15.184100 -58.751400 -17.119500 -58.568700
-15.101200 -67.146500 -17.086400 -66.969300
-15.030800 -76.856400 -17.040600 -76.675300
-14.908200 -86.384000 -16.992000 -86.202100
-14.810800 -94.400400 -16.918900 -94.228600
-14.744100 -103.593000 -16.908100 -103.415000
-14.721500 -113.877000 -16.948000 -113.733000
-14.702900 -122.645000 -16.985400 -122.503000
-14.706100 -129.845000 -17.074100 -129.698000
-14.746200 -136.594000 -17.160700 -136.442000
-14.797400 -142.556000 -17.276200 -142.398000
-14.599300 -148.926000 -17.145900 -148.756000
-12.777200 -153.874000 -15.255100 -153.644000
-9.567120 -156.278000 -12.051700 -156.047000
-4.779010 -156.244000 -7.233820 -156.061000
-0.898358 -153.141000 -3.228660 -153.127000
1.163230 -147.348000 -1.092890 -147.346000
1.479970 -139.492000 -0.566918 -139.512000
1.498560 -131.160000 -0.381369 -131.191000
1.413180 -120.492000 -0.289793 -120.534000
1.351800 -109.973000 -0.028109 -110.024000
1.115540 -97.026000 0.024760 -97.083800
0.939998 -86.466900 0.104332 -86.486100
0.825573 -75.934400 0.296071 -75.975100
0.710763 -65.489100 0.441226 -65.521900
0.490709 -52.236700 0.585766 -52.257800
0.280628 -42.079100 0.618836 -42.095100
0.097461 -30.614000 0.676381 -30.635500
0.026697 -17.943700 0.941693 -17.973200
-0.020445 -5.548030 1.200890 -5.578330
-0.131883 5.344100 1.368150 5.302710
-0.235533 14.830300 1.497750 14.775800
-0.338072 25.613500 1.635180 25.558300
-0.451537 36.243400 1.787830 36.192000
-0.578258 46.670100 1.927770 46.606900
-0.794281 56.901600 2.001600 56.857600
-1.068650 66.953700 1.971150 66.894200
-1.293460 74.341100 1.963890 74.276800
-1.407270 82.366800 1.994720 82.319700
-1.380200 89.998100 2.155710 89.944400
-1.375060 99.570100 2.314390 99.492600
-1.806040 109.362000 2.100000 109.287000
-1.876270 119.684000 2.311660 119.588000
-1.292610 130.641000 3.202840 130.529000
-0.816625 142.451000 3.923620 142.308000
-0.881861 153.630000 4.151900 153.479000
-1.075630 163.709000 4.234620 163.560000
-1.333190 173.747000 4.229250 173.600000
-1.559210 186.456000 4.251850 186.316000
-1.645540 196.151000 4.390180 195.977000
-1.737780 207.012000 4.442570 206.832000
-1.842510 218.743000 4.550920 218.565000
-2.073780 228.574000 4.427650 228.383000
-2.372560 236.037000 4.215200 235.850000
-2.481230 243.601000 4.264140 243.410000
-2.503090 248.833000 4.436120 248.637000
-2.507120 253.509000 4.533300 253.301000
-2.379400 260.844000 4.818520 260.646000
-2.144560 267.869000 5.085770 267.672000
-1.903310 275.322000 5.462680 275.117000
-1.829540 281.828000 5.657270 281.620000
-1.824660 287.216000 5.777300 286.990000
-1.844050 292.186000 5.843850 291.956000
-1.809520 299.423000 6.056610 299.190000
