0 0.000027 0.003990 100.000000 26.315790
0 0.000061 0.005827 200.000000 27.027027
0 0.000025 0.007888 300.000000 28.037384
1 0.000026 0.003730 100.000000 26.315790
1 0.000064 0.005931 200.000000 27.027027
1 0.000026 0.007912 300.000000 28.037384
2 0.000027 0.003327 100.000000 26.315790
2 0.000058 0.005686 200.000000 27.027027
2 0.000024 0.007738 300.000000 28.037384
3 0.000039 0.002962 100.000000 26.315790
3 0.000054 0.005521 200.000000 27.027027
3 0.000023 0.007480 300.000000 28.037384
4 0.000041 0.002127 100.000000 26.315790
4 0.000051 0.005335 200.000000 27.027027
4 0.000026 0.007148 300.000000 28.037384
5 0.000081 0.003141 100.000000 26.315790
5 0.000061 0.006795 200.000000 27.027027
5 0.000028 0.008462 300.000000 28.037384
6 0.000087 0.002737 100.000000 26.315790
6 0.000060 0.006467 200.000000 27.027027
6 0.000029 0.008055 300.000000 28.301888
7 0.000088 0.001968 100.000000 26.315790
7 0.000053 0.006055 200.000000 27.027027
7 0.000030 0.007604 300.000000 28.301888
8 0.000078 0.001857 100.000000 26.315790
8 0.000054 0.006117 200.000000 27.027027
8 0.000027 0.007680 300.000000 28.301888
9 0.000091 0.001302 100.000000 26.315790
9 0.000051 0.005678 200.000000 27.027027
9 0.000032 0.007270 300.000000 28.301888
10 0.000090 0.000573 100.000000 26.315790
10 0.000049 0.005247 200.000000 27.027027
10 0.000028 0.006981 300.000000 28.301888
11 0.000097 0.000721 100.000000 26.315790
11 0.000056 0.005378 200.000000 27.397261
11 0.000025 0.007148 300.000000 28.301888
12 0.000106 0.001215 100.000000 26.315790
12 0.000069 0.005946 200.000000 27.397261
12 0.000022 0.007677 300.000000 28.571428
13 0.000093 0.000364 100.000000 26.315790
13 0.000071 0.005141 200.000000 27.397261
13 0.000025 0.006907 300.000000 28.571428
14 0.000097 0.001066 100.000000 26.315790
14 0.000070 0.005132 200.000000 27.397261
14 0.000022 0.006933 300.000000 28.571428
15 0.000088 0.001803 100.000000 26.315790
15 0.000062 0.004700 200.000000 27.397261
15 0.000028 0.006442 300.000000 28.571428
16 0.000099 0.002043 100.000000 26.315790
16 0.000058 0.004950 200.000000 27.397261
16 0.000023 0.006636 300.000000 28.571428
17 0.000110 0.001684 100.000000 26.315790
17 0.000062 0.005233 200.000000 27.397261
17 0.000026 0.006785 300.000000 28.571428
18 0.000105 0.001787 100.000000 26.315790
18 0.000064 0.005587 200.000000 27.397261
18 0.000026 0.007111 300.000000 28.571428
19 0.000134 0.001452 100.000000 26.315790
19 0.000079 0.006500 200.000000 27.397261
19 0.000025 0.007976 300.000000 28.571428
20 0.000144 0.001597 100.000000 26.315790
20 0.000077 0.006858 200.000000 27.397261
20 0.000025 0.008109 300.000000 28.846153
21 0.000148 0.001590 100.000000 26.315790
21 0.000082 0.007309 200.000000 27.397261
21 0.000028 0.008447 300.000000 28.846153
22 0.000146 0.002139 100.000000 26.315790
22 0.000079 0.007892 200.000000 27.397261
22 0.000030 0.008834 300.000000 28.846153
23 0.000142 0.002209 100.000000 26.315790
23 0.000085 0.008078 200.000000 27.397261
23 0.000033 0.008983 300.000000 28.846153
24 0.000182 0.002296 100.000000 26.315790
24 0.000082 0.008139 200.000000 27.397261
24 0.000035 0.008880 300.000000 28.846153
25 0.000187 0.003183 100.000000 26.315790
25 0.000078 0.008046 200.000000 27.777779
25 0.000035 0.008928 300.000000 28.846153
26 0.000178 0.003305 100.000000 26.315790
26 0.000076 0.007802 200.000000 27.777779
26 0.000033 0.008560 300.000000 28.846153
27 0.000186 0.003554 100.000000 26.315790
27 0.000064 0.008008 200.000000 27.777779
27 0.000032 0.008801 300.000000 28.846153
28 0.000163 0.002827 100.000000 26.315790
28 0.000046 0.007469 200.000000 27.777779
28 0.000036 0.007979 300.000000 28.846153
29 0.000155 0.003206 100.000000 26.315790
29 0.000043 0.007722 200.000000 27.777779
29 0.000034 0.007825 300.000000 29.126213
30 0.000160 0.003601 100.000000 26.315790
30 0.000027 0.008059 200.000000 27.777779
30 0.000034 0.007855 300.000000 29.126213
31 0.000180 0.004558 100.000000 26.315790
31 0.000034 0.008257 200.000000 27.777779
31 0.000033 0.008084 300.000000 29.126213
32 0.000172 0.004895 100.000000 26.315790
32 0.000030 0.008418 200.000000 27.777779
32 0.000036 0.008170 300.000000 29.126213
33 0.000172 0.006475 100.000000 26.315790
33 0.000032 0.009326 200.000000 27.777779
33 0.000040 0.009157 300.000000 29.126213
34 0.000171 0.006663 100.000000 26.315790
34 0.000032 0.009376 200.000000 27.777779
35 0.000149 0.007143 100.000000 26.315790
35 0.000033 0.009419 200.000000 28.169014
36 0.000134 0.007399 100.000000 26.315790
36 0.000033 0.009586 200.000000 28.169014
37 0.000112 0.006133 100.000000 26.315790
37 0.000027 0.007580 200.000000 28.169014
38 0.000105 0.006774 100.000000 26.315790
38 0.000028 0.008299 200.000000 28.169014
39 0.000085 0.006743 100.000000 26.315790
39 0.000029 0.008059 200.000000 28.169014
40 0.000065 0.006585 100.000000 26.315790
40 0.000042 0.007521 200.000000 28.169014
41 0.000063 0.006652 100.000000 26.315790
41 0.000043 0.007158 200.000000 28.571428
42 0.000051 0.005348 100.000000 26.315790
42 0.000044 0.005553 200.000000 28.571428
43 0.000034 0.005125 100.000000 26.315790
43 0.000050 0.004971 200.000000 28.571428
44 0.000028 0.005088 100.000000 26.315790
44 0.000052 0.004743 200.000000 28.571428
45 0.000044 0.005618 100.000000 26.315790
45 0.000049 0.005419 200.000000 28.571428
46 0.000020 0.005145 100.000000 27.027027
46 0.000056 0.004944 200.000000 28.571428
47 0.000024 0.004650 100.000000 27.027027
47 0.000063 0.004480 200.000000 28.985508
48 0.000024 0.005044 100.000000 27.027027
48 0.000061 0.005024 200.000000 28.985508
49 0.000042 0.005307 100.000000 27.027027
49 0.000062 0.005401 200.000000 28.985508
50 0.000052 0.005674 100.000000 27.027027
50 0.000059 0.005680 200.000000 28.985508
51 0.000045 0.005769 100.000000 27.027027
51 0.000065 0.005414 200.000000 28.985508
52 0.000022 0.005615 100.000000 27.027027
52 0.000068 0.005138 200.000000 28.985508
53 0.000022 0.006037 100.000000 27.027027
53 0.000070 0.005409 200.000000 29.411764
54 0.000026 0.006231 100.000000 27.027027
54 0.000069 0.005338 200.000000 29.411764
55 0.000028 0.006677 100.000000 27.777779
55 0.000065 0.005750 200.000000 29.411764
56 0.000040 0.006355 100.000000 27.777779
56 0.000069 0.005118 200.000000 29.411764
57 0.000040 0.006279 100.000000 27.777779
57 0.000076 0.004562 200.000000 29.411764
58 0.000039 0.005822 100.000000 27.777779
58 0.000071 0.004141 200.000000 29.411764
59 0.000041 0.006322 100.000000 27.777779
59 0.000070 0.004308 200.000000 29.850746
60 0.000054 0.006471 100.000000 27.777779
60 0.000066 0.004607 200.000000 29.850746
61 0.000051 0.005153 100.000000 27.777779
61 0.000074 0.003118 200.000000 29.850746
62 0.000054 0.004231 100.000000 27.777779
62 0.000084 0.002730 200.000000 29.850746
63 0.000073 0.004414 100.000000 27.777779
63 0.000084 0.002889 200.000000 29.850746
64 0.000078 0.004142 100.000000 28.571428
64 0.000101 0.003275 200.000000 29.850746
65 0.000092 0.004541 100.000000 28.571428
65 0.000106 0.003394 200.000000 29.850746
66 0.000089 0.005053 100.000000 28.571428
66 0.000102 0.003359 200.000000 30.303030
67 0.000144 0.004672 100.000000 28.571428
67 0.000096 0.002650 200.000000 30.303030
68 0.000138 0.003862 100.000000 28.571428
68 0.000098 0.002594 200.000000 30.303030
69 0.000142 0.003709 100.000000 28.571428
69 0.000092 0.002637 200.000000 30.303030
70 0.000142 0.004062 100.000000 28.571428
70 0.000102 0.003294 200.000000 30.303030
71 0.000149 0.003846 100.000000 28.571428
72 0.000139 0.004332 100.000000 28.571428
73 0.000126 0.004138 100.000000 29.411764
74 0.000117 0.003742 100.000000 29.411764
75 0.000131 0.004834 100.000000 29.411764
76 0.000114 0.005401 100.000000 29.411764
77 0.000131 0.005497 100.000000 29.411764
78 0.000118 0.005531 100.000000 29.411764
79 0.000130 0.005061 100.000000 29.411764
80 0.000123 0.005589 100.000000 29.411764
81 0.000131 0.006185 100.000000 29.411764
82 0.000129 0.006178 100.000000 29.411764
83 0.000135 0.005892 100.000000 29.411764
84 0.000142 0.005228 100.000000 30.303030
85 0.000155 0.005243 100.000000 30.303030
86 0.000167 0.004751 100.000000 30.303030
87 0.000169 0.005048 100.000000 30.303030
88 0.000156 0.005086 100.000000 30.303030
89 0.000144 0.005086 100.000000 30.303030
90 0.000139 0.005717 100.000000 30.303030
91 0.000143 0.005653 100.000000 30.303030
92 0.000141 0.005739 100.000000 30.303030
93 0.000139 0.006337 100.000000 30.303030
94 0.000131 0.006176 100.000000 30.303030
95 0.000121 0.007192 100.000000 30.303030
96 0.000117 0.006481 100.000000 30.303030
97 0.000121 0.006524 100.000000 30.303030
98 0.000126 0.007175 100.000000 30.303030
99 0.000121 0.007007 100.000000 30.303030
100 0.000107 0.006496 100.000000 30.303030
101 0.000063 0.007607 100.000000 30.303030
102 0.000068 0.006107 100.000000 30.303030
103 0.000079 0.006400 100.000000 30.303030
