-0.000000 0.000000 -0.000000 0.000000
0.007571 7.908780 -0.024303 7.907940
-0.005852 15.930700 -0.068917 15.916100
-0.007369 24.072100 -0.108624 24.060400
0.006827 32.335300 -0.167943 32.323700
0.016969 39.301600 -0.225432 39.289800
0.034080 47.757000 -0.320569 47.744700
0.016809 56.316600 -0.354252 56.293600
-0.002874 64.871900 -0.463799 64.851300
-0.042147 73.339900 -0.562648 73.318900
-0.052873 78.935000 -0.623425 78.910900
-0.075180 87.250200 -0.672609 87.218000
-0.169705 95.460800 -0.748076 95.424900
-0.286760 103.546000 -0.808234 103.511000
-0.394315 111.577000 -0.899684 111.553000
-0.433415 118.227000 -0.949117 118.203000
-0.447293 122.268000 -0.953967 122.244000
-0.464133 126.337000 -0.956975 126.311000
-0.474280 130.407000 -0.910947 130.380000
-0.465103 134.461000 -0.917038 134.434000
-0.464572 138.512000 -0.899890 138.486000
-0.474702 143.910000 -0.878649 143.886000
-0.497985 151.992000 -0.854927 151.977000
-0.490889 160.079000 -0.860671 160.064000
-0.459926 166.839000 -0.913325 166.814000
-0.411154 172.284000 -0.959848 172.261000
-0.358878 176.409000 -0.995440 176.385000
-0.308999 181.921000 -0.997125 181.900000
-0.314130 186.099000 -1.014620 186.078000
-0.307021 190.305000 -1.037250 190.283000
-0.299864 198.801000 -1.072010 198.781000
-0.343831 207.418000 -1.146260 207.399000
-0.357484 216.186000 -1.201750 216.165000
-0.377150 225.079000 -1.311910 225.049000
-0.373963 234.038000 -1.381040 234.012000
-0.381880 243.087000 -1.442260 243.052000
-0.362986 252.224000 -1.470560 252.194000
-0.351899 256.823000 -1.485580 256.792000
-0.325374 264.511000 -1.515610 264.484000
-0.315594 272.219000 -1.550180 272.191000
-0.311421 276.853000 -1.595410 276.827000
-0.289754 281.496000 -1.586790 281.470000
-0.244730 286.145000 -1.554520 286.120000
-0.204525 290.810000 -1.548440 290.784000
-0.175311 295.501000 -1.525210 295.474000
-0.143657 301.821000 -1.519440 301.787000
-0.093249 311.433000 -1.528000 311.404000
-0.103970 321.182000 -1.530810 321.152000
-0.074427 330.951000 -1.532430 330.928000
-0.045480 339.021000 -1.544120 338.998000
-0.035147 345.452000 -1.625610 345.420000
-0.062771 353.446000 -1.691890 353.414000
-0.109101 359.813000 -1.727300 359.777000
-0.166861 367.781000 -1.763620 367.748000
-0.251989 375.781000 -1.819190 375.775000
-0.287793 382.220000 -1.869410 382.223000
-0.311017 387.068000 -1.836980 387.070000
-0.323800 391.936000 -1.896110 391.937000
