0.000000 0.000000 0.000000 0.000000
-0.083626 7.152770 0.017352 7.162950
-0.153300 13.111900 -0.007861 13.121300
-0.237295 20.270200 -0.061474 20.272000
-0.327351 26.243100 -0.080366 26.249800
-0.459653 33.420200 -0.113975 33.437300
-0.562741 38.206900 -0.183670 38.221400
-0.735861 45.395600 -0.322087 45.412700
-0.840290 51.404600 -0.352280 51.423700
-0.892873 55.015200 -20.167400 -24.623900
-1.031130 62.245600 -19.699100 -17.411800
-1.103190 65.850400 -19.447800 -13.818000
-1.215320 70.626200 -19.164100 -9.052950
-1.310250 75.365500 -18.902800 -4.319690
-1.340940 80.068400 -18.556000 0.368431
-1.323870 83.558000 -18.289100 3.846050
-1.247130 88.183800 -17.853000 8.448950
-1.101750 92.791300 -17.354100 13.034300
-0.953966 96.255400 -16.920300 16.469400
-0.665532 102.095000 -16.193100 22.246400
-0.365108 109.279000 -15.318600 29.371300
-0.234072 116.586000 -14.647200 36.648800
-0.283572 123.983000 -14.136400 44.023400
-0.384545 131.476000 -13.578800 51.489400
-0.472057 139.057000 -13.022900 59.052600
-0.568107 145.424000 -12.622600 65.404800
-0.666905 153.025000 -12.117700 72.977700
-0.758140 159.342000 -11.716500 79.280400
-0.891591 166.914000 -11.273400 86.836300
-0.995770 171.971000 -10.959000 91.880100
-1.140940 178.289000 -10.608700 98.191200
-1.311920 185.843000 -10.240500 105.736000
-1.429910 190.831000 -9.974090 110.714000
-1.561320 198.199000 -9.615740 118.072000
-1.619570 203.016000 -9.342540 122.877000
-1.670520 209.982000 -8.958080 129.829000
-1.744180 216.448000 -8.545900 136.280000
-1.820190 220.495000 -8.348780 140.322000
-1.999320 225.946000 -8.168070 145.773000
-2.215170 230.658000 -8.016170 150.486000
-2.389580 234.992000 -7.913790 154.819000
-2.501540 239.200000 -7.717200 159.023000
-2.538350 242.654000 -7.510260 162.470000
-2.546620 245.471000 -7.316990 165.282000
-2.542060 247.636000 -7.174790 167.441000
-2.529260 251.371000 -6.899350 171.170000
-2.516890 255.306000 -6.588770 175.089000
-2.401830 260.269000 -6.115680 180.027000
-2.211670 265.303000 -5.612110 185.026000
-1.923830 270.382000 -4.985230 190.080000
-1.700840 274.651000 -4.450670 194.323000
-1.489310 279.735000 -3.925010 199.380000
-1.411250 284.555000 -3.482450 204.171000
-1.477650 288.751000 -3.154370 208.354000
-1.834490 292.379000 -3.252750 211.991000
-3.178540 296.349000 -4.213670 216.050000
-4.922650 298.600000 -5.872760 218.353000
-7.216400 299.975000 -8.046020 219.879000
-9.696190 300.284000 -10.469200 220.450000
-12.402900 299.633000 -13.169400 220.136000
-15.116200 297.802000 -15.906100 218.423000
-16.470600 296.401000 -17.394900 217.170000
-17.729200 294.684000 -18.623100 215.451000
-19.538500 291.079000 -20.602100 211.957000
-20.381800 288.505000 -21.588500 209.439000
-21.358700 281.431000 -23.063800 202.441000
-21.111900 274.431000 -23.328000 195.449000
-20.447600 266.831000 -23.124700 187.856000
-19.921300 258.850000 -23.126700 179.940000
-19.745900 254.824000 -23.246500 175.920000
-19.569300 246.706000 -23.624300 167.818000
-19.503200 239.839000 -23.981100 160.972000
-19.406600 231.492000 -24.389600 152.654000
-19.265300 223.034000 -24.771200 144.218000
-19.114900 214.452000 -25.199000 135.648000
-19.022100 210.124000 -25.394900 131.327000
-18.837100 201.368000 -25.780900 122.607000
-18.723600 195.515000 -26.055500 116.763000
-18.610400 188.243000 -26.393200 109.506000
-18.546000 182.469000 -26.706200 103.798000
-18.510700 176.751000 -27.081100 98.102100
-18.551700 168.447000 -27.696900 89.838800
-18.625400 163.279000 -28.129400 84.693800
-18.733400 156.250000 -28.783900 77.715700
-18.816400 150.162000 -29.255900 71.673300
-18.873800 144.922000 -29.615600 66.452800
-18.919500 139.499000 -29.974000 61.102800
-19.003900 132.429000 -30.563400 54.093500
-19.032900 127.564000 -30.906000 49.295000
-19.026100 122.991000 -31.174200 44.737900
-18.940900 117.841000 -31.487900 39.601000
-18.711000 112.070000 -31.619100 33.829700
-18.389700 106.796000 -31.663800 28.566200
-18.045000 101.074000 -31.754900 22.849200
-17.612700 93.677500 -31.836100 15.449200
-17.293300 87.109700 -31.991300 8.874060
-17.048300 80.126500 -32.263400 1.901770
-16.873600 72.808700 -32.585200 -5.423620
-16.741300 63.987200 -32.985600 -14.218400
-16.660700 56.651000 -33.380100 -21.537300
-16.531500 47.911400 -33.838000 -30.254800
-16.425400 42.137000 -34.135400 -36.000000
-16.307600 34.970000 -34.540200 -43.143000
-16.194900 26.457400 -35.022400 -51.631400
-16.100400 19.472500 -35.474000 -58.589700
-15.999900 11.221500 -35.939600 -66.832600
-15.938800 4.400320 -36.406200 -73.634700
-15.854000 -2.436520 -36.776900 -80.458600
-15.773900 -9.357140 -37.199900 -87.354600
-15.690900 -16.359100 -37.635700 -94.287500
-15.617800 -23.424400 -37.993500 -101.329000
-15.536800 -30.547800 -38.367000 -108.427000
-15.460900 -37.665600 -38.740100 -115.521000
-15.375200 -44.724600 -39.132900 -122.560000
-15.277000 -51.748500 -39.480500 -129.563000
-15.184100 -58.751400 -39.818100 -136.540000
-15.113400 -65.750700 -40.166700 -143.524000
-15.053800 -74.095300 -40.575500 -151.846000
-14.979300 -80.953600 -40.935100 -158.679000
-14.874000 -89.070400 -41.318200 -166.763000
-14.798000 -95.724400 -41.681300 -173.371000
-14.744100 -103.593000 -42.094500 -181.221000
-14.730700 -107.473000 -42.271800 -185.092000
-14.721500 -113.877000 -42.625100 -191.467000
-14.709800 -120.173000 -42.973500 -197.747000
-14.700500 -123.867000 -43.196500 -201.431000
-14.712300 -131.009000 -43.682800 -208.540000
-14.733300 -134.417000 -43.896600 -211.936000
-14.758500 -138.687000 -44.265500 -216.171000
-14.818000 -144.321000 -44.669400 -221.778000
-14.599300 -148.926000 -44.662100 -226.370000
-13.082400 -153.424000 -43.211200 -230.800000
-9.567120 -156.278000 -39.832500 -233.713000
-5.261920 -156.394000 -35.568200 -234.103000
-2.057960 -154.484000 -32.367500 -232.219000
0.062307 -151.484000 -30.056300 -229.345000
1.163230 -147.348000 -28.573500 -225.347000
1.469680 -142.303000 -27.776900 -220.359000
1.504840 -136.505000 -27.187900 -214.600000
1.491650 -130.039000 -26.567900 -208.169000
1.426400 -122.965000 -26.001600 -201.138000
1.402660 -115.348000 -25.247000 -193.567000
1.308290 -107.200000 -24.507200 -185.463000
1.142140 -98.529100 -23.816100 -176.838000
0.984734 -89.476100 -23.081900 -167.819000
0.883448 -81.949500 -22.431600 -160.327000
0.813423 -74.432000 -21.777500 -152.855000
0.710763 -65.489100 -20.970400 -143.968000
0.585664 -56.627600 -20.247300 -135.138000
0.392853 -47.869400 -19.568300 -126.423000
0.254373 -40.636600 -19.003000 -119.216000
0.132669 -33.463800 -18.447400 -112.067000
0.060626 -26.356000 -17.857100 -104.996000
0.029259 -19.340600 -17.213300 -98.018500
0.021588 -12.403800 -16.559600 -91.122300
-0.031141 -4.183290 -15.790500 -82.939500
-0.117565 3.988040 -15.044300 -74.805400
-0.192609 10.771100 -14.463200 -68.057200
-0.270914 18.883100 -13.737400 -59.985000
-0.323376 24.273100 -13.217100 -54.624700
-0.413998 32.282500 -12.555000 -46.649100
-0.461529 37.555000 -12.088900 -41.411500
-0.555204 45.373200 -11.353700 -33.632400
-0.674006 51.810400 -10.776300 -27.227100
-0.794281 56.901600 -10.368400 -22.161100
-0.962179 63.207400 -9.891770 -15.882800
-1.068650 66.953700 -9.605930 -12.151500
-1.227080 71.900300 -9.239310 -7.220390
-1.359400 77.886900 -8.772100 -1.245200
-1.402950 81.267700 -8.482110 2.120940
-1.402640 84.557500 -8.117310 5.386820
-1.380200 89.998100 -7.550820 10.789500
-1.356110 93.218600 -7.201380 13.987200
-1.341280 96.398500 -6.848320 17.145900
-1.375060 99.570100 -6.583900 20.307200
-1.561790 104.957000 -6.219890 25.670900
-1.897030 111.608000 -5.888350 32.318000
-1.913210 118.508000 -5.049660 39.164600
-1.602100 125.684000 -4.007330 46.264900
-1.135330 133.189000 -2.806100 53.686500
-0.832678 141.091000 -1.742950 61.518100
-0.810774 146.574000 -1.185920 66.969600
-0.881861 153.630000 -0.560937 73.993900
-1.007340 160.832000 0.014262 81.176100
-1.225580 169.454000 0.557985 89.775600
-1.333190 173.747000 0.814234 94.060500
-1.498240 182.250000 1.436960 102.538000
-1.576110 187.848000 1.884720 108.114000
-1.633870 194.776000 2.491810 115.011000
-1.694880 201.611000 3.062600 121.818000
-1.746440 208.351000 3.571310 128.532000
-1.802730 214.967000 4.140820 135.115000
-1.842510 218.743000 4.475790 138.874000
-1.971970 225.567000 4.913690 145.686000
-2.139620 230.415000 5.164590 150.528000
-2.280070 233.719000 5.244960 153.834000
-2.421540 238.338000 5.524270 158.446000
-2.477940 242.858000 5.900550 162.952000
-2.494730 246.562000 6.242430 166.641000
-2.503090 248.833000 6.427970 168.902000
-2.505560 251.139000 6.618450 171.200000
-2.498930 254.304000 6.929410 174.344000
-2.418790 259.176000 7.439640 179.183000
-2.278450 264.283000 8.078340 184.212000
-2.073000 269.712000 8.748490 189.615000
-1.923690 274.387000 9.317110 194.259000
-1.841130 279.982000 9.931750 199.818000
-1.820080 285.473000 10.420800 205.292000
-1.838570 289.717000 10.809200 209.477000
-1.840210 293.812000 11.193900 213.527000
-1.812040 298.624000 11.581100 218.321000
