1 1.19763e-11 1.70464e-10 0 1.19763e-11 1 3.5625e-10 -1.11022e-16 1.70464e-10 3.5625e-10 1 2.22045e-16 
0.999998 0.00143088 -0.00136626 -0.0278736 -0.00143123 0.999999 -0.000257619 -0.0560812 0.00136589 0.000259574 0.999999 2.38418 
0.999992 0.00286033 -0.00273194 -0.0557354 -0.00286175 0.999996 -0.000515091 -0.112136 0.00273045 0.000522905 0.999996 4.76729 
0.999982 0.0042904 -0.00409898 -0.0836255 -0.0042936 0.999991 -0.000772789 -0.168246 0.00409563 0.000790375 0.999991 7.15277 
0.999976 0.00500507 -0.00478244 -0.0975696 -0.00500944 0.999987 -0.000901614 -0.196298 0.00477787 0.00092555 0.999988 8.3454 
0.99996 0.00643238 -0.00614804 -0.125431 -0.00643963 0.999979 -0.00115899 -0.252345 0.00614045 0.00119853 0.99998 10.7283 
0.999941 0.00785928 -0.00751403 -0.1533 -0.00787014 0.999968 -0.0014164 -0.308407 0.00750266 0.00147546 0.999971 13.1119 
0.999906 0.0102148 -0.00911026 -0.181814 -0.010232 0.999946 -0.0018401 -0.365424 0.00909098 0.00193314 0.999957 15.4966 
0.999904 0.00937389 -0.0101513 -0.208176 -0.00938912 0.999955 -0.00145354 -0.419151 0.0101373 0.00154871 0.999947 17.881 
0.999893 0.00927013 -0.0113331 -0.237295 -0.00929306 0.999955 -0.00197185 -0.471514 0.0113143 0.00207696 0.999934 20.2702 
0.999874 0.00961327 -0.0126392 -0.270764 -0.00964448 0.999951 -0.00241051 -0.524744 0.0126154 0.00253211 0.999917 22.6588 
0.999862 0.00984956 -0.0133611 -0.288791 -0.00988085 0.999949 -0.00227713 -0.55273 0.013338 0.00240884 0.999908 23.853 
0.999835 0.0101149 -0.0151055 -0.327351 -0.0101569 0.999945 -0.00270318 -0.606984 0.0150773 0.00285616 0.999882 26.2431 
0.999823 0.00861126 -0.0167054 -0.367798 -0.00861793 0.999963 -0.000327681 -0.656564 0.0167019 0.00047159 0.99986 28.6371 
0.999801 0.0074613 -0.0185104 -0.411276 -0.0075089 0.999969 -0.00250366 -0.70872 0.0184912 0.00264216 0.999826 31.0279 
0.999774 0.00740399 -0.0199167 -0.459653 -0.0074443 0.99997 -0.00195049 -0.763253 0.0199017 0.00209831 0.9998 33.4202 
0.999758 0.00640272 -0.0210545 -0.509819 -0.00643811 0.999978 -0.00161332 -0.818272 0.0210438 0.00174848 0.999777 35.8126 
0.999745 0.00646936 -0.021649 -0.536706 -0.00650583 0.999977 -0.00161451 -0.845783 0.0216381 0.00175494 0.999764 37.0093 
0.999746 0.0055957 -0.0218499 -0.562741 -0.00562143 0.999984 -0.00111657 -0.873467 0.0218433 0.00123911 0.999761 38.2069 
0.999747 0.0062008 -0.0216065 -0.61817 -0.00617996 0.99998 0.00103148 -0.926858 0.0216124 -0.000897686 0.999766 40.6024 
0.999739 0.00782238 -0.0214496 -0.675668 -0.00781302 0.999969 0.000520558 -0.977631 0.021453 -0.000352835 0.99977 42.9959 
0.999751 0.0110736 -0.019367 -0.735861 -0.010976 0.999927 0.00514141 -1.02036 0.0194225 -0.00492756 0.999799 45.3956 
0.999804 0.0119197 -0.0158213 -0.784447 -0.0117438 0.999869 0.0111629 -1.05121 0.0159523 -0.0109749 0.999812 47.8015 
0.999865 0.00992313 -0.013056 -0.822002 -0.00977267 0.999886 0.0115377 -1.07385 0.013169 -0.0114085 0.999848 50.2035 
0.999874 0.0103985 -0.0119981 -0.84029 -0.0102881 0.999904 0.00922332 -1.08532 0.0120928 -0.00909872 0.999885 51.4046 
0.999871 0.0115474 -0.0111836 -0.859463 -0.0114466 0.999894 0.00904029 -1.09829 0.0112868 -0.00891111 0.999897 52.6058 
0.999882 0.0105735 -0.0111433 -0.875378 -0.0104782 0.999908 0.00857457 -1.11264 0.011233 -0.0084568 0.999901 53.8113 
0.999859 0.010072 -0.0134195 -0.91186 -0.0099677 0.99992 0.00781502 -1.14315 0.0134972 -0.00768015 0.999879 56.2203 
0.999837 0.0100971 -0.0149447 -0.933231 -0.00995818 0.999907 0.00933976 -1.16069 0.0150376 -0.00918942 0.999845 57.4278 
0.999822 0.010094 -0.0159091 -0.956215 -0.00994013 0.999903 0.00972452 -1.17565 0.0160057 -0.00956466 0.999826 58.6326 
0.999799 0.0110527 -0.0167453 -0.981436 -0.0108951 0.999896 0.00946992 -1.19028 0.0168482 -0.00928557 0.999815 59.8386 
0.999782 0.0114454 -0.0174578 -1.00672 -0.0112833 0.999893 0.00935265 -1.2056 0.017563 -0.00915363 0.999804 61.0421 
0.999786 0.0108011 -0.0176325 -1.03113 -0.0106471 0.999905 0.00880072 -1.22132 0.0177259 -0.0086111 0.999806 62.2456 
0.999795 0.00950888 -0.0178507 -1.05386 -0.00937052 0.999926 0.00781895 -1.23748 0.0179237 -0.00765008 0.99981 63.4475 
0.999793 0.00908842 -0.018201 -1.07847 -0.00893026 0.999922 0.00875222 -1.2517 0.0182792 -0.00858786 0.999796 64.6475 
0.999789 0.00908306 -0.0184288 -1.10319 -0.00888242 0.999901 0.0109403 -1.2671 0.0185264 -0.0107743 0.99977 65.8504 
0.999779 0.00952396 -0.0187288 -1.12954 -0.00934732 0.999911 0.00949644 -1.28111 0.0188176 -0.00931928 0.99978 67.0476 
0.999762 0.0110335 -0.0188021 -1.15768 -0.0108882 0.99991 0.00781308 -1.29392 0.0188866 -0.0076065 0.999793 68.2411 
0.999735 0.0131959 -0.0188793 -1.18693 -0.0130472 0.999883 0.00797869 -1.30942 0.0189824 -0.00773025 0.99979 69.4353 
0.99971 0.0150043 -0.0188123 -1.21532 -0.0148515 0.999856 0.00823696 -1.32468 0.0189332 -0.00795518 0.999789 70.6262 
0.999688 0.0166571 -0.0185977 -1.24323 -0.0164973 0.999826 0.00871377 -1.33946 0.0187396 -0.00840424 0.999789 71.816 
0.999699 0.0170654 -0.0176236 -1.26857 -0.0168974 0.999811 0.00963771 -1.35574 0.0177847 -0.00933702 0.999798 73.0022 
0.999752 0.0181433 -0.0129132 -1.31025 -0.0180223 0.999793 0.00943032 -1.39013 0.0130816 -0.00919525 0.999872 75.3655 
0.999836 0.0146383 -0.0106252 -1.32014 -0.0145978 0.999886 0.00388094 -1.40752 0.0106808 -0.0037252 0.999936 76.5408 
0.999851 0.0151931 -0.00818586 -1.33092 -0.0151758 0.999883 0.00216959 -1.42708 0.00821786 -0.00204504 0.999964 77.7163 
0.999881 0.0145024 -0.00525761 -1.33795 -0.0144706 0.999877 0.0060339 -1.4488 0.00534447 -0.00595709 0.999968 78.8946 
0.999892 0.014593 -0.00193384 -1.34094 -0.0145772 0.999862 0.0079624 -1.46853 0.00204977 -0.00793334 0.999966 80.0684 
0.999885 0.0150247 0.00205161 -1.34229 -0.0150362 0.999871 0.00571294 -1.48583 -0.00196551 -0.00574313 0.999982 81.2345 
0.999885 0.0141338 0.00550328 -1.33565 -0.0141512 0.999895 0.00313899 -1.5061 -0.00545833 -0.00321651 0.99998 82.3991 
0.99988 0.0127292 0.00886334 -1.32387 -0.0127231 0.999919 -0.000739437 -1.53031 -0.00887203 0.000626579 0.999961 83.558 
0.999856 0.0118738 0.0121449 -1.30927 -0.0118523 0.999928 -0.00183327 -1.55547 -0.0121657 0.00168906 0.999925 84.7174 
0.999807 0.0116764 0.0157817 -1.29299 -0.0116789 0.999932 6.52823e-05 -1.58059 -0.0157798 -0.000249582 0.999876 85.877 
0.999726 0.0127711 0.0196199 -1.27312 -0.0127924 0.999918 0.000960484 -1.60507 -0.019606 -0.0012112 0.999807 87.0311 
0.999574 0.0121248 0.02656 -1.21667 -0.0120245 0.99992 -0.00393573 -1.65616 -0.0266056 0.00361468 0.99964 89.3334 
0.999481 0.0122127 0.029818 -1.18274 -0.0120887 0.999918 -0.00433684 -1.68316 -0.0298685 0.00397413 0.999546 90.4834 
0.999406 0.0108644 0.0326931 -1.14413 -0.0107685 0.999937 -0.00310873 -1.71042 -0.0327248 0.00275483 0.999461 91.6365 
0.999319 0.0101085 0.0354901 -1.10175 -0.0100514 0.999948 -0.00178757 -1.73609 -0.0355063 0.00142963 0.999368 92.7913 
0.999225 0.00928785 0.0382441 -1.05601 -0.00929732 0.999957 6.94875e-05 -1.76065 -0.0382418 -0.000425 0.999268 93.9471 
0.999138 0.00815756 0.0406936 -1.00612 -0.00821454 0.999965 0.00123296 -1.78507 -0.0406821 -0.00156617 0.999171 95.1026 
0.998965 0.00539851 0.0451542 -0.89754 -0.00520135 0.999976 -0.0044828 -1.83487 -0.0451773 0.0042433 0.99897 97.4132 
0.99879 0.00589486 0.0488303 -0.782045 -0.0054781 0.999947 -0.00866424 -1.89164 -0.0488788 0.00838626 0.998769 99.7397 
0.998795 0.00615144 0.0486906 -0.665532 -0.00586421 0.999965 -0.0060398 -1.95303 -0.048726 0.00574699 0.998796 102.095 
0.998956 0.00574843 0.0453281 -0.550571 -0.00558373 0.999977 -0.00375952 -2.01288 -0.0453487 0.00350249 0.998965 104.47 
0.999189 0.00637717 0.0397667 -0.448327 -0.00625591 0.999975 -0.00317304 -2.06974 -0.0397859 0.00292169 0.999204 106.867 
0.999453 0.00797542 0.0320995 -0.365108 -0.00787451 0.999964 -0.00326915 -2.127 -0.0321244 0.00301459 0.999479 109.279 
0.999679 0.008809 0.0237386 -0.298528 -0.00878063 0.999961 -0.00129932 -2.18567 -0.0237491 0.00109046 0.999717 111.707 
0.999851 0.00934745 0.0145022 -0.253779 -0.00934393 0.999956 -0.000310941 -2.24015 -0.0145045 0.000175388 0.999895 114.142 
0.999932 0.0106937 0.0046037 -0.234072 -0.0106914 0.999943 -0.000525943 -2.29683 -0.00460906 0.000476688 0.999989 116.586 
0.999903 0.0134151 -0.00374102 -0.237293 -0.0134203 0.999909 -0.0013563 -2.358 0.00372248 0.00140637 0.999992 119.04 
0.999837 0.0167111 -0.00682861 -0.256232 -0.0167211 0.999859 -0.00140924 -2.41742 0.0068041 0.0015232 0.999976 121.501 
0.999755 0.0202564 -0.00889889 -0.283572 -0.0202553 0.999795 0.000204309 -2.4715 0.0089012 -2.40077e-05 0.99996 123.983 
0.999667 0.0235682 -0.0104931 -0.316815 -0.0235496 0.999721 0.00189471 -2.52162 0.0105348 -0.00164697 0.999943 126.47 
0.999638 0.0241768 -0.0118416 -0.353204 -0.0241148 0.999695 0.00534702 -2.56129 0.0119673 -0.00505952 0.999916 128.97 
0.99969 0.0211635 -0.0131168 -0.384545 -0.0211108 0.999768 0.00414784 -2.59617 0.0132015 -0.00386964 0.999905 131.476 
0.999767 0.0160332 -0.0144467 -0.413373 -0.0159196 0.999842 0.00794194 -2.63136 0.0145718 -0.0077101 0.999864 133.996 
0.999843 0.00989517 -0.0147093 -0.443887 -0.00978133 0.999922 0.00779134 -2.66006 0.0147852 -0.00764623 0.999861 136.523 
0.999878 0.00564459 -0.0145769 -0.472057 -0.00555702 0.999966 0.00604079 -2.69321 0.0146105 -0.00595904 0.999876 139.057 
0.99989 0.00597114 -0.0136025 -0.509951 -0.0058595 0.999949 0.00823257 -2.72813 0.013651 -0.00815196 0.999874 141.606 
0.99988 0.00859196 -0.0128936 -0.531657 -0.00846348 0.999914 0.00998678 -2.74413 0.0129783 -0.00987645 0.999867 142.88 
0.999889 0.00895428 -0.0119115 -0.568107 -0.00887644 0.999939 0.00657173 -2.77535 0.0119696 -0.00646527 0.999907 145.424 
0.999906 0.0078125 -0.0112584 -0.601569 -0.0078088 0.999969 0.00037256 -2.81886 0.011261 -0.000284609 0.999937 147.961 
0.999915 0.00764352 -0.0105907 -0.634443 -0.00768883 0.999961 -0.00424426 -2.87506 0.0105579 0.00432532 0.999935 150.492 
0.99991 0.00811723 -0.0106469 -0.666905 -0.008155 0.999961 -0.0035087 -2.93972 0.010618 0.00359521 0.999937 153.025 
0.999894 0.00940335 -0.0111418 -0.703475 -0.00942305 0.999954 -0.00171744 -2.99762 0.0111252 0.00182224 0.999937 155.553 
0.999874 0.00999207 -0.0123223 -0.740134 -0.0100148 0.999948 -0.00178528 -3.05171 0.0123038 0.00190846 0.999923 158.078 
0.999853 0.0103076 -0.0136647 -0.778517 -0.0103136 0.999947 -0.000364302 -3.10733 0.0136602 0.000505181 0.999907 160.604 
0.999825 0.0110364 -0.0151011 -0.821014 -0.0110736 0.999936 -0.00238769 -3.16234 0.0150737 0.00255449 0.999883 163.126 
0.999799 0.0115564 -0.0163761 -0.867607 -0.0116077 0.999928 -0.00304421 -3.22185 0.0163397 0.00323369 0.999861 165.652 
0.99977 0.011987 -0.0178068 -0.915926 -0.0120613 0.999919 -0.00407482 -3.28271 0.0177565 0.00428865 0.999833 168.177 
0.999737 0.0124097 -0.0192647 -0.968255 -0.0124539 0.99992 -0.00217217 -3.3446 0.0192362 0.00241152 0.999812 170.705 
0.99972 0.0127729 -0.019905 -0.99577 -0.0128126 0.999916 -0.00186476 -3.37385 0.0198795 0.00211927 0.9998 171.971 
0.9997 0.0132105 -0.020625 -1.02432 -0.0132442 0.999911 -0.00149884 -3.40245 0.0206034 0.00177155 0.999786 173.234 
0.999661 0.0144512 -0.0216718 -1.08317 -0.0145182 0.99989 -0.00293639 -3.46124 0.0216269 0.00325002 0.999761 175.759 
0.999642 0.0145737 -0.0224189 -1.14094 -0.0146517 0.999887 -0.00331746 -3.52353 0.022368 0.00364475 0.999743 178.289 
0.999687 0.0103064 -0.0227772 -1.19338 -0.01042 0.999934 -0.00487375 -3.58708 0.0227255 0.00510956 0.999729 180.811 
0.999681 0.0100292 -0.0231631 -1.24982 -0.00995024 0.999944 0.00352089 -3.64468 0.0231971 -0.00328929 0.999726 183.337 
0.999661 0.0120192 -0.0231152 -1.31192 -0.0120299 0.999928 -0.000321705 -3.69421 0.0231097 0.00059967 0.999733 185.843 
0.99965 0.0123045 -0.0234172 -1.34277 -0.0123672 0.99992 -0.00253445 -3.72236 0.0233842 0.00282317 0.999723 187.092 
0.999651 0.0118834 -0.0235897 -1.37147 -0.0119445 0.999926 -0.00244898 -3.75266 0.0235589 0.00272989 0.999719 188.339 
0.999655 0.0120291 -0.0233437 -1.42991 -0.0120046 0.999927 0.00118962 -3.81104 0.0233563 -0.000908981 0.999727 190.831 
0.999705 0.0114696 -0.0213956 -1.48235 -0.0114366 0.999933 0.001663 -3.86886 0.0214133 -0.00141782 0.99977 193.304 
0.999749 0.0100797 -0.0200225 -1.50439 -0.0100826 0.999949 -4.30334e-05 -3.89757 0.0200211 0.000244903 0.999799 194.534 
0.999773 0.010028 -0.0187743 -1.52543 -0.0100574 0.999948 -0.00147379 -3.92931 0.0187585 0.00166228 0.999823 195.761 
0.999826 0.0092654 -0.0161766 -1.56132 -0.00928975 0.999956 -0.00143049 -3.99452 0.0161627 0.00158052 0.999868 198.199 
0.999861 0.00965481 -0.0136221 -1.59322 -0.00964213 0.999953 0.000996523 -4.05572 0.0136311 -0.000865037 0.999907 200.619 
0.999877 0.00944574 -0.012535 -1.60705 -0.00943641 0.999955 0.000803841 -4.08451 0.012542 -0.000685456 0.999921 201.821 
0.999895 0.0100899 -0.0104203 -1.62986 -0.0100746 0.999948 0.00152276 -4.14217 0.0104351 -0.00141762 0.999945 204.203 
0.99991 0.0101237 -0.00875483 -1.64907 -0.0101128 0.999948 0.00128718 -4.19622 0.00876741 -0.00119853 0.999961 206.553 
0.99993 0.00877602 -0.00797274 -1.66316 -0.00876006 0.99996 0.00203533 -4.25023 0.00799028 -0.00196534 0.999966 208.852 
0.999931 0.00830088 -0.00828296 -1.67052 -0.00827281 0.99996 0.00341813 -4.27705 0.008311 -0.00334937 0.99996 209.982 
0.999917 0.0088232 -0.00934657 -1.69261 -0.00880109 0.999958 0.00240453 -4.32686 0.0093674 -0.00232207 0.999953 212.191 
0.999905 0.00906468 -0.0103449 -1.71766 -0.00905148 0.999958 0.00132208 -4.3768 0.0103564 -0.00122831 0.999946 214.345 
0.999882 0.00812922 -0.0130471 -1.74418 -0.00810178 0.999965 0.00215459 -4.42687 0.0130641 -0.00204863 0.999913 216.448 
0.999862 0.00707599 -0.0150121 -1.7581 -0.00702249 0.999969 0.00361377 -4.45045 0.0150372 -0.00350785 0.999881 217.485 
0.999783 0.00751584 -0.0194553 -1.79655 -0.00740204 0.999955 0.00591479 -4.49424 0.0194989 -0.00576949 0.999793 219.511 
0.999659 0.00796657 -0.0248717 -1.84453 -0.00783582 0.999955 0.00534982 -4.53245 0.0249132 -0.0051531 0.999676 221.461 
0.999489 0.00889485 -0.0307088 -1.9005 -0.00871367 0.999944 0.00602865 -4.57435 0.0307607 -0.00575798 0.99951 223.323 
0.999278 0.0086326 -0.0370029 -1.96323 -0.00845652 0.999952 0.00491251 -4.61388 0.0370435 -0.00459604 0.999303 225.093 
0.999019 0.0101143 -0.0431107 -2.03611 -0.00995606 0.999943 0.00388317 -4.65549 0.0431475 -0.00345015 0.999063 226.776 
0.998845 0.0128542 -0.0462884 -2.11395 -0.0126727 0.999911 0.00421334 -4.69229 0.0463384 -0.00362187 0.998919 228.382 
0.998877 0.0130127 -0.0455603 -2.18284 -0.0127428 0.9999 0.0062109 -4.72895 0.0456365 -0.00562336 0.998942 229.917 
0.998902 0.0132772 -0.0449322 -2.24791 -0.0131233 0.999907 0.0037187 -4.76246 0.0449774 -0.00312496 0.998983 231.388 
0.998938 0.0132911 -0.0441086 -2.27881 -0.0132363 0.999911 0.00153503 -4.77892 0.044125 -0.000949568 0.999026 232.116 
0.999039 0.0140376 -0.0415125 -2.33855 -0.0140623 0.999901 -0.000304814 -4.81318 0.0415041 0.000888285 0.999138 233.56 
0.999116 0.0134701 -0.0398168 -2.3648 -0.0135033 0.999909 -0.000565903 -4.83053 0.0398055 0.00110306 0.999207 234.278 
0.999265 0.0133643 -0.0359246 -2.41471 -0.0133962 0.99991 -0.000647249 -4.86487 0.0359127 0.00112802 0.999354 235.702 
0.999434 0.0132248 -0.0309432 -2.45827 -0.0132526 0.999912 -0.000692742 -4.89692 0.0309313 0.00110243 0.999521 237.112 
0.999628 0.0112681 -0.024831 -2.48924 -0.0112645 0.999937 0.000287764 -4.92965 0.0248326 -7.94849e-06 0.999692 238.508 
0.999766 0.0105994 -0.0188718 -2.51195 -0.010598 0.999944 0.000172923 -4.96556 0.0188725 2.71225e-05 0.999822 239.888 
0.99985 0.0113417 -0.0130489 -2.5282 -0.0113588 0.999935 -0.00123393 -4.99821 0.0130341 0.00138196 0.999914 241.264 
0.999885 0.0112616 -0.0101863 -2.53435 -0.0112818 0.999934 -0.00192606 -5.01566 0.0101639 0.00204076 0.999946 241.957 
0.999919 0.011816 -0.00476259 -2.54339 -0.011818 0.99993 -0.000381602 -5.04817 0.00475775 0.000437855 0.999989 243.356 
0.999935 0.0113925 -0.000171411 -2.54685 -0.0113928 0.999934 -0.00178213 -5.08029 0.000151097 0.00178397 0.999998 244.763 
0.999932 0.011576 0.00154232 -2.54662 -0.0115692 0.999923 -0.00438365 -5.09478 -0.00159295 0.00436551 0.999989 245.471 
0.999938 0.0108462 0.00249051 -2.54558 -0.0108313 0.999924 -0.0059351 -5.10904 -0.00255469 0.00590776 0.999979 246.186 
0.999938 0.0107719 0.00267294 -2.54373 -0.0107536 0.999919 -0.00676716 -5.12614 -0.00274561 0.00673799 0.999973 246.908 
0.999946 0.0100129 0.00284872 -2.54206 -0.00999282 0.999926 -0.00699183 -5.14519 -0.00291852 0.00696299 0.999972 247.636 
0.999936 0.010925 0.00302195 -2.5419 -0.0109031 0.999915 -0.00716991 -5.16458 -0.00310002 0.0071365 0.99997 248.369 
0.999925 0.011761 0.00332098 -2.5422 -0.0117345 0.9999 -0.00786543 -5.18538 -0.00341315 0.00782587 0.999964 249.111 
0.999932 0.0110868 0.00352747 -2.54094 -0.0110516 0.99989 -0.00985862 -5.20598 -0.00363639 0.00981897 0.999945 249.857 
0.999966 0.00732253 0.00391026 -2.5354 -0.00727648 0.999906 -0.0116644 -5.22737 -0.0039953 0.0116355 0.999924 250.61 
0.999983 0.00402366 0.00424756 -2.52926 -0.00396977 0.999912 -0.0126188 -5.24631 -0.00429796 0.0126017 0.999911 251.371 
0.999972 0.00563303 0.00484195 -2.52948 -0.00558664 0.999939 -0.00954148 -5.26387 -0.0048954 0.00951417 0.999943 252.145 
0.999935 0.01001 0.00551496 -2.53441 -0.00999102 0.999944 -0.00346176 -5.28296 -0.00554931 0.00340643 0.999979 252.929 
0.999932 0.00975381 0.00638649 -2.53173 -0.00976192 0.999952 0.00123997 -5.30022 -0.00637409 -0.00130223 0.999979 253.716 
0.999931 0.00828298 0.00826515 -2.52283 -0.00827762 0.999965 -0.000683216 -5.31615 -0.00827053 0.000614754 0.999966 254.511 
0.999881 0.00941231 0.0121918 -2.51689 -0.00932654 0.999931 -0.00707296 -5.32879 -0.0122575 0.00695841 0.999901 255.306 
0.999803 0.0115532 0.016109 -2.50891 -0.0113657 0.999867 -0.011683 -5.34529 -0.0162419 0.0114976 0.999802 256.112 
0.999729 0.0130181 0.0193126 -2.49585 -0.0127962 0.999851 -0.0115665 -5.36441 -0.0194603 0.0113162 0.999747 256.93 
0.999677 0.0116732 0.0225798 -2.47644 -0.0114726 0.999894 -0.00899468 -5.38577 -0.0226824 0.00873272 0.999705 257.758 
0.999637 0.00863226 0.0255186 -2.45191 -0.00848589 0.999947 -0.0058389 -5.40687 -0.0255676 0.00562023 0.999657 258.593 
0.999583 0.00615029 0.0282192 -2.42627 -0.00603844 0.999974 -0.00404695 -5.42505 -0.0282434 0.00387486 0.999594 259.43 
0.999489 0.0059302 0.0313975 -2.40183 -0.00582319 0.999977 -0.00349876 -5.44529 -0.0314175 0.00331414 0.999501 260.269 
0.99939 0.00817133 0.0339433 -2.37745 -0.00798873 0.999953 -0.00551177 -5.46745 -0.0339867 0.00523724 0.999409 261.103 
0.999304 0.00863166 0.03629 -2.34791 -0.00835191 0.999934 -0.00785311 -5.48851 -0.0363554 0.00754455 0.99931 261.94 
0.999204 0.00895698 0.0388821 -2.31559 -0.0086414 0.999928 -0.00827684 -5.50957 -0.0389534 0.00793425 0.999209 262.779 
0.999077 0.00986067 0.0418032 -2.28274 -0.00960269 0.999934 -0.00636774 -5.5333 -0.0418632 0.00596044 0.999106 263.621 
0.998917 0.0113817 0.0451077 -2.24929 -0.0111924 0.999927 -0.00444753 -5.55757 -0.045155 0.00393785 0.998972 264.463 
0.998782 0.0119276 0.0478698 -2.21167 -0.0117293 0.999921 -0.00442053 -5.58017 -0.0479187 0.00385367 0.998844 265.303 
0.998653 0.0117972 0.050521 -2.16903 -0.0115492 0.99992 -0.00519778 -5.60156 -0.0505783 0.00460731 0.99871 266.146 
0.998536 0.0101964 0.0531148 -2.1206 -0.00991456 0.999935 -0.00556804 -5.62275 -0.0531682 0.00503328 0.998573 266.989 
0.998464 0.00718835 0.0549306 -2.07093 -0.00692358 0.999964 -0.00500896 -5.64239 -0.0549646 0.00462095 0.998478 267.834 
0.998423 0.00572078 0.0558426 -2.02015 -0.00545618 0.999973 -0.00488957 -5.66231 -0.0558691 0.00457717 0.998428 268.682 
0.998395 0.00496856 0.0564207 -1.97234 -0.00469959 0.999977 -0.00489907 -5.68395 -0.0564437 0.00462605 0.998395 269.529 
0.998366 0.00484879 0.0569318 -1.92383 -0.0045818 0.999978 -0.00481941 -5.70592 -0.0569539 0.00455068 0.998366 270.382 
0.998368 0.00482439 0.0569088 -1.87569 -0.00458219 0.99998 -0.0043856 -5.72699 -0.0569288 0.00411767 0.99837 271.234 
0.998396 0.00537455 0.0563685 -1.82945 -0.00516948 0.99998 -0.00378312 -5.75015 -0.0563877 0.00348566 0.998403 272.089 
0.99846 0.00500763 0.0552475 -1.78334 -0.00476577 0.999978 -0.00450878 -5.77311 -0.0552689 0.00423854 0.998463 272.943 
0.998546 0.00513318 0.0536558 -1.7412 -0.00485245 0.999974 -0.00536107 -5.79381 -0.0536819 0.00509291 0.998545 273.795 
0.998628 0.00591853 0.0520212 -1.70084 -0.00559772 0.999964 -0.00631051 -5.81491 -0.0520567 0.00601066 0.998626 274.651 
0.998695 0.0070106 0.0505903 -1.66066 -0.0066944 0.999957 -0.00641686 -5.83588 -0.0506331 0.00606981 0.998699 275.503 
0.998766 0.00813344 0.0489941 -1.62267 -0.0078224 0.999948 -0.00653684 -5.85824 -0.0490447 0.00614552 0.998778 276.354 
0.998868 0.00861346 0.046776 -1.58558 -0.00833855 0.999947 -0.00606901 -5.87971 -0.0468258 0.0056721 0.998887 277.204 
0.998995 0.00842248 0.0440316 -1.55063 -0.00822813 0.999956 -0.00459322 -5.90115 -0.0440683 0.0042263 0.99902 278.052 
0.999178 0.00702436 0.0399296 -1.51786 -0.00694001 0.999973 -0.0022507 -5.9219 -0.0399444 0.00197174 0.9992 278.897 
0.999363 0.00582291 0.0351951 -1.48931 -0.00581906 0.999983 -0.000211965 -5.94192 -0.0351957 7.02846e-06 0.99938 279.735 
0.999657 0.00491401 0.0257086 -1.44776 -0.00496239 0.999986 0.00181816 -5.97802 -0.0256993 -0.00194511 0.999668 281.39 
0.999858 0.00341794 0.0164903 -1.41905 -0.00346411 0.99999 0.00277228 -6.01085 -0.0164806 -0.00282901 0.99986 283.004 
0.999919 0.00301994 0.0123611 -1.41209 -0.00305103 0.999992 0.00249681 -6.02669 -0.0123534 -0.00253432 0.99992 283.788 
0.999959 0.00344834 0.00839104 -1.41125 -0.00346866 0.999991 0.00240803 -6.04017 -0.00838266 -0.00243704 0.999962 284.555 
0.999982 0.00378205 0.00455822 -1.41432 -0.00379344 0.99999 0.00249342 -6.05399 -0.00454875 -0.00251066 0.999987 285.305 
0.999993 0.00353435 0.000765703 -1.41778 -0.00353637 0.99999 0.0026483 -6.06917 -0.000756335 -0.00265099 0.999996 286.036 
0.999958 0.00381434 -0.00837492 -1.43582 -0.00381016 0.999993 0.000514589 -6.10138 0.00837682 -0.000482656 0.999965 287.433 
0.999719 0.00628369 -0.0228721 -1.47765 -0.00635626 0.999975 -0.00310117 -6.1326 0.022852 0.00324568 0.999734 288.751 
0.998896 0.006605 -0.0465137 -1.54562 -0.00681246 0.999968 -0.00430299 -6.16704 0.0464837 0.00461511 0.998908 290.017 
0.996547 0.0102342 -0.0823969 -1.66504 -0.0104729 0.999942 -0.00246584 -6.19696 0.0823669 0.00332026 0.996597 291.23 
0.991448 0.013381 -0.129815 -1.83449 -0.0137845 0.999903 -0.0022104 -6.22425 0.129772 0.00398093 0.991536 292.379 
0.982146 0.0163701 -0.187409 -2.068 -0.0166929 0.999861 -0.000144312 -6.24785 0.18738 0.00327012 0.982282 293.468 
0.966428 0.0166369 -0.256399 -2.3679 -0.0161328 0.999862 0.00406952 -6.27107 0.256431 0.00020353 0.966562 294.512 
0.943122 0.0199169 -0.331848 -2.73939 -0.0176741 0.999796 0.00977555 -6.29763 0.331975 -0.00335442 0.943282 295.467 
0.911282 0.0209466 -0.41125 -3.17854 -0.0164628 0.99976 0.0144422 -6.3146 0.411454 -0.00639056 0.911408 296.349 
0.868843 0.0205875 -0.49466 -3.68733 -0.0137525 0.999753 0.0174538 -6.32823 0.494897 -0.00836182 0.868911 297.164 
0.814534 0.0203592 -0.579758 -4.26856 -0.00993628 0.999727 0.0211472 -6.33699 0.58003 -0.0114645 0.814514 297.944 
0.74789 0.0215285 -0.663473 -4.92265 -0.00835925 0.9997 0.0230156 -6.34518 0.66377 -0.011667 0.747846 298.6 
0.666117 0.0204804 -0.745566 -5.63558 0.00186837 0.999574 0.0291272 -6.34398 0.745845 -0.0207951 0.665794 299.167 
0.567759 0.0249187 -0.822818 -6.40439 0.00645051 0.999376 0.0347166 -6.33231 0.82317 -0.0250183 0.567244 299.609 
0.460022 0.0365391 -0.887155 -7.2164 -0.00096131 0.999173 0.0406543 -6.3261 0.887907 -0.017849 0.459676 299.975 
0.345398 0.0409151 -0.937564 -8.02723 0.0007943 0.999036 0.0438904 -6.30458 0.938456 -0.0159044 0.345033 300.181 
0.227628 0.0482103 -0.972554 -8.84975 0.00551863 0.998694 0.0507978 -6.28289 0.973733 -0.0169302 0.227065 300.287 
0.165841 0.0515813 -0.984803 -9.27029 0.00873268 0.998515 0.0537701 -6.27121 0.986114 -0.0175172 0.165144 300.329 
0.0372819 0.0609102 -0.997447 -10.136 0.0120792 0.99804 0.061398 -6.24255 0.999232 -0.0143374 0.0364731 300.271 
-0.0956733 0.0743332 -0.992633 -11.0311 0.017569 0.997179 0.0729802 -6.19953 0.995258 -0.0104573 -0.0967093 300.097 
-0.227627 0.0866127 -0.969889 -11.9432 0.0251397 0.996227 0.0830646 -6.15018 0.973424 -0.00547504 -0.228945 299.798 
-0.353129 0.0936364 -0.930877 -12.8598 0.0348506 0.995605 0.0869267 -6.09478 0.934925 -0.00174529 -0.35484 299.434 
-0.412246 0.0944947 -0.906159 -13.3109 0.0393319 0.995525 0.0859204 -6.06377 0.910223 -0.000220522 -0.414118 299.143 
-0.467758 0.0945454 -0.878785 -13.7634 0.0427943 0.995519 0.0843259 -6.02836 0.88282 0.00183707 -0.469708 298.874 
-0.519594 0.0946639 -0.849153 -14.2125 0.0459407 0.995501 0.082868 -5.98976 0.853177 0.00404709 -0.521606 298.522 
-0.566104 0.0948009 -0.818864 -14.6631 0.0485279 0.995475 0.0816987 -5.95012 0.822904 0.00651222 -0.568143 298.181 
-0.607122 0.0956122 -0.788836 -15.1162 0.050497 0.99537 0.081781 -5.91352 0.793003 0.00981719 -0.609139 297.802 
-0.644411 0.0989099 -0.758255 -15.5692 0.0553382 0.995031 0.0827663 -5.87199 0.762674 0.011375 -0.646683 297.36 
-0.680915 0.105633 -0.724704 -16.0243 0.0643617 0.994346 0.0844632 -5.83093 0.729529 0.0108691 -0.683864 296.918 
-0.716412 0.111421 -0.688723 -16.4706 0.0717423 0.993697 0.0861335 -5.78346 0.693979 0.0122965 -0.71989 296.401 
-0.779741 0.110185 -0.616331 -17.3224 0.0764321 0.993782 0.080967 -5.69239 0.62142 0.0160258 -0.783314 295.284 
-0.807232 0.107361 -0.580388 -17.7292 0.0784031 0.994108 0.0748447 -5.6455 0.585004 0.0149128 -0.810894 294.684 
-0.83237 0.102443 -0.54467 -18.1234 0.0777282 0.994633 0.0682891 -5.59632 0.548742 0.0145056 -0.835866 294.047 
-0.855053 0.099719 -0.508863 -18.5053 0.0789028 0.994928 0.0623887 -5.55079 0.512503 0.013195 -0.858584 293.35 
-0.875764 0.0978334 -0.472723 -18.872 0.078503 0.995076 0.0605041 -5.50938 0.476314 0.0158772 -0.879132 292.636 
-0.89543 0.0944526 -0.435067 -19.2138 0.0767085 0.995353 0.0582129 -5.47294 0.438544 0.0187523 -0.898514 291.863 
-0.913017 0.0936182 -0.397033 -19.5385 0.0779441 0.995413 0.0554726 -5.4355 0.400406 0.0197009 -0.916126 291.079 
-0.928813 0.0955885 -0.358007 -19.8455 0.0816187 0.995201 0.0539691 -5.39719 0.361448 0.0209072 -0.932158 290.241 
-0.954698 0.0996951 -0.280378 -20.3818 0.0882635 0.994679 0.0531413 -5.33047 0.284184 0.0259867 -0.958418 288.505 
-0.973179 0.101988 -0.206208 -20.8116 0.093287 0.994306 0.051514 -5.265 0.210288 0.0308958 -0.977151 286.621 
-0.985364 0.0988385 -0.138881 -21.1166 0.0939911 0.994726 0.0410546 -5.19823 0.142207 0.0274002 -0.989458 284.63 
-0.992432 0.0962251 -0.0762879 -21.307 0.0935178 0.99488 0.0383087 -5.1433 0.0795836 0.0308845 -0.99635 282.521 
-0.995236 0.0952705 -0.020712 -21.3836 0.0945336 0.994939 0.0340426 -5.09207 0.0238504 0.0319224 -0.999206 280.311 
-0.995538 0.0901444 0.0278974 -21.3456 0.091076 0.995258 0.0341483 -5.04425 -0.0246868 0.0365367 -0.999027 278.007 
-0.994471 0.0827435 0.064654 -21.2092 0.0847867 0.995962 0.0295192 -5.00136 -0.0619504 0.0348378 -0.997471 275.639 
-0.993718 0.0728344 0.0849721 -21.0019 0.0755538 0.996713 0.0292337 -4.96544 -0.0825636 0.03547 -0.995954 273.207 
-0.993731 0.0674377 0.0891622 -20.7768 0.0703133 0.997088 0.0295097 -4.92746 -0.0869125 0.035594 -0.99558 270.705 
-0.994305 0.0646509 0.0847192 -20.5552 0.0673417 0.9973 0.0292953 -4.88341 -0.0825965 0.0348336 -0.995974 268.136 
-0.994922 0.0631624 0.0783582 -20.3459 0.0657742 0.997346 0.0312087 -4.83852 -0.076179 0.0362041 -0.996437 265.51 
-0.995843 0.0609834 0.0676525 -20.1563 0.0634881 0.997351 0.0355105 -4.79953 -0.0653077 0.039658 -0.997077 262.848 
-0.996535 0.0601223 0.0574689 -19.9933 0.0623565 0.997334 0.0379073 -4.76049 -0.0550366 0.0413595 -0.997627 260.19 
-0.99725 0.0575239 0.0467308 -19.8553 0.0592684 0.997562 0.036842 -4.71799 -0.0444976 0.0395103 -0.998228 257.511 
-0.997529 0.0568909 0.0412329 -19.7967 0.0583987 0.997632 0.0363329 -4.69629 -0.0390682 0.038651 -0.998489 256.17 
-0.997763 0.0562884 0.0360518 -19.7459 0.0576884 0.997571 0.0390465 -4.67367 -0.0337664 0.0410389 -0.998587 254.824 
-0.997977 0.0576164 0.0268775 -19.6682 0.0587277 0.997366 0.0425707 -4.61864 -0.0243539 0.044063 -0.998732 252.123 
-0.998048 0.0591368 0.0200731 -19.6137 0.0599296 0.997339 0.0415063 -4.55642 -0.0175652 0.0426283 -0.998937 249.416 
-0.998137 0.0591983 0.0147777 -19.5693 0.0596954 0.997573 0.0358331 -4.50137 -0.0126206 0.0366485 -0.999248 246.706 
-0.998188 0.0592129 0.0107365 -19.538 0.0596028 0.997396 0.0406116 -4.445 -0.00830382 0.0411779 -0.999117 243.97 
-0.998187 0.0593773 0.00984946 -19.5267 0.0597285 0.997399 0.040346 -4.41134 -0.0074282 0.0408611 -0.999137 242.596 
-0.998114 0.0606161 0.00971818 -19.5138 0.0609638 0.997309 0.0407275 -4.37826 -0.00722329 0.0412431 -0.999123 241.222 
-0.998096 0.0608774 0.00995391 -19.5032 0.0612345 0.997292 0.0407293 -4.34609 -0.00744747 0.0412612 -0.999121 239.839 
-0.997885 0.0640574 0.0110327 -19.481 0.064428 0.997223 0.0373665 -4.28645 -0.00860843 0.0379983 -0.999241 237.073 
-0.997732 0.066012 0.0131621 -19.4501 0.0665033 0.996933 0.041247 -4.2238 -0.010399 0.0420287 -0.999062 234.291 
-0.997863 0.0635565 0.0151381 -19.4066 0.0641514 0.997025 0.0427366 -4.15292 -0.0123769 0.0436164 -0.998972 231.492 
-0.998054 0.0601614 0.0163722 -19.3556 0.0608014 0.99727 0.0418928 -4.09135 -0.0138072 0.0428067 -0.998988 228.688 
-0.998034 0.0604056 0.016693 -19.3094 0.061015 0.997383 0.0387922 -4.0312 -0.014306 0.0397345 -0.999108 225.871 
-0.997974 0.0612577 0.0171721 -19.2653 0.061909 0.997264 0.0403829 -3.97516 -0.0146514 0.0413642 -0.999037 223.034 
-0.99803 0.0602836 0.0173623 -19.2149 0.0609664 0.997259 0.0419296 -3.91575 -0.0147871 0.0429056 -0.99897 220.186 
-0.998015 0.060565 0.0172517 -19.1647 0.0612205 0.997306 0.0404035 -3.85191 -0.0147582 0.0413795 -0.999035 217.328 
-0.997889 0.0625505 0.0174596 -19.1149 0.0632531 0.997066 0.043101 -3.78382 -0.0147124 0.0441144 -0.998918 214.452 
-0.99787 0.0628501 0.0174598 -19.084 0.0635439 0.997073 0.0425218 -3.74454 -0.0147362 0.0435407 -0.998943 213.011 
-0.997835 0.0634161 0.0174059 -19.0532 0.0640673 0.99715 0.0398286 -3.70667 -0.0148305 0.0408575 -0.999055 211.57 
-0.997866 0.0629366 0.0173792 -18.9904 0.0635988 0.997148 0.0406227 -3.63417 -0.014773 0.0416413 -0.999023 208.672 
-0.997907 0.0622505 0.0175085 -18.9279 0.0629027 0.997236 0.0395545 -3.55915 -0.0149978 0.040573 -0.999064 205.758 
-0.998002 0.0607796 0.0172476 -18.8648 0.0614557 0.997233 0.0418309 -3.48764 -0.0146574 0.0428073 -0.998976 202.832 
-0.997915 0.0621706 0.0173612 -18.809 0.0628335 0.997194 0.0406818 -3.41917 -0.0147833 0.0416879 -0.999021 199.909 
-0.997942 0.0620157 0.0163174 -18.7519 0.0627025 0.996989 0.0456241 -3.35064 -0.0134388 0.0465533 -0.998825 196.976 
-0.998025 0.0609385 0.0152772 -18.7236 0.0615833 0.997039 0.0460573 -3.31386 -0.0124253 0.0469071 -0.998822 195.515 
-0.998082 0.0602617 0.0141655 -18.6972 0.0608535 0.99709 0.0459184 -3.27644 -0.0113571 0.0466924 -0.998845 194.056 
-0.998166 0.0592744 0.0123008 -18.648 0.0597818 0.997147 0.0460891 -3.20505 -0.00953379 0.0467399 -0.998862 191.144 
-0.998083 0.0609218 0.0108909 -18.6104 0.0613504 0.997115 0.0446967 -3.13828 -0.0081365 0.0452791 -0.998941 188.243 
-0.998112 0.0606706 0.00957521 -18.5769 0.0610404 0.997131 0.0447547 -3.07584 -0.00683245 0.0452547 -0.998952 185.352 
-0.998131 0.0604498 0.00902349 -18.5605 0.0608012 0.9971 0.0457688 -3.04424 -0.00623061 0.0462318 -0.998911 183.909 
-0.998152 0.060188 0.00835879 -18.546 0.060518 0.997041 0.0474027 -3.01113 -0.00548098 0.047821 -0.998841 182.469 
-0.998156 0.0602652 0.00722776 -18.5334 0.0605447 0.996998 0.048264 -2.97727 -0.00429743 0.0486126 -0.998808 181.032 
-0.998174 0.0601866 0.00519615 -18.5232 0.0603643 0.997078 0.0468043 -2.94218 -0.00236397 0.0470325 -0.998891 179.601 
-0.998166 0.0605306 0.00123086 -18.5107 0.0605206 0.997035 0.0475323 -2.87354 0.00164995 0.0475196 -0.998869 176.751 
-0.998041 0.0624989 -0.00282821 -18.5133 0.0622881 0.996874 0.0486068 -2.80321 0.00585725 0.0483354 -0.998814 173.93 
-0.998024 0.0626469 -0.0048148 -18.5183 0.0623395 0.996867 0.0486763 -2.76955 0.00784914 0.04828 -0.998803 172.537 
-0.997997 0.0628885 -0.00681973 -18.5267 0.0624678 0.996778 0.0503203 -2.73603 0.00996233 0.0497935 -0.99871 171.156 
-0.997902 0.0638009 -0.0110031 -18.5517 0.0631287 0.996581 0.0532982 -2.66695 0.014366 0.0524917 -0.998518 168.447 
-0.997866 0.0640468 -0.0127156 -18.5681 0.063298 0.996615 0.0524611 -2.63353 0.0160325 0.0515443 -0.998542 167.126 
-0.997822 0.0641553 -0.0153698 -18.605 0.0632094 0.996447 0.0556675 -2.56588 0.0188866 0.0545747 -0.998331 164.539 
-0.997807 0.0642404 -0.0159498 -18.6444 0.0632995 0.996545 0.0537756 -2.5028 0.0193493 0.0526481 -0.998426 162.047 
-0.997799 0.0644501 -0.0156188 -18.6821 0.0635346 0.996553 0.0533461 -2.44759 0.0190031 0.0522363 -0.998454 159.653 
-0.997831 0.0641117 -0.0149344 -18.7172 0.0632165 0.996526 0.0542149 -2.39686 0.0183583 0.0531532 -0.998418 157.36 
-0.997811 0.0645853 -0.0142252 -18.7334 0.0636958 0.996398 0.055983 -2.3708 0.0177897 0.0549543 -0.99833 156.25 
-0.997858 0.0639692 -0.0137075 -18.7489 0.0630918 0.99638 0.056978 -2.34737 0.0173027 0.0559911 -0.998281 155.169 
-0.99794 0.0627639 -0.0132854 -18.7623 0.0619265 0.996502 0.056109 -2.32265 0.0167606 0.0551707 -0.998336 154.117 
-0.997907 0.0633588 -0.0129065 -18.7779 0.0625592 0.996523 0.0550275 -2.29743 0.0163481 0.0541049 -0.998401 153.088 
-0.997957 0.0627924 -0.0118166 -18.8044 0.062067 0.996606 0.0540838 -2.25235 0.0151726 0.0532398 -0.998467 151.111 
-0.997934 0.0633379 -0.0107775 -18.8274 0.0626438 0.996479 0.0557219 -2.20994 0.0142688 0.0549317 -0.998388 149.24 
-0.99791 0.063884 -0.00968684 -18.8475 0.0632426 0.996414 0.0562088 -2.1648 0.0132429 0.0554787 -0.998372 147.461 
-0.997951 0.0633705 -0.00878707 -18.8628 0.0628144 0.996596 0.0533881 -2.12351 0.0121404 0.0527267 -0.998535 145.754 
-0.997672 0.0677028 -0.00815838 -18.8824 0.0672119 0.996478 0.0501328 -2.07834 0.0115238 0.0494677 -0.998709 144.104 
-0.997737 0.0667607 -0.00796862 -18.892 0.066281 0.996544 0.0500671 -2.04211 0.0112836 0.0494256 -0.998714 142.52 
-0.997549 0.0695291 -0.00786536 -18.9087 0.0690792 0.996476 0.0475785 -2.00512 0.0111457 0.0469186 -0.998837 140.993 
-0.997558 0.0692891 -0.00880415 -18.9195 0.0687757 0.996418 0.0492041 -1.97456 0.0121819 0.0484784 -0.99875 139.499 
-0.9974 0.0713883 -0.00987074 -18.9351 0.0708393 0.996341 0.0478125 -1.94437 0.0132479 0.0469889 -0.998808 138.044 
-0.997204 0.0739792 -0.0105095 -18.9546 0.0734402 0.996295 0.0447485 -1.91499 0.013781 0.0438516 -0.998943 136.621 
-0.997078 0.0754793 -0.0117169 -18.9737 0.0749519 0.996371 0.0403312 -1.89527 0.0147185 0.0393351 -0.999118 135.216 
-0.997312 0.0721261 -0.0129272 -18.9831 0.0716097 0.996756 0.0367359 -1.86792 0.0155349 0.0357114 -0.999241 133.82 
-0.996996 0.0762837 -0.0133804 -19.0039 0.0756835 0.996299 0.040751 -1.83902 0.0164395 0.0396159 -0.99908 132.429 
-0.997667 0.0667203 -0.0144539 -19.0074 0.0661229 0.997069 0.0384778 -1.82356 0.0169788 0.0374323 -0.999155 131.06 
-0.997595 0.0677949 -0.0143944 -19.0266 0.0674104 0.997394 0.0256974 -1.8 0.016099 0.0246652 -0.999566 129.693 
-0.998171 0.0588634 -0.0137515 -19.0297 0.0584923 0.997949 0.025991 -1.78324 0.0152532 0.0251391 -0.999568 128.287 
-0.99846 0.0543389 -0.0111999 -19.0369 0.053955 0.998026 0.0321262 -1.76235 0.0129236 0.0314724 -0.999421 126.832 
-0.998518 0.0540495 -0.00636716 -19.0431 0.0538162 0.998025 0.0324093 -1.73955 0.00810629 0.0320186 -0.999454 125.339 
-0.998691 0.0511419 0.000177795 -19.034 0.051124 0.998235 0.0302153 -1.70496 0.00136779 0.0301849 -0.999543 123.793 
-0.998732 0.0498256 0.00723671 -19.0174 0.0500668 0.998014 0.0382285 -1.67161 -0.00531758 0.0385423 -0.999243 122.172 
-0.998505 0.0527305 0.0144175 -18.9955 0.0532862 0.997723 0.0413387 -1.63046 -0.0122048 0.0420452 -0.999041 120.489 
-0.998193 0.0558516 0.0221827 -18.9624 0.0566488 0.997705 0.0371005 -1.58386 -0.0200596 0.0382901 -0.999065 118.74 
-0.997796 0.0591212 0.0301125 -18.9125 0.060193 0.997536 0.0360261 -1.53944 -0.0279085 0.0377593 -0.998897 116.921 
-0.997348 0.061709 0.0385996 -18.8457 0.0632519 0.997191 0.0401166 -1.49574 -0.0360157 0.0424517 -0.998449 115.028 
-0.996992 0.0646659 0.0427162 -18.8074 0.0663674 0.997005 0.0396925 -1.47269 -0.0400215 0.0424081 -0.998298 114.057 
-0.99642 0.0673461 0.0511037 -18.711 0.069128 0.99703 0.0339393 -1.42582 -0.0486662 0.0373505 -0.998116 112.07 
-0.996006 0.0680574 0.0577957 -18.5927 0.0699969 0.997027 0.032221 -1.38209 -0.055431 0.0361378 -0.997808 110.01 
-0.995888 0.0681864 0.0596542 -18.5267 0.0701692 0.997028 0.031798 -1.36259 -0.0573087 0.0358532 -0.997713 108.955 
-0.995916 0.06685 0.0606814 -18.3897 0.0685437 0.997302 0.0262697 -1.32609 -0.0587615 0.0303217 -0.997811 106.796 
-0.995718 0.0703541 0.0599628 -18.2568 0.072024 0.99706 0.0261548 -1.28814 -0.0579464 0.0303616 -0.997858 104.562 
-0.995749 0.0702485 0.0595828 -18.1174 0.0724216 0.996755 0.0351296 -1.24473 -0.0569217 0.0392953 -0.997605 102.246 
-0.995946 0.0686017 0.0581869 -17.972 0.0704953 0.997026 0.0311391 -1.19566 -0.0558777 0.0351147 -0.99782 99.8817 
-0.996093 0.0671447 0.0573521 -17.825 0.0690053 0.997131 0.0310997 -1.15122 -0.0550995 0.0349358 -0.997869 97.4478 
-0.996118 0.0682695 0.0555728 -17.6842 0.0701844 0.996979 0.0332645 -1.10252 -0.053134 0.0370357 -0.9979 94.9527 
-0.99629 0.0670092 0.054 -17.6127 0.0690018 0.99697 0.0359199 -1.07749 -0.0514294 0.0395127 -0.997895 93.6775 
-0.996426 0.0665296 0.0520477 -17.5437 0.0683455 0.997085 0.0339224 -1.04997 -0.0496392 0.0373584 -0.998068 92.3932 
-0.996598 0.0658249 0.0496038 -17.4771 0.067556 0.997134 0.0340695 -1.02226 -0.047219 0.0373047 -0.998188 91.0903 
-0.996925 0.062717 0.0469784 -17.41 0.0643324 0.997359 0.0336984 -0.999006 -0.0447409 0.036617 -0.998327 89.7748 
-0.996919 0.06516 0.0436551 -17.3507 0.0662506 0.997514 0.024018 -0.97534 -0.0419815 0.0268362 -0.998758 88.4541 
-0.997034 0.0652185 0.0408576 -17.2933 0.0660695 0.997618 0.0198344 -0.958478 -0.0394667 0.0224751 -0.998968 87.1097 
-0.997139 0.0651298 0.0383739 -17.2398 0.0662256 0.997411 0.0280119 -0.944055 -0.0364501 0.0304731 -0.998871 85.7375 
-0.997277 0.0644023 0.0359441 -17.1883 0.0656562 0.997233 0.0348659 -0.921829 -0.0335992 0.0371309 -0.998745 84.3517 
-0.997425 0.0635172 0.0333058 -17.1385 0.0646962 0.99727 0.035603 -0.892592 -0.0309534 0.0376661 -0.998811 82.9564 
-0.997628 0.0626751 0.028451 -17.0483 0.0636003 0.997434 0.0328702 -0.833061 -0.0263179 0.0346018 -0.999055 80.1265 
-0.997567 0.0652774 0.0244777 -16.9736 0.0660827 0.997246 0.0336774 -0.77713 -0.022212 0.035213 -0.999133 77.2278 
-0.997685 0.0648601 0.0204358 -16.9054 0.065599 0.997128 0.0378406 -0.718759 -0.0179228 0.0390936 -0.999075 74.2844 
-0.997805 0.0636037 0.0184137 -16.8736 0.0643123 0.997093 0.0408589 -0.688618 -0.0157614 0.0419534 -0.998995 72.8087 
-0.997897 0.0631123 0.0147713 -16.8211 0.0637243 0.996931 0.0454778 -0.626696 -0.0118558 0.0463234 -0.998856 69.8619 
-0.997889 0.0637888 0.0121463 -16.7792 0.0642598 0.996988 0.0434333 -0.561778 -0.00933915 0.0441222 -0.998982 66.9246 
-0.997965 0.0628922 0.0105077 -16.7413 0.0633012 0.996995 0.044643 -0.498323 -0.00766845 0.0452173 -0.998948 63.9872 
-0.997979 0.0628915 0.00913444 -16.7074 0.0632192 0.997131 0.0416291 -0.434222 -0.00649012 0.0421224 -0.999091 61.0593 
-0.997902 0.0641339 0.00885618 -16.6773 0.0644805 0.996815 0.0469377 -0.369666 -0.00581768 0.0474103 -0.998859 58.1185 
-0.997906 0.0639373 0.00978201 -16.6429 0.0643437 0.996711 0.0492656 -0.292801 -0.00659993 0.0497918 -0.998738 55.1885 
-0.997945 0.0630505 0.0114147 -16.6009 0.0634781 0.997096 0.0420764 -0.223878 -0.00872856 0.0427145 -0.999049 52.277 
-0.997948 0.0628669 0.0121345 -16.5778 0.0633178 0.99714 0.0412669 -0.195088 -0.00950543 0.0419506 -0.999074 50.8207 
-0.997986 0.0621162 0.0128457 -16.5545 0.0626129 0.997121 0.0427734 -0.166754 -0.0101518 0.0434916 -0.999002 49.3668 
-0.997905 0.0632512 0.0136152 -16.5315 0.0638097 0.996925 0.0454833 -0.136119 -0.0106965 0.0462568 -0.998872 47.9114 
-0.997934 0.062616 0.0144088 -16.5059 0.0632509 0.996799 0.0489048 -0.101866 -0.0113004 0.0497151 -0.998699 46.4611 
-0.998028 0.0610291 0.0146873 -16.4782 0.0616807 0.996892 0.0489985 -0.0668298 -0.0116513 0.0498078 -0.998691 45.0138 
-0.998053 0.0607866 0.0139933 -16.4254 0.0613146 0.997275 0.0410351 -0.00428615 -0.0114607 0.0418131 -0.99906 42.137 
-0.997947 0.0626403 0.0133342 -16.38 0.063177 0.997006 0.0445851 0.0513988 -0.0105014 0.045336 -0.998917 39.2618 
-0.997983 0.0621364 0.0129854 -16.3568 0.0626727 0.996971 0.0460597 0.0806055 -0.0100841 0.0467806 -0.998854 37.8248 
-0.998065 0.0609454 0.0122986 -16.3325 0.0614373 0.997112 0.0446331 0.111825 -0.00954289 0.0453023 -0.998928 36.3968 
-0.998182 0.0591261 0.0116832 -16.3076 0.0595861 0.997252 0.0440101 0.141409 -0.00904897 0.0446263 -0.998963 34.97 
-0.99824 0.0582587 0.0110815 -16.2847 0.0586866 0.997338 0.0432852 0.170682 -0.00853025 0.0438593 -0.999001 33.5444 
-0.998196 0.0590737 0.0107624 -16.264 0.0594783 0.997335 0.0422528 0.199871 -0.00823772 0.0428167 -0.999049 32.1247 
-0.998085 0.0609364 0.0106252 -16.2461 0.0613321 0.99723 0.0420795 0.227999 -0.00803158 0.0426506 -0.999058 30.7078 
-0.997895 0.0639842 0.0105794 -16.2128 0.0643942 0.996932 0.0445004 0.286007 -0.0076996 0.0450879 -0.998953 27.8676 
-0.998 0.0624026 0.0101425 -16.1748 0.0627844 0.997095 0.0431327 0.345532 -0.00742147 0.0436832 -0.999018 25.0502 
-0.998187 0.0594563 0.00939459 -16.1341 0.0598079 0.997279 0.0431088 0.404138 -0.00680594 0.0435925 -0.999026 22.2484 
-0.99815 0.0601073 0.00912394 -16.1004 0.0604577 0.997164 0.0448265 0.461558 -0.00640366 0.0452952 -0.998953 19.4725 
-0.99807 0.0614475 0.00894594 -16.0866 0.0617925 0.997052 0.0454919 0.492678 -0.0061242 0.0459569 -0.998925 18.0884 
-0.998049 0.0617875 0.00894943 -16.0726 0.0621392 0.996978 0.046617 0.52366 -0.00604204 0.0470822 -0.998873 16.7084 
-0.998206 0.059354 0.00785864 -16.0404 0.0596205 0.997431 0.0397066 0.582246 -0.00548171 0.0401039 -0.999181 13.9623 
-0.998613 0.0520647 0.00783009 -15.9999 0.0523338 0.997853 0.0393776 0.627781 -0.00576309 0.0397327 -0.999194 11.2215 
-0.998666 0.0509918 0.00816161 -15.9818 0.051293 0.997785 0.0423519 0.653636 -0.00598393 0.0427141 -0.999069 9.853 
-0.998602 0.0522113 0.00822333 -15.9675 0.052523 0.997656 0.0438614 0.682198 -0.00591399 0.044232 -0.999004 8.48738 
-0.998095 0.0610195 0.00906531 -15.9496 0.0613859 0.99696 0.0479776 0.744327 -0.00611019 0.0484427 -0.998807 5.76379 
-0.997939 0.0635082 0.00913385 -15.9388 0.0638699 0.996845 0.0471324 0.778721 -0.00611174 0.0476187 -0.998847 4.40032 
-0.997895 0.0642503 0.0088642 -15.9092 0.0645692 0.997019 0.0422432 0.844665 -0.00612364 0.0427266 -0.999068 1.6761 
-0.998143 0.0603587 0.00826222 -15.8712 0.0606548 0.997268 0.0421595 0.904504 -0.00569496 0.0425823 -0.999077 -1.06317 
-0.998181 0.0597811 0.00780661 -15.8384 0.0600465 0.997396 0.0399395 0.960124 -0.00539866 0.0403356 -0.999172 -3.81359 
-0.998222 0.0591147 0.00762183 -15.8082 0.0593741 0.997429 0.0401221 1.01409 -0.00523043 0.0405033 -0.999166 -6.57647 
-0.998412 0.0558965 0.00700252 -15.7739 0.0561322 0.997627 0.0398757 1.07072 -0.00475699 0.0402055 -0.99918 -9.35714 
-0.998548 0.0534333 0.00683878 -15.7559 0.0536773 0.997646 0.0426702 1.10059 -0.00454267 0.0429754 -0.999066 -10.7552 
-0.998639 0.0517386 0.00654927 -15.7385 0.0519726 0.997727 0.0428829 1.12967 -0.00431569 0.0431649 -0.999059 -12.1499 
-0.998726 0.0500959 0.00607549 -15.7058 0.0502939 0.997986 0.0386471 1.18872 -0.00412719 0.0389034 -0.999235 -14.951 
-0.998792 0.0487102 0.00648413 -15.6752 0.0489209 0.998089 0.0377468 1.2389 -0.00463308 0.0380184 -0.999266 -17.7644 
-0.998839 0.0477129 0.00657023 -15.6595 0.047909 0.998277 0.0338929 1.25838 -0.00494178 0.0341684 -0.999404 -19.1735 
-0.998865 0.0471492 0.00675802 -15.6435 0.0473475 0.998333 0.0330146 1.27911 -0.00519014 0.0332971 -0.999432 -20.5842 
-0.998826 0.0479201 0.00710897 -15.6299 0.0481416 0.99822 0.0352001 1.29821 -0.00540952 0.035501 -0.999355 -22.0039 
-0.998679 0.0508047 0.00766811 -15.6178 0.0510482 0.998052 0.0358622 1.32013 -0.0058312 0.0362063 -0.999327 -23.4244 
-0.998578 0.0526664 0.00820736 -15.606 0.0529232 0.997983 0.0350576 1.34248 -0.00634445 0.0354421 -0.999352 -24.845 
-0.998599 0.0521993 0.00862454 -15.5903 0.0524732 0.997996 0.0353532 1.36253 -0.00676185 0.0357562 -0.999338 -26.2678 
-0.998682 0.0505942 0.0085833 -15.554 0.0508564 0.998136 0.033729 1.40128 -0.00686082 0.034121 -0.999394 -29.1154 
-0.998572 0.0524995 0.00988939 -15.5214 0.0528449 0.997853 0.0386915 1.4506 -0.00783687 0.0391589 -0.999202 -31.9731 
-0.998298 0.0571705 0.0115002 -15.4933 0.057566 0.997632 0.0376419 1.49691 -0.00932092 0.0382399 -0.999225 -34.82 
-0.998216 0.0585104 0.0119089 -15.4766 0.0589332 0.997502 0.0389542 1.51964 -0.00959994 0.0395865 -0.99917 -36.2445 
-0.998095 0.0604876 0.0121391 -15.4609 0.0609207 0.997372 0.039204 1.54276 -0.00973584 0.0398688 -0.999158 -37.6656 
-0.997954 0.0627049 0.0125044 -15.4441 0.0631551 0.997217 0.0396206 1.56685 -0.00998519 0.0403293 -0.999137 -39.0822 
-0.997835 0.0644816 0.0129439 -15.4267 0.0649635 0.997041 0.0411068 1.59371 -0.010255 0.0418587 -0.999071 -40.499 
-0.997711 0.0663361 0.0130939 -15.4093 0.0668328 0.996877 0.0420756 1.62115 -0.0102619 0.0428544 -0.999029 -41.9139 
-0.997384 0.0710715 0.0131636 -15.3752 0.0714792 0.996874 0.0336483 1.67019 -0.0107311 0.0345012 -0.999347 -44.7246 
-0.997325 0.0718293 0.013504 -15.3378 0.0722703 0.996748 0.0356356 1.71026 -0.0109005 0.0365163 -0.999274 -47.538 
-0.997388 0.0709966 0.0133258 -15.2972 0.0714312 0.99681 0.0356045 1.75778 -0.0107555 0.0364633 -0.999277 -50.3466 
-0.997374 0.0711834 0.0133521 -15.277 0.0716144 0.996811 0.0351958 1.78328 -0.0108041 0.0360595 -0.999291 -51.7485 
-0.997423 0.0704948 0.013348 -15.2568 0.0709433 0.996801 0.0367963 1.8087 -0.0107114 0.0376484 -0.999234 -53.1527 
-0.997473 0.0700767 0.0117216 -15.2177 0.0704341 0.996953 0.033519 1.85964 -0.00933702 0.0342599 -0.999369 -55.9495 
-0.997444 0.0707486 0.00995904 -15.1841 0.0710564 0.996858 0.0349885 1.90589 -0.00745236 0.0356068 -0.999338 -58.7514 
-0.997382 0.0717489 0.00900512 -15.1701 0.0720127 0.99684 0.0335279 1.92781 -0.00657107 0.0340886 -0.999397 -60.1507 
-0.997461 0.0708244 0.00744125 -15.1423 0.0710401 0.996878 0.034464 1.96959 -0.00497713 0.0349052 -0.999378 -62.9515 
-0.997518 0.0700987 0.00660021 -15.128 0.0702877 0.996913 0.0349817 1.98995 -0.00412766 0.0353588 -0.999366 -64.3508 
-0.997604 0.0689395 0.00583632 -15.1134 0.0691036 0.996981 0.0353996 2.0103 -0.00337827 0.0357181 -0.999356 -65.7507 
-0.997609 0.0689224 0.00517194 -15.1012 0.0690631 0.996981 0.0354884 2.03155 -0.00271038 0.0357607 -0.999357 -67.1465 
-0.997552 0.0697597 0.00474988 -15.083 0.0698835 0.996943 0.0349457 2.07123 -0.00229755 0.0351921 -0.999378 -69.9346 
-0.997516 0.070243 0.0052233 -15.0644 0.0703735 0.997021 0.031562 2.10281 -0.00299073 0.0318512 -0.999488 -72.7084 
-0.997338 0.0726121 0.00662674 -15.0432 0.0727994 0.996742 0.0347224 2.13072 -0.00408389 0.0351124 -0.999375 -75.4762 
-0.997261 0.0735477 0.00782347 -15.0308 0.0737887 0.996584 0.0370851 2.14655 -0.00506922 0.0375608 -0.999282 -76.8564 
-0.997198 0.0742592 0.00901343 -15.0168 0.0745413 0.996547 0.0365656 2.16346 -0.00626698 0.037135 -0.999291 -78.2265 
-0.997205 0.0741079 0.00952148 -14.9983 0.0743836 0.996687 0.0329016 2.17982 -0.00705167 0.0335179 -0.999413 -79.5932 
-0.997337 0.0722779 0.00972219 -14.9793 0.0725402 0.996912 0.0300563 2.19119 -0.00751977 0.0306815 -0.999501 -80.9536 
-0.997425 0.0710185 0.010009 -14.9413 0.0713369 0.996795 0.0361952 2.21439 -0.0074064 0.036816 -0.999295 -83.6805 
-0.997344 0.0721357 0.0100962 -14.9082 0.0724751 0.996619 0.0387007 2.25086 -0.00727035 0.0393296 -0.9992 -86.384 
-0.997341 0.0722239 0.00967253 -14.8919 0.072536 0.996673 0.0371662 2.26864 -0.00695607 0.037769 -0.999262 -87.7267 
-0.997481 0.0705109 0.00777731 -14.8566 0.070738 0.996903 0.0343721 2.29699 -0.00532961 0.0348357 -0.999379 -90.408 
-0.997569 0.0693489 0.00678033 -14.8392 0.0695458 0.996956 0.0352411 2.31115 -0.00431576 0.035627 -0.999356 -91.7411 
-0.997593 0.0690708 0.00619157 -14.8243 0.0692534 0.996912 0.037008 2.32693 -0.00361628 0.0373477 -0.999296 -93.0767 
-0.997596 0.0690833 0.00540046 -14.8108 0.0692329 0.996958 0.0358045 2.3415 -0.00291055 0.0360923 -0.999344 -94.4004 
-0.997599 0.0690894 0.00478244 -14.798 0.0692142 0.996998 0.0347163 2.3579 -0.00236956 0.034964 -0.999386 -95.7244 
-0.997626 0.0687711 0.00347244 -14.776 0.068853 0.996924 0.0374336 2.38983 -0.00088741 0.0375839 -0.999293 -98.3634 
-0.99761 0.0690694 0.00167024 -14.7585 0.0690834 0.996904 0.037534 2.42687 0.000927379 0.0375597 -0.999294 -100.984 
-0.997622 0.0689271 0.000230392 -14.7441 0.068888 0.996932 0.0371479 2.46267 0.00233081 0.0370755 -0.99931 -103.593 
-0.997589 0.0693926 -0.000408367 -14.7396 0.0693297 0.996903 0.0371241 2.48036 0.00298324 0.0370063 -0.999311 -104.892 
-0.997635 0.0687242 -0.00106915 -14.7342 0.0686391 0.996969 0.036613 2.49831 0.0035821 0.036453 -0.999329 -106.186 
-0.997637 0.068672 -0.0018943 -14.7307 0.0685617 0.997014 0.0355198 2.51495 0.00432787 0.035306 -0.999367 -107.473 
-0.997614 0.0689949 -0.00235413 -14.7282 0.0688753 0.997045 0.0340206 2.53066 0.00469442 0.0337773 -0.999418 -108.763 
-0.997602 0.0691565 -0.00263122 -14.7256 0.0690068 0.99689 0.0380598 2.56369 0.00525512 0.037787 -0.999272 -111.329 
-0.997581 0.0694796 -0.00230498 -14.7215 0.0693539 0.996957 0.0355917 2.60037 0.00477087 0.0353457 -0.999364 -113.877 
-0.997481 0.0709084 -0.00202276 -14.7178 0.0707866 0.996815 0.0367401 2.6342 0.0046215 0.0365043 -0.999323 -116.411 
-0.997483 0.0708889 -0.00137939 -14.7128 0.070783 0.996744 0.0386111 2.66779 0.004112 0.0384162 -0.999253 -118.924 
-0.997465 0.0711532 -0.00130037 -14.7098 0.0710525 0.996747 0.0380308 2.68566 0.00400216 0.037842 -0.999276 -120.173 
-0.997499 0.0706612 -0.00129007 -14.7057 0.0705612 0.996782 0.0380352 2.70391 0.00397353 0.0378491 -0.999276 -121.414 
-0.997492 0.0707696 -0.00148602 -14.7029 0.0706628 0.996781 0.0378653 2.71994 0.00416095 0.0376653 -0.999282 -122.645 
-0.99759 0.0693019 -0.00333369 -14.6988 0.0691265 0.996887 0.0379067 2.7515 0.00595031 0.0375849 -0.999276 -125.082 
-0.99774 0.0669436 -0.00574651 -14.6985 0.0666624 0.996977 0.039921 2.78482 0.00840159 0.0394477 -0.999186 -127.485 
-0.997743 0.0666208 -0.00835732 -14.7061 0.0662659 0.997105 0.0372856 2.81753 0.0108171 0.0366476 -0.99927 -129.845 
-0.99771 0.0670396 -0.00899215 -14.7123 0.0666653 0.997092 0.0369197 2.83317 0.0114411 0.0362357 -0.999278 -131.009 
-0.997649 0.0679462 -0.00892477 -14.719 0.067551 0.996957 0.0389121 2.84869 0.0115415 0.0382177 -0.999203 -132.162 
-0.997614 0.0685077 -0.0086063 -14.7249 0.0680969 0.996823 0.041318 2.864 0.0114096 0.0406334 -0.999109 -133.3 
-0.99747 0.070571 -0.0086098 -14.7333 0.0701496 0.996648 0.0420846 2.88027 0.0115509 0.0413741 -0.999077 -134.417 
-0.997332 0.0724942 -0.00855478 -14.7431 0.0720832 0.996545 0.0412445 2.89521 0.0115152 0.0405178 -0.999112 -135.514 
-0.997459 0.070694 -0.00888113 -14.7462 0.0702583 0.99663 0.0423454 2.91317 0.0118448 0.0416138 -0.999064 -136.594 
-0.99743 0.0709289 -0.0100921 -14.7585 0.0704023 0.996485 0.0453989 2.94671 0.0132768 0.0445717 -0.998918 -138.687 
-0.997505 0.0692995 -0.0134689 -14.7736 0.0686439 0.996661 0.044213 2.97953 0.0164878 0.0431782 -0.998931 -140.676 
-0.997417 0.0703488 -0.0145347 -14.7849 0.069635 0.996564 0.0448565 2.99326 0.0176404 0.0437285 -0.998888 -141.631 
-0.997272 0.072306 -0.0148594 -14.8085 0.0715657 0.9964 0.0454434 3.02 0.0180918 0.044256 -0.998856 -143.452 
-0.996956 0.0776416 -0.007091 -14.8233 0.0772658 0.996075 0.0431864 3.04471 0.0104162 0.0425071 -0.999042 -145.155 
-0.9961 0.0854175 0.0220899 -14.7976 0.0862628 0.995442 0.0406577 3.06559 -0.0185163 0.0424047 -0.998929 -146.744 
-0.993891 0.0852339 0.0701148 -14.6882 0.0882946 0.995218 0.0417719 3.07911 -0.0662192 0.0477074 -0.996664 -148.225 
-0.988213 0.0818113 0.129387 -14.492 0.0879692 0.995212 0.0426069 3.08883 -0.125282 0.0534868 -0.990678 -149.595 
-0.975301 0.0835113 0.204485 -14.2131 0.0920268 0.995227 0.032477 3.08933 -0.200796 0.0504929 -0.978331 -150.833 
-0.952149 0.0829722 0.294156 -13.8334 0.0936762 0.995349 0.0224621 3.08658 -0.290924 0.0489427 -0.955493 -151.95 
-0.88895 0.0819106 0.45062 -13.0824 0.096724 0.995262 0.00989802 3.04676 -0.447674 0.0523846 -0.892661 -153.424 
-0.825376 0.0781119 0.559154 -12.4465 0.0951401 0.995463 0.00137499 3.01524 -0.55651 0.0543328 -0.829063 -154.267 
-0.69447 0.0706755 0.716042 -11.3181 0.0917046 0.995742 -0.00934096 2.94718 -0.713654 0.0591774 -0.697994 -155.331 
-0.585221 0.0605408 0.808611 -10.4659 0.0832013 0.996429 -0.014387 2.90156 -0.806594 0.0588579 -0.588168 -155.856 
-0.466543 0.052451 0.882942 -9.56712 0.0728102 0.99713 -0.0207618 2.84459 -0.881497 0.0546009 -0.469023 -156.278 
-0.338872 0.0505604 0.939473 -8.64203 0.0689579 0.997204 -0.0287939 2.78724 -0.938302 0.0550266 -0.341411 -156.539 
-0.205912 0.0511896 0.977231 -7.69941 0.061418 0.997338 -0.0393015 2.72269 -0.976641 0.0519269 -0.208508 -156.663 
-0.0674921 0.0400966 0.996914 -6.73417 0.0515394 0.997998 -0.0366509 2.66501 -0.996388 0.0489067 -0.0694235 -156.651 
0.0739937 0.0182407 0.997092 -5.75124 0.0477837 0.998619 -0.0218147 2.6152 -0.996113 0.0492589 0.0730199 -156.544 
0.215344 -0.00253655 0.976535 -4.77901 0.0385675 0.999239 -0.00590934 2.56936 -0.975776 0.0389351 0.215278 -156.244 
0.354543 -0.00971526 0.934989 -3.83834 0.0364165 0.999331 -0.00342514 2.54241 -0.93433 0.0352634 0.35466 -155.808 
0.421523 -0.0148738 0.906695 -3.37534 0.0368797 0.999319 -0.00075217 2.53483 -0.906067 0.0337557 0.421785 -155.554 
0.486004 -0.0206811 0.873712 -2.92242 0.0371338 0.999306 0.00299825 2.5307 -0.873167 0.0309871 0.486435 -155.221 
0.547826 -0.0254918 0.836204 -2.48057 0.0370104 0.999296 0.00621684 2.52262 -0.835773 0.0275424 0.548384 -154.891 
0.605961 -0.0273115 0.795026 -2.05796 0.0349979 0.999358 0.00765593 2.51038 -0.794724 0.023185 0.606527 -154.484 
0.708777 -0.024399 0.705011 -1.26849 0.0327188 0.999463 0.00169578 2.49309 -0.704674 0.0218652 0.709195 -153.64 
0.794075 -0.0246446 0.60732 -0.551078 0.0345662 0.999392 -0.00464092 2.47881 -0.606836 0.024678 0.794444 -152.632 
0.831421 -0.0259302 0.555038 -0.226137 0.0334003 0.999436 -0.00334053 2.46717 -0.554638 0.0213158 0.831818 -152.061 
0.897119 -0.0275291 0.440931 0.323482 0.0312158 0.999512 -0.00110833 2.44633 -0.440685 0.0147583 0.89754 -150.88 
0.944917 -0.0261284 0.326266 0.748482 0.0274394 0.999623 0.000584342 2.42219 -0.326159 0.00840039 0.945278 -149.55 
0.973354 -0.0142365 0.228867 1.04825 0.0153939 0.999876 -0.00327229 2.40293 -0.228792 0.00670824 0.973452 -148.113 
0.988361 -0.0086282 0.151883 1.26505 0.00923537 0.999952 -0.0032926 2.38345 -0.151847 0.00465697 0.988393 -146.567 
0.992934 -0.00852119 0.118363 1.3485 0.00877211 0.99996 -0.00159911 2.37192 -0.118344 0.0026261 0.992969 -145.76 
0.998113 -0.00432404 0.0612527 1.44478 0.00437921 0.99999 -0.000766491 2.34692 -0.0612488 0.00103328 0.998122 -144.074 
0.999714 0.00576911 0.0232226 1.46968 -0.00571099 0.99998 -0.00256835 2.31998 -0.023237 0.00243499 0.999727 -142.303 
0.99985 0.0143867 0.00967853 1.47132 -0.0143503 0.99989 -0.00382059 2.29097 -0.00973243 0.00368113 0.999946 -140.451 
0.999871 0.0139947 0.00782709 1.48934 -0.0139809 0.999901 -0.00181967 2.26015 -0.00785178 0.00171001 0.999968 -138.515 
0.999919 0.011762 0.00494463 1.50484 -0.0117572 0.99993 -0.00101433 2.23402 -0.00495622 0.00095611 0.999987 -136.505 
0.999931 0.0117253 0.000685586 1.5045 -0.0117248 0.999931 -0.00073398 2.20569 -0.000694144 0.000725892 1 -134.422 
0.999944 0.0101771 -0.00297013 1.50163 -0.0101684 0.999944 0.0029347 2.17614 0.00299983 -0.00290433 0.999991 -132.265 
0.999942 0.00905045 -0.00583374 1.49165 -0.00905161 0.999959 -0.000170835 2.14447 0.00583195 0.000223631 0.999983 -130.039 
0.999922 0.00971968 -0.0077907 1.47002 -0.00972254 0.999953 -0.000329546 2.11115 0.00778713 0.000405266 0.99997 -127.744 
0.999915 0.0102253 -0.00811867 1.44772 -0.010243 0.999945 -0.00213294 2.07375 0.00809641 0.00221592 0.999965 -125.388 
0.999915 0.0107294 -0.00748023 1.43672 -0.0107402 0.999941 -0.00141414 2.05364 0.00746462 0.00149436 0.999971 -124.185 
0.999923 0.0113665 -0.00506283 1.41804 -0.0113801 0.999932 -0.0026616 2.00988 0.00503223 0.00271901 0.999984 -121.734 
0.999938 0.0110092 -0.00152607 1.41038 -0.0110225 0.999899 -0.00898675 1.95674 0.00142698 0.00900301 0.999958 -119.231 
0.999955 0.00947717 -0.000513648 1.4074 -0.00948161 0.99991 -0.00946364 1.92729 0.000423914 0.00946808 0.999955 -117.951 
0.999972 0.00723788 -0.00168479 1.40266 -0.00725195 0.999938 -0.00849893 1.86428 0.00162317 0.00851091 0.999962 -115.348 
0.999958 0.00737359 -0.00535383 1.38503 -0.00744232 0.999889 -0.0129321 1.80021 0.00525788 0.0129714 0.999902 -112.695 
0.999915 0.00704996 -0.0109665 1.3518 -0.00715884 0.999925 -0.00992103 1.73425 0.0108957 0.0099987 0.999891 -109.973 
0.999877 0.00780346 -0.0135794 1.30829 -0.00795817 0.999904 -0.0113769 1.66847 0.0134893 0.0114836 0.999843 -107.2 
0.999866 0.00696921 -0.0147768 1.28483 -0.00714461 0.999904 -0.0118506 1.63593 0.0146928 0.0119546 0.999821 -105.791 
0.999852 0.00698651 -0.0157324 1.25962 -0.00719603 0.999886 -0.013301 1.60165 0.0156377 0.0134122 0.999788 -104.368 
0.999821 0.00876203 -0.016782 1.23026 -0.00898955 0.999868 -0.0135304 1.56533 0.0166612 0.0136788 0.999768 -102.932 
0.999821 0.00836419 -0.0169627 1.20221 -0.00857034 0.99989 -0.0121175 1.53005 0.0168595 0.0122607 0.999783 -101.479 
0.99981 0.0103004 -0.0165786 1.17007 -0.0104548 0.999903 -0.00925315 1.49585 0.0164817 0.00942471 0.99982 -100.008 
0.99983 0.00954711 -0.0157943 1.11554 -0.00962548 0.999942 -0.00489311 1.43616 0.0157467 0.00504431 0.999863 -97.026 
0.999831 0.0101851 -0.0153075 1.08927 -0.010167 0.999947 0.00126104 1.41068 0.0153196 -0.0011052 0.999882 -95.5157 
0.999823 0.0113265 -0.0150307 1.03657 -0.0111802 0.99989 0.00978402 1.37467 0.0151399 -0.00961424 0.999839 -92.4914 
0.999806 0.0125832 -0.0151279 0.984734 -0.0123926 0.999843 0.0126239 1.34847 0.0152844 -0.012434 0.999806 -89.4761 
0.999807 0.0120719 -0.0155294 0.961647 -0.0119039 0.99987 0.0108667 1.3334 0.0156586 -0.0106797 0.99982 -87.9732 
0.999842 0.0106923 -0.0142186 0.919141 -0.0105774 0.999911 0.00813185 1.29831 0.0143043 -0.00798017 0.999866 -84.9672 
0.999879 0.00916138 -0.0126063 0.883448 -0.00902623 0.999902 0.0107368 1.26824 0.0127034 -0.0106217 0.999863 -81.9495 
0.999897 0.00862162 -0.0114789 0.852047 -0.00852128 0.999925 0.00876262 1.23483 0.0115536 -0.0086639 0.999896 -78.9424 
0.999907 0.00806865 -0.0109755 0.838174 -0.00794838 0.999908 0.0109575 1.21971 0.0110629 -0.0108692 0.99988 -77.4396 
0.999921 0.00710647 -0.010344 0.825573 -0.00697024 0.999889 0.0131469 1.20796 0.0104363 -0.0130738 0.99986 -75.9344 
0.999925 0.0066165 -0.0103479 0.813423 -0.00646361 0.99987 0.01474 1.19918 0.0104441 -0.014672 0.999838 -74.432 
0.999914 0.00643768 -0.0114031 0.784979 -0.00633094 0.999936 0.00937228 1.1769 0.0114627 -0.00929928 0.999891 -71.4434 
0.999864 0.0108013 -0.0124937 0.745043 -0.0106917 0.999904 0.0088127 1.1443 0.0125877 -0.00867792 0.999883 -68.4626 
0.999844 0.0121631 -0.0127739 0.725241 -0.0120305 0.999873 0.0104053 1.12832 0.0128989 -0.01025 0.999864 -66.9713 
0.999868 0.00924534 -0.01334 0.710763 -0.00914295 0.999928 0.00771653 1.1119 0.0134103 -0.00759355 0.999881 -65.4891 
0.999863 0.00716863 -0.0149051 0.677741 -0.00699632 0.999908 0.0115814 1.08062 0.0149867 -0.0114755 0.999822 -62.5255 
0.999852 0.00626006 -0.0160062 0.658775 -0.0060981 0.99993 0.0101478 1.06748 0.0160686 -0.0100487 0.99982 -61.0454 
0.999833 0.0057634 -0.0173536 0.637038 -0.0056629 0.999967 0.00583466 1.04923 0.0173866 -0.00573541 0.999832 -59.5756 
0.99979 0.00526822 -0.0198174 0.585664 -0.00503642 0.999919 0.0117287 1.01567 0.0198776 -0.0116264 0.999735 -56.6276 
0.999743 0.00542157 -0.0220115 0.525398 -0.00519161 0.999931 0.0104911 0.995703 0.0220669 -0.0103741 0.999703 -53.698 
0.999725 0.00796612 -0.0220486 0.456132 -0.00772951 0.999912 0.0107963 0.970952 0.0221326 -0.0106229 0.999699 -50.7785 
0.999724 0.00772292 -0.0221863 0.392853 -0.00751266 0.999926 0.00954479 0.939187 0.0222583 -0.00937547 0.999708 -47.8694 
0.99974 0.00707287 -0.0216946 0.362164 -0.00686557 0.99993 0.00961465 0.923009 0.0217611 -0.0094632 0.999718 -46.418 
0.999757 0.00603406 -0.0212218 0.333567 -0.00582947 0.999936 0.00968956 0.906968 0.0212789 -0.00956349 0.999728 -44.9684 
0.999795 0.003823 -0.0198663 0.280628 -0.00359832 0.999929 0.011333 0.87547 0.0199082 -0.0112592 0.999738 -42.0791 
0.999812 0.0040199 -0.018972 0.254373 -0.00380432 0.999928 0.0113852 0.859437 0.0190164 -0.0113109 0.999755 -40.6366 
0.999835 0.00500473 -0.0174609 0.202969 -0.00486423 0.999955 0.00807965 0.825329 0.0175005 -0.00799338 0.999815 -37.7625 
0.999844 0.00814148 -0.0156654 0.153725 -0.00798807 0.99992 0.00983073 0.786514 0.0157442 -0.00970406 0.999829 -34.8951 
0.999853 0.00890609 -0.0146817 0.132669 -0.00873702 0.999895 0.0115396 0.768286 0.014783 -0.0114096 0.999826 -33.4638 
0.999865 0.00926329 -0.0135506 0.113374 -0.00911079 0.999895 0.0112724 0.752231 0.0136536 -0.0111474 0.999845 -32.036 
0.999905 0.00837998 -0.0109169 0.0848288 -0.00830167 0.99994 0.00719926 0.716896 0.0109765 -0.00710795 0.999915 -29.194 
0.999925 0.00915249 -0.00818967 0.0606257 -0.00906823 0.999906 0.0102673 0.678599 0.00828287 -0.0101922 0.999914 -26.356 
0.999925 0.0109666 -0.00552915 0.0439024 -0.0109672 0.99994 -8.61297e-05 0.632931 0.00552787 0.000146763 0.999985 -23.5434 
0.999923 0.011889 -0.00341828 0.0323287 -0.0119012 0.999923 -0.00357895 0.565375 0.00337547 0.00361935 0.999988 -20.7384 
0.999932 0.0113816 -0.00264603 0.0292589 -0.011391 0.999929 -0.00356673 0.529558 0.00260524 0.00359663 0.99999 -19.3406 
0.99994 0.010751 -0.00229564 0.0266974 -0.0107554 0.99994 -0.00190325 0.494739 0.00227504 0.00192782 0.999996 -17.9437 
0.999961 0.00865555 -0.00167573 0.0241604 -0.00865477 0.999962 0.000476229 0.431254 0.00167979 -0.000461706 0.999999 -15.1661 
0.999972 0.00701823 -0.00270349 0.0215879 -0.0070246 0.999973 -0.00235723 0.367007 0.00268688 0.00237615 0.999994 -12.4038 
0.999955 0.00811271 -0.00490875 0.00895588 -0.0081147 0.999967 -0.000384737 0.301604 0.00490547 0.000424554 0.999988 -9.65474 
0.999937 0.00843223 -0.00735998 -0.00978548 -0.00842385 0.999964 0.00116871 0.24145 0.00736957 -0.00110664 0.999972 -6.91413 
0.999935 0.00769983 -0.00845656 -0.0204447 -0.00770561 0.99997 -0.00065134 0.210832 0.0084513 0.000716461 0.999964 -5.54803 
0.999938 0.00682087 -0.008787 -0.0311414 -0.00684227 0.999974 -0.00240671 0.181287 0.00877035 0.00246668 0.999958 -4.18329 
0.999927 0.00760835 -0.009437 -0.0578973 -0.00763568 0.999967 -0.00286311 0.11347 0.0094149 0.00293495 0.999951 -1.45629 
0.999911 0.00902188 -0.0098416 -0.0886426 -0.00904896 0.999955 -0.00271061 0.0459036 0.00981671 0.00279942 0.999948 1.26942 
0.9999 0.00968717 -0.0103228 -0.117565 -0.00971026 0.99995 -0.00218833 -0.0201632 0.0103011 0.00228834 0.999944 3.98804 
0.999898 0.00948953 -0.0106717 -0.145883 -0.00951913 0.999951 -0.00272633 -0.0881206 0.0106453 0.00282764 0.999939 6.70442 
0.999896 0.00956685 -0.0108254 -0.160177 -0.00960319 0.999948 -0.00330995 -0.122172 0.0107931 0.00341357 0.999936 8.05983 
0.999896 0.00945026 -0.0108504 -0.175095 -0.0094741 0.999953 -0.00214796 -0.154637 0.0108296 0.00225054 0.999939 9.4159 
0.999882 0.0109651 -0.0107356 -0.208154 -0.0109791 0.999939 -0.00125283 -0.220746 0.0107212 0.00137055 0.999942 12.1232 
0.999889 0.0105664 -0.0104625 -0.235533 -0.0105896 0.999942 -0.00216326 -0.289202 0.010439 0.00227381 0.999943 14.8303 
0.999898 0.00972652 -0.0104765 -0.258853 -0.00974205 0.999951 -0.00143137 -0.358279 0.0104621 0.00153329 0.999944 17.5336 
0.999901 0.00972634 -0.0101992 -0.283357 -0.00974224 0.999951 -0.0015107 -0.428489 0.010184 0.00160992 0.999947 20.2333 
0.999892 0.010107 -0.010685 -0.309468 -0.0101297 0.999946 -0.00207722 -0.496613 0.0106635 0.00218523 0.999941 22.9265 
0.999882 0.0101429 -0.0115169 -0.338072 -0.0101693 0.999946 -0.00222993 -0.565242 0.0114937 0.00234679 0.999931 25.6135 
0.999886 0.00899663 -0.0121312 -0.367457 -0.00898931 0.999959 0.000657377 -0.630802 0.0121366 -0.00054825 0.999926 28.2931 
0.999899 0.00814263 -0.0116475 -0.39768 -0.00815591 0.999966 -0.00109309 -0.692571 0.0116382 0.00118798 0.999932 30.9509 
0.999908 0.00823961 -0.0107865 -0.427007 -0.00824899 0.999966 -0.00082473 -0.756656 0.0107793 0.000913632 0.999942 33.6065 
0.999925 0.00725552 -0.00987332 -0.451537 -0.00725917 0.999974 -0.000333467 -0.820635 0.00987064 0.000405115 0.999951 36.2434 
0.999936 0.0059091 -0.00960864 -0.461529 -0.00591087 0.999982 -0.000155337 -0.851704 0.00960755 0.000212123 0.999954 37.555 
0.999942 0.00450952 -0.00980636 -0.483912 -0.00449155 0.999988 0.00185384 -0.911531 0.0098146 -0.00180968 0.99995 40.1738 
0.999917 0.00481222 -0.0119837 -0.512504 -0.0047895 0.999987 0.00192473 -0.96857 0.0119928 -0.00186717 0.999926 42.7784 
0.999873 0.0080665 -0.0137198 -0.555204 -0.0079799 0.999948 0.00635529 -1.01928 0.0137704 -0.006245 0.999886 45.3732 
0.999841 0.00938594 -0.0151389 -0.599992 -0.00918364 0.999868 0.013378 -1.05363 0.0152625 -0.0132368 0.999796 47.9611 
0.999822 0.00793904 -0.0171234 -0.645636 -0.00771999 0.999888 0.0128205 -1.07581 0.0172233 -0.012686 0.999771 50.5277 
0.999793 0.00929485 -0.018099 -0.674006 -0.00909811 0.999899 0.0109225 -1.08728 0.0181987 -0.0107556 0.999776 51.8104 
0.999736 0.0107229 -0.0203289 -0.73114 -0.0105149 0.999892 0.0103097 -1.11579 0.0204373 -0.0100932 0.99974 54.3609 
0.999711 0.0109756 -0.0213677 -0.762477 -0.0107843 0.999901 0.00904439 -1.13043 0.0214649 -0.00881134 0.999731 55.6295 
0.999685 0.0112108 -0.0224572 -0.794281 -0.0109883 0.99989 0.010003 -1.14478 0.0225669 -0.00975308 0.999698 56.9016 
0.999663 0.0111168 -0.0234822 -0.826899 -0.0108664 0.999883 0.0107669 -1.15994 0.0235991 -0.0105081 0.999666 58.1709 
0.999641 0.0113386 -0.0242707 -0.859787 -0.0110828 0.999882 0.0106488 -1.17466 0.0243886 -0.010376 0.999649 59.4341 
0.99962 0.0117461 -0.0249266 -0.895091 -0.0114935 0.999881 0.0102507 -1.18876 0.025044 -0.00996028 0.999637 60.6946 
0.999612 0.00954751 -0.0261525 -0.962179 -0.00931379 0.999916 0.0090444 -1.21881 0.0262366 -0.00879731 0.999617 63.2074 
0.999598 0.00869247 -0.0269968 -0.996173 -0.00844751 0.999922 0.00917478 -1.23409 0.0270745 -0.00894303 0.999593 64.4584 
0.999578 0.00865387 -0.0277283 -1.03183 -0.00835604 0.999906 0.0108389 -1.25052 0.0278195 -0.0106026 0.999557 65.7102 
0.99956 0.00916753 -0.0282259 -1.06865 -0.00888888 0.999911 0.0099819 -1.26781 0.0283149 -0.00972661 0.999552 66.9537 
0.999535 0.0108649 -0.0285042 -1.10741 -0.0106364 0.99991 0.00815287 -1.28461 0.0285903 -0.00784589 0.99956 68.1914 
0.999506 0.0132109 -0.0285165 -1.14827 -0.0129731 0.99988 0.00850555 -1.30304 0.0286255 -0.00813139 0.999557 69.4331 
0.999479 0.0157054 -0.0281809 -1.18816 -0.0154693 0.999843 0.00857761 -1.3212 0.0283112 -0.0081372 0.999566 70.6688 
0.999474 0.0177778 -0.0271398 -1.22708 -0.0175424 0.999807 0.0088902 -1.33807 0.0272926 -0.00840942 0.999592 71.9003 
0.999521 0.0179641 -0.0252003 -1.26138 -0.0177 0.999786 0.0106648 -1.35467 0.0253866 -0.0102136 0.999625 73.1272 
0.999545 0.0188996 -0.023491 -1.29346 -0.0186207 0.999754 0.0120341 -1.37064 0.0237126 -0.0115912 0.999652 74.3411 
0.999617 0.0167106 -0.0220411 -1.31822 -0.0164551 0.999796 0.0117197 -1.38775 0.0222325 -0.0113525 0.999688 75.5436 
0.9997 0.0135307 -0.0203922 -1.33708 -0.013393 0.999887 0.00687338 -1.4063 0.0204829 -0.00659821 0.999768 76.7228 
0.999725 0.0148688 -0.0181578 -1.3594 -0.0147373 0.999864 0.00735439 -1.42426 0.0182647 -0.00708476 0.999808 77.8869 
0.999774 0.0147558 -0.0153182 -1.37797 -0.0145627 0.999814 0.0126448 -1.44331 0.0155019 -0.0124189 0.999803 79.0374 
0.999804 0.0155306 -0.0122789 -1.3923 -0.0153701 0.999797 0.0130563 -1.45977 0.0124792 -0.012865 0.999839 80.1599 
0.999839 0.0157543 -0.00860225 -1.40295 -0.0156725 0.999832 0.00948822 -1.47561 0.00875029 -0.00935187 0.999918 81.2677 
0.999873 0.0148627 -0.005661 -1.40727 -0.0148384 0.999881 0.00431511 -1.49546 0.00572446 -0.00423056 0.999975 82.3668 
0.999911 0.0130276 -0.00284213 -1.40657 -0.0130317 0.999914 -0.00144242 -1.51854 0.00282309 0.00147933 0.999995 83.4619 
0.999936 0.0112716 -0.000414292 -1.40264 -0.011273 0.999931 -0.00345439 -1.5422 0.000375327 0.00345884 0.999994 84.5575 
0.99995 0.0098868 0.00134536 -1.39729 -0.00988521 0.99995 -0.00118192 -1.56614 -0.00135698 0.00116857 0.999998 85.6552 
0.999944 0.0102222 0.00258063 -1.39409 -0.0102255 0.999947 0.0012644 -1.58721 -0.00256756 -0.00129072 0.999996 86.7511 
0.999937 0.0103484 0.00446965 -1.38556 -0.0103396 0.999945 -0.00198846 -1.63004 -0.00448998 0.00194212 0.999988 88.9192 
0.999927 0.0108267 0.00536393 -1.3802 -0.0108117 0.999938 -0.0028161 -1.6547 -0.00539408 0.0027579 0.999982 89.9981 
0.999927 0.010544 0.00593118 -1.3724 -0.0105397 0.999944 -0.00076665 -1.68101 -0.00593893 0.000704082 0.999982 91.0757 
0.999939 0.00928911 0.00589927 -1.36383 -0.0092944 0.999956 0.000869878 -1.70526 -0.00589094 -0.000924654 0.999982 92.1496 
0.999951 0.00817915 0.00553071 -1.35611 -0.00818853 0.999965 0.00167431 -1.72617 -0.00551683 -0.00171952 0.999983 93.2186 
0.999972 0.00632924 0.00411502 -1.34885 -0.0063402 0.999976 0.00265428 -1.74769 -0.00409812 -0.0026803 0.999988 94.2821 
0.999991 0.00419108 0.00112622 -1.34311 -0.00419422 0.999987 0.00279085 -1.76908 -0.00111451 -0.00279554 0.999996 95.3447 
0.999995 0.00195289 -0.00256367 -1.34128 -0.00195105 0.999998 0.000719313 -1.79065 0.00256507 -0.000714306 0.999996 96.3985 
0.999979 0.00163043 -0.00627262 -1.34636 -0.00164798 0.999995 -0.00279474 -1.81246 0.00626803 0.00280502 0.999976 97.4521 
0.999947 0.00235288 -0.010045 -1.358 -0.00242007 0.999975 -0.00668231 -1.83504 0.010029 0.00670626 0.999927 98.508 
0.99989 0.00327834 -0.0144855 -1.37506 -0.00339155 0.999964 -0.00779717 -1.8619 0.0144594 0.00784544 0.999865 99.5701 
0.999799 0.00357322 -0.0197112 -1.39741 -0.00370257 0.999972 -0.0065299 -1.88769 0.0196873 0.00660157 0.999784 100.636 
0.999447 0.00409474 -0.0329924 -1.46312 -0.00421602 0.999985 -0.00360736 -1.9392 0.0329771 0.00374447 0.999449 102.787 
0.998893 0.00662856 -0.0465775 -1.56179 -0.0067319 0.999975 -0.00206229 -1.98822 0.0465626 0.00237356 0.998913 104.957 
0.998533 0.0141633 -0.0522539 -1.68624 -0.0142327 0.999898 -0.000955202 -2.03441 0.0522351 0.00169751 0.998633 107.147 
0.998666 0.0226462 -0.0464063 -1.80604 -0.0228085 0.999735 -0.00297024 -2.07976 0.0463268 0.00402474 0.998918 109.362 
0.999057 0.0268253 -0.0341284 -1.89703 -0.0268805 0.999638 -0.00115901 -2.12309 0.034085 0.00207531 0.999417 111.608 
0.999441 0.0289124 -0.0168046 -1.94909 -0.0289478 0.999579 -0.00186473 -2.16643 0.0167436 0.00235015 0.999857 113.881 
0.999581 0.0288375 0.00238192 -1.95614 -0.028829 0.999578 -0.00352748 -2.21029 -0.00248264 0.00345734 0.999991 116.179 
0.999442 0.0257545 0.0212546 -1.91321 -0.0256402 0.999655 -0.00563321 -2.26115 -0.0213924 0.0050851 0.999758 118.508 
0.999037 0.0242335 0.0365868 -1.83308 -0.0240841 0.9997 -0.00451928 -2.31212 -0.0366853 0.00363377 0.99932 120.866 
0.998523 0.0256773 0.0478767 -1.72507 -0.0255545 0.999668 -0.00317484 -2.3627 -0.0479424 0.00194669 0.998848 123.258 
0.997927 0.0309322 0.0564267 -1.6021 -0.0308434 0.999521 -0.00244323 -2.41093 -0.0564753 0.000697772 0.998404 125.684 
0.997675 0.0304103 0.0609879 -1.45419 -0.0304262 0.999537 -0.000668203 -2.45578 -0.0609799 -0.00118898 0.998138 128.143 
0.99791 0.0239163 0.0600336 -1.29261 -0.0235869 0.999703 -0.0061889 -2.5044 -0.0601638 0.00475996 0.998177 130.641 
0.998395 0.0151963 0.0545484 -1.13533 -0.015147 0.999884 -0.00131698 -2.55262 -0.0545621 0.000488622 0.99851 133.189 
0.998711 0.0107017 0.0496205 -1.06348 -0.0107737 0.999941 0.00118433 -2.57194 -0.0496049 -0.0017174 0.998768 134.481 
0.999045 0.00592289 0.0432819 -0.998254 -0.0060132 0.99998 0.00195672 -2.59374 -0.0432695 -0.00221512 0.999061 135.781 
0.999551 -0.000384143 0.0299523 -0.895798 0.000368038 1 0.000543208 -2.63369 -0.0299525 -0.00053194 0.999551 138.414 
0.999837 -0.000837119 0.0180326 -0.832678 0.000790071 0.999996 0.00261601 -2.67491 -0.0180347 -0.00260133 0.999834 141.091 
0.999918 0.00089561 0.0127619 -0.816625 -0.000954568 0.999989 0.00461448 -2.69333 -0.0127576 -0.00462629 0.999908 142.451 
0.99997 0.00202422 0.00741989 -0.808213 -0.00205217 0.999991 0.0037617 -2.71165 -0.00741221 -0.00377681 0.999965 143.817 
0.999988 0.00407951 -0.00264361 -0.810774 -0.00408283 0.999991 -0.00125029 -2.75099 0.00263848 0.00126107 0.999996 146.574 
0.999947 0.00543981 -0.0086835 -0.831134 -0.00552028 0.999942 -0.00926976 -2.81104 0.00863257 0.00931721 0.999919 149.366 
0.999907 0.00667626 -0.0119173 -0.863698 -0.00678888 0.999932 -0.00943505 -2.88442 0.0118535 0.00951508 0.999884 152.202 
0.999858 0.00792681 -0.014837 -0.903141 -0.00802462 0.999946 -0.00654436 -2.95948 0.0147843 0.0066625 0.999869 155.065 
0.9998 0.00869267 -0.0179849 -0.950588 -0.00876453 0.999954 -0.00392053 -3.03026 0.01795 0.00407738 0.999831 157.949 
0.999725 0.00920587 -0.0215529 -1.00734 -0.00921536 0.999958 -0.000340841 -3.09665 0.0215489 0.000539366 0.999768 160.832 
0.999639 0.0108822 -0.0245741 -1.07563 -0.0109356 0.999938 -0.0020368 -3.16205 0.0245504 0.00230479 0.999696 163.709 
0.999595 0.0124982 -0.0255814 -1.15096 -0.012613 0.999911 -0.00432869 -3.23206 0.0255251 0.0046496 0.999663 166.581 
0.99959 0.0138631 -0.0250621 -1.22558 -0.0139312 0.9999 -0.00254169 -3.30334 0.0250244 0.00288979 0.999683 169.454 
0.999598 0.0140249 -0.0246198 -1.26247 -0.0140563 0.999901 -0.00110244 -3.33777 0.0246019 0.00144806 0.999696 170.888 
0.999611 0.0141976 -0.0239837 -1.29763 -0.0142154 0.999899 -0.000573338 -3.37169 0.0239731 0.000914053 0.999712 172.319 
0.999615 0.0152723 -0.0231522 -1.33319 -0.0152846 0.999883 -0.000354756 -3.40556 0.0231441 0.000708492 0.999732 173.747 
0.999639 0.0167295 -0.0210189 -1.39848 -0.0167649 0.999858 -0.00150696 -3.47535 0.0209907 0.0018588 0.999778 176.593 
0.999718 0.0151731 -0.0182651 -1.45339 -0.0152528 0.999875 -0.00423083 -3.54707 0.0181986 0.00450823 0.999824 179.425 
0.999814 0.0114109 -0.0155648 -1.49824 -0.0114355 0.999934 -0.00149195 -3.61967 0.0155467 0.00166967 0.999878 182.25 
0.999854 0.0117464 -0.0124305 -1.53974 -0.0117244 0.99993 0.0018463 -3.68014 0.0124513 -0.00170029 0.999921 185.062 
0.999857 0.0130054 -0.0108318 -1.55921 -0.0130177 0.999915 -0.00106125 -3.70812 0.0108171 0.0012021 0.999941 186.456 
0.999867 0.0131036 -0.00966811 -1.57611 -0.0131279 0.999911 -0.00245229 -3.74206 0.00963511 0.00257889 0.99995 187.848 
0.999882 0.0128889 -0.00840584 -1.5903 -0.0129105 0.999914 -0.00251892 -3.77766 0.00837264 0.00262715 0.999961 189.242 
0.999917 0.0105247 -0.00737243 -1.61333 -0.0105145 0.999944 0.00141763 -3.84374 0.00738693 -0.00134 0.999972 192.021 
0.999941 0.0076876 -0.00766181 -1.63387 -0.00769424 0.99997 -0.000836993 -3.90588 0.00765515 0.000895896 0.99997 194.776 
0.999939 0.00763987 -0.00798336 -1.64554 -0.00765878 0.999968 -0.00234008 -3.93893 0.00796523 0.00240108 0.999965 196.151 
0.999934 0.00791798 -0.00830524 -1.66987 -0.00793233 0.999967 -0.00169677 -4.00913 0.00829153 0.00176254 0.999964 198.89 
0.999927 0.00834002 -0.00870327 -1.69488 -0.00833969 0.999965 7.40808e-05 -4.07485 0.00870359 -1.49204e-06 0.999962 201.611 
0.999924 0.00860596 -0.0088171 -1.70598 -0.00860204 0.999963 0.000482632 -4.10686 0.00882093 -0.00040675 0.999961 202.97 
0.999916 0.00939978 -0.00893743 -1.72757 -0.00940112 0.999956 -0.000107769 -4.17186 0.00893602 0.000191782 0.99996 205.669 
0.99992 0.00865411 -0.00925187 -1.74644 -0.00866641 0.999962 -0.00128937 -4.23878 0.00924036 0.00136945 0.999956 208.351 
0.999919 0.00868276 -0.00932214 -1.7572 -0.00868823 0.999962 -0.000546185 -4.27095 0.00931705 0.000627134 0.999956 209.691 
0.999913 0.00875054 -0.0098278 -1.78001 -0.00875242 0.999962 -0.000148881 -4.33549 0.00982612 0.000234886 0.999952 212.351 
0.999908 0.00736239 -0.0113686 -1.80273 -0.00734695 0.999972 0.00139974 -4.39736 0.0113786 -0.00131609 0.999934 214.967 
0.99989 0.00728059 -0.0128905 -1.81496 -0.00723664 0.999968 0.00345304 -4.4286 0.0129152 -0.00335938 0.999911 216.248 
0.999876 0.00633726 -0.0144158 -1.82671 -0.00625542 0.999964 0.00571483 -4.45832 0.0144516 -0.00562394 0.99988 217.507 
0.999819 0.00793048 -0.0172877 -1.85973 -0.00778896 0.999936 0.00823853 -4.51501 0.017352 -0.00810238 0.999817 219.951 
0.99975 0.00755127 -0.0210268 -1.89517 -0.00739088 0.999943 0.00769505 -4.56933 0.0210837 -0.00753772 0.999749 222.285 
0.999582 0.00673781 -0.0281322 -1.94167 -0.00654369 0.999954 0.00698686 -4.62518 0.028178 -0.00679984 0.99958 224.505 
0.99937 0.00826126 -0.0345226 -2.00458 -0.00804549 0.999947 0.00638437 -4.6795 0.0345736 -0.0061026 0.999383 226.603 
0.999221 0.0105702 -0.0380229 -2.07378 -0.0102752 0.999916 0.00794619 -4.73102 0.0381037 -0.00754931 0.999245 228.574 
0.999112 0.0104865 -0.0408052 -2.13962 -0.0100752 0.999896 0.0102723 -4.77814 0.0409087 -0.00985202 0.999114 230.415 
0.998959 0.0101715 -0.0444647 -2.20789 -0.00974946 0.999905 0.00969918 -4.81837 0.0445592 -0.00925558 0.998964 232.126 
0.998819 0.0128112 -0.0468771 -2.28007 -0.0125603 0.999905 0.00564276 -4.86037 0.0469449 -0.0050473 0.998885 233.719 
0.998854 0.0143185 -0.0456753 -2.31497 -0.0142577 0.999897 0.0016569 -4.88163 0.0456943 -0.00100377 0.998955 234.492 
0.999186 0.0156679 -0.0371754 -2.37256 -0.0157825 0.999872 -0.00279294 -4.92369 0.0371268 0.00337739 0.999305 236.037 
0.999507 0.0124689 -0.0288 -2.40634 -0.0125046 0.999921 -0.00105678 -4.96168 0.0287845 0.00141639 0.999585 237.576 
0.999739 0.0111929 -0.0199357 -2.43817 -0.0111914 0.999937 0.000186744 -4.99782 0.0199366 3.64147e-05 0.999801 239.102 
0.999878 0.010918 -0.0111957 -2.45747 -0.0109199 0.99994 -0.000106954 -5.03286 0.0111939 0.000229197 0.999937 240.614 
0.999913 0.0109661 -0.00738266 -2.46485 -0.0109647 0.99994 0.00023167 -5.04902 0.00738476 -0.000150701 0.999973 241.365 
0.999935 0.0107658 -0.00380285 -2.47112 -0.0107612 0.999941 0.00124042 -5.06402 0.00381598 -0.00119941 0.999992 242.113 
0.999946 0.0102916 0.00127187 -2.48123 -0.0102954 0.999942 0.0030135 -5.09046 -0.00124078 -0.00302643 0.999995 243.601 
0.999949 0.00982736 0.00236131 -2.48594 -0.00983203 0.99995 0.00197585 -5.10367 -0.00234177 -0.00199896 0.999995 244.338 
0.999945 0.00997389 0.00316272 -2.4876 -0.00997165 0.99995 -0.000722525 -5.11872 -0.00316977 0.000690949 0.999995 245.075 
0.999933 0.0108824 0.00389303 -2.49325 -0.0108647 0.999931 -0.00453087 -5.13184 -0.00394207 0.00448827 0.999982 245.816 
0.999931 0.0108862 0.00432856 -2.49473 -0.0108568 0.999918 -0.00674159 -5.14736 -0.0044016 0.00669414 0.999968 246.562 
0.999942 0.0100603 0.00389094 -2.49727 -0.0100335 0.999926 -0.00683095 -5.16444 -0.00395938 0.00679151 0.999969 247.316 
0.99995 0.00947468 0.00335241 -2.49861 -0.00945301 0.999935 -0.00642029 -5.18259 -0.00341302 0.00638827 0.999974 248.072 
0.999941 0.0104902 0.00270735 -2.50309 -0.0104734 0.999926 -0.0061694 -5.1993 -0.00277187 0.00614069 0.999977 248.833 
0.999939 0.0108327 0.00214409 -2.50649 -0.010816 0.999912 -0.00766826 -5.21822 -0.00222697 0.0076446 0.999968 249.599 
0.999955 0.00917799 0.00250435 -2.5085 -0.00915225 0.999907 -0.010104 -5.23778 -0.00259685 0.0100807 0.999946 250.367 
0.999974 0.00647066 0.00330329 -2.50556 -0.00643096 0.999909 -0.0118911 -5.25684 -0.00337993 0.0118695 0.999924 251.139 
0.999976 0.00528187 0.00453093 -2.50345 -0.00523765 0.999939 -0.00971654 -5.27308 -0.00458198 0.00969257 0.999942 251.922 
0.999941 0.00943383 0.00546748 -2.50854 -0.00941287 0.999948 -0.00384571 -5.28923 -0.00550348 0.00379402 0.999978 252.712 
0.99993 0.00964146 0.00690765 -2.50712 -0.00965643 0.999951 0.00213571 -5.30693 -0.00688672 -0.00220227 0.999974 253.509 
0.999932 0.00762052 0.00880185 -2.49893 -0.0076374 0.999969 0.00188615 -5.32153 -0.0087872 -0.00195324 0.99996 254.304 
0.999897 0.00801435 0.0119045 -2.49198 -0.00796518 0.99996 -0.00417183 -5.3362 -0.0119374 0.00407658 0.99992 255.099 
0.999841 0.00966056 0.0149915 -2.48556 -0.00952473 0.999913 -0.00910548 -5.35112 -0.0150782 0.00896123 0.999846 255.9 
0.999787 0.0113095 0.017294 -2.47578 -0.0111386 0.999888 -0.0099433 -5.3702 -0.0174046 0.00974854 0.999801 256.707 
0.999745 0.0112058 0.0196219 -2.46159 -0.0110435 0.999904 -0.00836132 -5.39272 -0.0197137 0.00814249 0.999772 257.526 
0.999725 0.0088918 0.0217167 -2.44207 -0.00876752 0.999945 -0.00581156 -5.4142 -0.0217672 0.00561955 0.999747 258.348 
0.999711 0.00528078 0.0234687 -2.41879 -0.00517708 0.999977 -0.00447748 -5.43242 -0.0234918 0.00435469 0.999715 259.176 
0.999664 0.00467067 0.0254916 -2.3981 -0.00454029 0.999976 -0.00517015 -5.45158 -0.0255151 0.00505268 0.999662 260.007 
0.999603 0.00662415 0.0273786 -2.3794 -0.00642021 0.999951 -0.00753045 -5.47242 -0.0274271 0.00735168 0.999597 260.844 
0.999553 0.00808818 0.0287748 -2.35718 -0.00777734 0.99991 -0.0108981 -5.49298 -0.0288603 0.0106694 0.999526 261.688 
0.999505 0.00836831 0.0303227 -2.33165 -0.00798002 0.999885 -0.0129036 -5.51346 -0.0304272 0.0126553 0.999457 262.541 
0.999435 0.00925764 0.0323233 -2.30521 -0.00889363 0.999896 -0.0113872 -5.53621 -0.0324253 0.0110933 0.999413 263.408 
0.999351 0.0103832 0.0344983 -2.27845 -0.0100653 0.999905 -0.00937528 -5.56079 -0.0345924 0.00902196 0.999361 264.283 
0.999297 0.0107583 0.0359269 -2.24888 -0.0104432 0.999905 -0.00894623 -5.58502 -0.0360197 0.00856474 0.999314 265.167 
0.999279 0.0107355 0.0364094 -2.21703 -0.0103993 0.999902 -0.00941175 -5.60834 -0.0365068 0.00902633 0.999293 266.059 
0.999296 0.00863937 0.0365056 -2.18105 -0.00829458 0.99992 -0.00958573 -5.63277 -0.0365854 0.00927618 0.999287 266.96 
0.999305 0.00718729 0.0365843 -2.14456 -0.00687914 0.99994 -0.00854203 -5.65782 -0.0366435 0.00828442 0.999294 267.869 
0.9993 0.00608687 0.0369005 -2.10709 -0.00578386 0.999949 -0.00831263 -5.68457 -0.0369492 0.00809338 0.999284 268.787 
0.999301 0.00533131 0.0369889 -2.073 -0.00504757 0.999957 -0.00776024 -5.71053 -0.0370287 0.00756811 0.999286 269.712 
0.999311 0.00480415 0.0367932 -2.03986 -0.00455535 0.999966 -0.00684283 -5.73548 -0.0368248 0.00667051 0.9993 270.644 
0.999319 0.00534121 0.0364991 -2.00814 -0.00516026 0.999974 -0.00505026 -5.75997 -0.0365251 0.00485848 0.999321 271.578 
0.999353 0.00503845 0.0356063 -1.97718 -0.00488534 0.999978 -0.00438586 -5.78693 -0.0356276 0.00420907 0.999356 272.516 
0.999412 0.00513294 0.0339154 -1.94858 -0.00497863 0.999977 -0.00463298 -5.81304 -0.0339384 0.0044614 0.999414 273.451 
0.999486 0.00538766 0.0316078 -1.92369 -0.0052115 0.99997 -0.0056529 -5.83751 -0.0316374 0.00548527 0.999484 274.387 
0.999556 0.00685795 0.0289802 -1.90331 -0.00667537 0.999957 -0.00639219 -5.86275 -0.0290228 0.0061959 0.99956 275.322 
0.999618 0.00851488 0.0262954 -1.8863 -0.00834508 0.999944 -0.00656057 -5.88899 -0.0263498 0.00633862 0.999633 276.256 
0.999676 0.00968985 0.0235365 -1.87196 -0.00955122 0.999936 -0.005995 -5.9146 -0.0235931 0.00576826 0.999705 277.189 
0.999722 0.0106806 0.0210039 -1.86017 -0.0105864 0.999933 -0.00459301 -5.94009 -0.0210515 0.00436938 0.999769 278.122 
0.999771 0.0107142 0.018524 -1.85017 -0.0106689 0.99994 -0.00254572 -5.96524 -0.0185502 0.00234751 0.999825 279.055 
0.999808 0.0108462 0.0163091 -1.84113 -0.0108287 0.999941 -0.00115803 -5.98929 -0.0163207 0.000981201 0.999866 279.982 
0.999858 0.0114711 0.0123338 -1.82954 -0.0114705 0.999934 -0.00012556 -6.03319 -0.0123344 -1.59316e-05 0.999924 281.828 
0.999886 0.0106071 0.0107204 -1.82442 -0.0106054 0.999944 -0.000211188 -6.05424 -0.010722 9.74708e-05 0.999942 282.747 
0.999904 0.010303 0.00927163 -1.82038 -0.0102972 0.999947 -0.000670125 -6.07601 -0.00927804 0.00057459 0.999957 283.663 
0.999916 0.010349 0.00780321 -1.81919 -0.0103421 0.999946 -0.00091367 -6.09725 -0.00781224 0.000832892 0.999969 284.574 
0.999918 0.0111219 0.00634196 -1.82008 -0.0111212 0.999938 -0.000134393 -6.11836 -0.00634306 6.38521e-05 0.99998 285.473 
0.999927 0.011004 0.00509827 -1.82129 -0.011009 0.999939 0.000959674 -6.14008 -0.0050874 -0.00101573 0.999987 286.356 
0.999916 0.0122553 0.0041321 -1.82466 -0.0122577 0.999925 0.000555911 -6.16296 -0.00412498 -0.000606513 0.999991 287.216 
0.999846 0.017269 0.00327263 -1.83581 -0.0172537 0.99984 -0.00464435 -6.20897 -0.00335231 0.00458716 0.999984 288.89 
0.999781 0.0206451 0.00354487 -1.8416 -0.0206181 0.999759 -0.00750437 -6.25781 -0.00369894 0.00742964 0.999966 290.542 
0.999705 0.023784 0.0049439 -1.84405 -0.0237394 0.999679 -0.00889034 -6.30543 -0.00515375 0.00877036 0.999948 292.186 
0.999604 0.026955 0.00802866 -1.84021 -0.0268721 0.999586 -0.0102573 -6.36072 -0.00830183 0.0100375 0.999915 293.812 
0.999572 0.0274344 0.0102001 -1.82984 -0.0273619 0.9996 -0.00717907 -6.41441 -0.0103929 0.00689691 0.999922 295.428 
0.999648 0.0250029 0.00885666 -1.81794 -0.0249784 0.999684 -0.00287006 -6.46419 -0.00892562 0.00264782 0.999957 297.031 
0.99971 0.023367 0.00587398 -1.81204 -0.0233649 0.999727 -0.000420881 -6.50651 -0.00588221 0.000283514 0.999983 298.624 
0.999788 0.0204435 0.00247834 -1.80762 -0.0204467 0.99979 0.00126768 -6.54155 -0.0024519 -0.00131808 0.999996 300.223 
