0.000000 0.000000 0.000000 0.000000
-0.071303 3.630710 -0.111858 3.621970
-0.834805 7.548380 -0.932592 7.586510
-1.746030 11.261500 -1.899290 11.293200
-2.819370 14.841500 -3.239700 14.803600
-4.466630 19.497500 -4.894710 19.450100
-6.215010 23.878500 -6.628030 23.778200
-8.757080 29.261400 -9.161250 29.086900
-11.354100 34.152100 -11.635000 34.036200
-14.289500 39.427100 -14.669200 39.244900
-17.492500 44.949700 -17.900500 44.731200
-21.057000 50.296800 -21.541500 50.029800
-24.845700 55.456700 -25.332400 55.185600
-28.845000 60.531100 -29.365900 60.218700
-33.160600 65.489900 -33.797400 65.083900
-37.875200 70.262000 -38.475700 69.933700
-42.914500 74.957900 -43.485900 74.674400
-48.239000 79.596200 -48.910400 79.171300
-54.848700 84.861900 -55.566700 84.394900
-63.095400 90.328900 -63.873300 89.734200
-73.130600 95.728300 -73.898800 95.092500
-81.063100 99.532900 -81.882700 98.876700
-90.786300 103.874000 -91.516600 103.171000
-99.805800 108.240000 -100.542000 107.519000
-107.976000 113.472000 -108.723000 112.681000
-114.285000 118.495000 -114.984000 117.963000
-118.446000 122.324000 -119.027000 121.910000
-122.564000 126.794000 -123.106000 126.439000
-128.166000 135.163000 -128.757000 134.815000
-133.444000 145.832000 -133.895000 145.527000
-135.912000 152.613000 -136.371000 152.312000
-137.536000 161.425000 -138.096000 161.062000
-137.760000 169.938000 -138.441000 169.541000
-136.257000 181.545000 -136.904000 181.134000
-132.704000 193.619000 -133.356000 193.194000
-126.731000 205.446000 -127.738000 205.097000
-120.073000 213.663000 -121.014000 213.193000
-113.327000 219.882000 -114.107000 219.126000
-106.071000 225.055000 -106.842000 224.235000
-98.549100 228.935000 -99.281900 227.976000
-91.040100 231.573000 -91.794300 230.576000
-83.712800 233.199000 -84.500900 232.192000
-76.597100 233.929000 -77.428000 232.958000
-68.881500 234.099000 -69.753200 233.130000
-62.612500 234.073000 -63.509400 233.080000
-56.593000 234.154000 -57.515800 233.146000
-49.752400 234.521000 -50.696300 233.481000
-41.166800 235.479000 -42.145800 234.371000
-35.595900 236.421000 -36.594400 235.242000
-29.980900 237.542000 -31.008300 236.408000
-24.247700 238.792000 -25.289800 237.645000
-17.585900 240.558000 -18.660200 239.454000
-9.297030 243.590000 -10.386400 242.433000
-1.445170 247.224000 -2.552840 246.058000
5.069510 250.915000 3.963970 249.681000
11.369500 255.107000 10.344800 253.726000
16.149200 258.322000 15.188700 256.813000
21.008700 261.577000 20.027500 260.070000
26.718300 265.404000 25.724200 263.886000
31.515400 268.787000 30.477900 267.288000
36.123100 272.380000 35.063400 270.902000
40.562700 276.384000 39.504500 274.913000
44.830500 280.834000 43.725900 279.395000
48.800900 285.763000 47.708900 284.303000
52.503800 291.092000 51.412100 289.624000
56.053800 296.691000 55.005900 295.207000
59.648200 302.439000 58.579400 300.949000
63.200700 308.299000 62.204600 306.763000
66.336200 314.343000 65.390500 312.792000
68.911200 320.538000 68.032100 318.955000
71.185100 326.783000 70.362600 325.181000
73.225400 333.066000 72.435400 331.442000
75.041700 339.278000 74.318300 337.630000
76.940600 345.020000 76.310200 343.334000
78.516900 349.490000 77.976100 347.768000
79.981600 354.876000 79.540400 353.118000
80.577900 360.347000 80.231200 358.596000
80.208300 365.886000 79.987800 364.132000
79.305700 372.585000 79.192200 370.818000
78.487200 379.779000 78.540300 378.028000
77.724300 386.332000 77.904900 384.599000
76.785700 392.998000 77.147900 391.284000
75.453100 399.564000 75.923300 397.866000
73.880600 405.960000 74.424600 404.282000
72.077000 412.325000 72.713000 410.662000
70.199500 418.733000 70.912400 417.079000
68.236100 425.167000 69.053300 423.546000
66.313200 431.553000 67.166400 429.937000
63.634900 440.951000 64.566000 439.370000
61.681000 448.005000 62.723400 446.463000
59.499500 455.718000 60.638200 454.193000
57.595200 462.219000 58.857500 460.732000
55.975200 467.616000 57.355200 466.156000
53.957700 474.335000 55.379500 472.887000
51.956500 481.262000 53.413600 479.821000
50.856100 487.456000 52.459500 486.070000
50.895800 492.187000 52.597100 490.796000
51.690200 496.954000 53.539600 495.538000
53.115000 501.727000 55.037500 500.291000
55.128500 506.441000 57.169800 504.955000
58.703600 512.434000 60.881900 510.933000
63.410000 517.523000 65.719700 515.931000
67.496700 520.815000 69.878600 519.143000
73.706900 524.431000 76.161900 522.649000
81.759900 527.052000 84.262700 525.181000
87.635600 527.728000 90.144600 525.853000
93.772200 527.529000 96.278400 525.589000
100.017000 526.420000 102.500000 524.346000
107.306000 524.079000 109.745000 521.882000
114.489000 520.780000 116.833000 518.421000
122.982000 516.641000 125.191000 514.069000
129.459000 513.419000 131.577000 510.731000
136.165000 510.030000 138.199000 507.160000
143.110000 506.549000 145.051000 503.509000
150.295000 502.938000 152.142000 499.710000
157.696000 499.214000 159.465000 495.798000
167.729000 494.140000 169.362000 490.428000
175.255000 490.315000 176.800000 486.406000
182.791000 486.582000 184.222000 482.469000
190.260000 482.920000 191.611000 478.636000
197.613000 479.239000 198.845000 474.719000
205.912000 474.880000 207.046000 470.157000
213.557000 470.701000 214.663000 465.850000
219.437000 467.530000 220.482000 462.554000
225.095000 464.990000 226.091000 459.928000
230.862000 463.173000 231.859000 458.056000
236.782000 462.127000 237.786000 456.946000
242.887000 461.959000 243.893000 456.634000
250.154000 463.185000 251.178000 457.707000
256.291000 465.444000 257.359000 459.878000
264.039000 470.009000 265.112000 464.441000
272.080000 476.625000 273.183000 471.047000
278.074000 482.184000 279.203000 476.611000
283.007000 486.882000 284.212000 481.259000
287.710000 491.075000 288.942000 485.443000
292.232000 494.446000 293.543000 488.720000
297.158000 497.296000 298.464000 491.538000
303.639000 498.806000 305.030000 492.964000
311.472000 497.411000 312.893000 491.626000
317.599000 494.678000 319.048000 489.040000
323.028000 489.680000 324.478000 484.220000
327.058000 479.387000 328.540000 473.939000
326.286000 469.769000 327.565000 464.316000
324.015000 461.569000 325.184000 456.150000
320.998000 451.547000 322.109000 446.224000
317.625000 440.932000 318.512000 435.702000
314.024000 427.175000 314.540000 421.992000
312.918000 417.185000 313.239000 412.045000
312.938000 410.161000 313.109000 404.994000
313.520000 403.163000 313.517000 398.005000
314.411000 397.252000 314.323000 392.073000
315.564000 391.486000 315.373000 386.279000
316.876000 385.970000 316.585000 380.812000
318.278000 381.083000 317.987000 375.950000
319.536000 376.961000 319.367000 371.882000
320.548000 372.372000 320.280000 367.287000
320.193000 366.666000 319.985000 361.561000
317.527000 361.353000 317.129000 356.281000
312.996000 356.444000 312.506000 351.480000
308.615000 352.322000 308.047000 347.453000
303.106000 346.959000 302.378000 342.283000
298.768000 342.576000 297.897000 338.043000
293.721000 337.180000 292.615000 332.893000
288.992000 331.405000 287.611000 327.438000
285.462000 326.046000 283.867000 322.218000
282.269000 320.363000 280.460000 316.662000
279.274000 314.371000 277.292000 310.770000
275.761000 307.144000 273.332000 303.738000
272.682000 300.715000 270.074000 297.393000
269.481000 294.085000 266.678000 290.865000
266.000000 287.361000 262.972000 284.258000
262.085000 280.682000 258.865000 277.701000
257.219000 272.951000 253.723000 270.150000
252.900000 266.234000 249.174000 263.590000
248.445000 259.400000 244.472000 256.921000
243.193000 251.335000 238.814000 249.116000
237.762000 243.083000 233.106000 241.125000
232.955000 235.883000 228.080000 234.073000
228.011000 228.600000 222.878000 226.976000
222.973000 221.322000 217.555000 219.910000
217.915000 214.053000 212.303000 212.782000
212.944000 206.787000 207.112000 205.675000
208.091000 199.449000 201.965000 198.547000
203.418000 192.051000 196.974000 191.365000
199.036000 184.495000 192.373000 183.929000
194.893000 176.845000 187.949000 176.451000
192.262000 171.701000 185.120000 171.369000
188.444000 163.927000 180.939000 163.798000
184.717000 156.053000 176.850000 156.115000
181.008000 148.161000 172.802000 148.402000
177.399000 140.261000 168.829000 140.710000
173.757000 132.355000 164.874000 132.944000
170.560000 125.923000 161.421000 126.653000
166.313000 118.480000 156.847000 119.414000
160.696000 110.207000 150.921000 111.362000
155.477000 103.476000 145.362000 104.890000
149.997000 96.894700 139.603000 98.552600
144.267000 90.480100 133.638000 92.355000
138.314000 84.231400 127.422000 86.371700
131.294000 76.854800 120.051000 79.287600
125.224000 70.510100 113.720000 73.196600
119.104000 64.151200 107.379000 67.113700
112.861000 57.817200 100.908000 61.026900
105.427000 50.394200 93.126400 53.958100
99.067900 44.078100 86.455200 47.983400
92.676100 37.746500 79.785900 41.952400
83.213500 28.242000 69.935900 32.911100
75.922400 20.839200 62.340900 25.819600
69.680600 14.465400 55.820800 19.734200
63.362700 8.072660 49.285800 13.562000
56.091900 0.584754 41.819000 6.374380
48.947400 -6.885330 34.262900 -0.626296
42.899600 -13.251000 27.825600 -6.622590
37.185400 -19.318100 21.828700 -12.401600
32.073000 -25.097500 16.425700 -17.924800
24.406500 -34.119100 8.485690 -26.676200
12.634300 -39.672400 -3.554970 -31.947100
6.938250 -36.198700 -9.195760 -28.253500
4.285110 -30.737900 -11.439100 -22.575800
3.070530 -24.428700 -12.242200 -16.213800
2.119850 -18.119700 -13.012900 -9.879610
1.124700 -10.552600 -13.856300 -2.271520
0.172462 -4.328520 -14.199500 4.001700
-0.957504 1.349240 -14.773900 9.754970
-2.549690 6.841530 -15.911500 15.445700
