0.000000 0.000000 0.000000 0.000000
0.003415 2.875510 -0.043809 2.871440
-0.271424 4.828310 -0.370118 4.815510
-0.834805 7.548380 -0.918625 7.544520
-1.461510 10.149000 -1.582370 10.134400
-2.430940 13.603500 -2.746570 13.555300
-3.024730 15.477100 -3.382220 15.412500
-3.703620 17.441500 -4.043580 17.381000
-4.466630 19.497500 -4.799390 19.436200
-5.575590 22.389600 -5.868450 22.338500
-7.606330 26.914400 -8.017090 26.803400
-10.444300 32.492100 -10.576700 32.318800
-13.288300 37.616200 -13.590400 37.299300
-16.405500 43.114600 -16.886300 42.701800
-19.822800 48.550700 -20.384800 48.084500
-22.298600 52.011800 -22.976800 51.421200
-24.845700 55.456700 -25.554500 54.836500
-26.809000 58.015100 -27.534600 57.380700
-28.845000 60.531100 -29.530900 59.922200
-30.957800 63.017800 -31.624300 62.422800
-33.902400 66.293900 -34.561900 65.709000
-38.692500 71.052600 -39.294100 70.570600
-43.783800 75.735600 -44.290300 75.342000
-48.239000 79.596200 -48.716400 79.227000
-51.001600 81.890600 -51.479100 81.517300
-56.844600 86.284900 -57.298700 85.924100
-63.095400 90.328900 -63.514500 89.987000
-70.858300 94.583400 -71.254400 94.296200
-78.807200 98.475500 -79.034700 98.473600
-87.620400 102.509000 -87.776700 102.735000
-94.882400 105.733000 -94.717200 106.505000
-100.755000 108.779000 -100.504000 109.714000
-106.259000 112.256000 -105.984000 113.062000
-110.448000 115.333000 -110.193000 116.000000
-115.015000 119.133000 -114.816000 119.730000
-119.079000 122.948000 -118.837000 123.598000
-123.611000 128.115000 -123.356000 128.782000
-128.575000 135.915000 -128.695000 136.457000
-133.832000 146.748000 -133.897000 147.303000
-136.447000 154.717000 -136.578000 155.131000
-137.639000 162.601000 -137.853000 162.993000
-137.693000 171.190000 -137.961000 171.594000
-136.522000 180.228000 -136.938000 180.618000
-134.118000 189.577000 -134.752000 189.931000
-131.035000 197.647000 -131.848000 197.866000
-125.880000 206.684000 -126.832000 206.920000
-120.073000 213.663000 -121.031000 213.856000
-113.327000 219.882000 -114.316000 220.012000
-106.071000 225.055000 -107.005000 225.099000
-98.549100 228.935000 -99.472300 228.993000
-91.040100 231.573000 -91.976600 231.612000
-83.712800 233.199000 -84.682400 233.245000
-76.597100 233.929000 -77.589200 233.991000
-68.881500 234.099000 -69.896400 234.207000
-62.612500 234.073000 -63.642500 234.186000
-56.593000 234.154000 -57.641100 234.277000
-52.669500 234.321000 -53.731700 234.450000
-46.869400 234.779000 -47.946100 234.918000
-41.166800 235.479000 -42.267900 235.613000
-34.671800 236.603000 -35.795600 236.806000
-29.030000 237.739000 -30.187500 237.947000
-23.288400 239.015000 -24.498200 239.180000
-15.716500 241.163000 -16.976300 241.403000
-10.202200 243.217000 -11.468300 243.414000
-4.863900 245.543000 -6.151140 245.754000
0.218328 248.106000 -1.118020 248.382000
5.069510 250.915000 3.720420 251.183000
9.801620 254.032000 8.513630 254.180000
14.548400 257.244000 13.322300 257.294000
19.369200 260.486000 18.145800 260.529000
24.284100 263.758000 23.048500 263.803000
29.139500 267.067000 27.900800 267.096000
33.839600 270.546000 32.567200 270.613000
36.885200 273.027000 35.612500 273.071000
40.562700 276.384000 39.288200 276.413000
44.138900 280.056000 42.895600 280.035000
46.188000 282.426000 44.949900 282.398000
48.161900 284.909000 46.902300 284.900000
50.678100 288.383000 49.446600 288.352000
54.285100 293.874000 53.100300 293.807000
57.844000 299.554000 56.708100 299.456000
60.855800 304.377000 59.784600 304.240000
63.200700 308.299000 62.214200 308.108000
65.349900 312.312000 64.381400 312.119000
67.261700 316.393000 66.315600 316.188000
68.911200 320.538000 68.003900 320.318000
70.818400 325.743000 69.935900 325.512000
71.897400 328.869000 71.013400 328.637000
73.846800 335.152000 73.012000 334.910000
75.646600 341.266000 74.860500 341.018000
76.614300 344.109000 75.879500 343.842000
77.905700 347.705000 77.191500 347.426000
78.804600 350.386000 78.103100 350.104000
80.146800 355.783000 79.511200 355.492000
80.579100 361.257000 80.024500 360.971000
80.208300 365.886000 79.714800 365.606000
79.552900 370.624000 79.104800 370.347000
78.730700 377.661000 78.398000 377.391000
77.980500 384.120000 77.727200 383.856000
77.144300 390.785000 77.026100 390.531000
76.164300 396.308000 76.114300 396.065000
75.453100 399.564000 75.429800 399.324000
74.425000 403.843000 74.403100 403.598000
72.695800 410.200000 72.754900 409.974000
71.142300 415.518000 71.255600 415.302000
69.226500 421.955000 69.431600 421.752000
67.260800 428.364000 67.512300 428.179000
66.313200 431.553000 66.645900 431.394000
64.501700 437.857000 64.873500 437.706000
62.789500 444.006000 63.216200 443.864000
61.133500 449.961000 61.568600 449.828000
58.959400 457.599000 59.395200 457.461000
57.323500 463.133000 57.828700 463.018000
55.975200 467.616000 56.565200 467.528000
55.190200 470.219000 55.793600 470.127000
53.720900 475.119000 54.441500 475.084000
52.368200 479.727000 53.134600 479.680000
51.264800 484.350000 52.104900 484.322000
50.789600 489.040000 51.677300 489.046000
50.837600 491.404000 51.762600 491.410000
51.076900 493.768000 51.975100 493.777000
51.507400 496.154000 52.339900 496.167000
52.577300 500.130000 53.526200 500.111000
54.048700 504.096000 55.063500 504.070000
56.330800 508.746000 57.358100 508.712000
59.789000 513.824000 60.882400 513.763000
63.410000 517.523000 64.495800 517.458000
66.781500 520.298000 67.908300 520.168000
71.269900 523.209000 72.453900 523.031000
76.272100 525.494000 77.464800 525.292000
81.759900 527.052000 82.936100 526.915000
87.635600 527.728000 88.824100 527.547000
90.686000 527.745000 91.877400 527.530000
94.811800 527.412000 95.999300 527.196000
97.935300 526.886000 99.118700 526.629000
102.111000 525.862000 103.279000 525.562000
106.271000 524.482000 107.431000 524.156000
109.362000 523.203000 110.495000 522.808000
113.460000 521.282000 114.587000 520.863000
119.739000 518.237000 120.835000 517.758000
127.260000 514.516000 128.315000 514.050000
133.900000 511.172000 134.944000 510.657000
137.304000 509.462000 138.320000 508.887000
141.927000 507.143000 142.924000 506.520000
149.083000 503.550000 150.068000 502.885000
156.448000 499.835000 157.398000 499.077000
163.964000 496.056000 164.890000 495.241000
171.492000 492.227000 172.399000 491.374000
177.785000 489.062000 178.676000 488.173000
182.791000 486.582000 183.678000 485.666000
190.260000 482.920000 191.152000 481.968000
196.399000 479.858000 197.222000 478.873000
203.575000 476.127000 204.320000 475.019000
210.388000 472.443000 211.125000 471.294000
216.564000 469.050000 217.299000 467.845000
220.383000 467.052000 221.106000 465.833000
223.214000 465.752000 223.930000 464.527000
226.038000 464.645000 226.753000 463.423000
228.916000 463.705000 229.640000 462.496000
231.845000 462.947000 232.587000 461.779000
234.791000 462.397000 235.540000 461.256000
238.782000 461.946000 239.538000 460.780000
241.848000 461.906000 242.610000 460.734000
247.046000 462.466000 247.801000 461.220000
251.187000 463.496000 251.961000 462.237000
255.284000 464.992000 256.072000 463.695000
258.284000 466.431000 259.085000 465.116000
261.213000 468.115000 262.032000 466.786000
266.771000 472.095000 267.640000 470.762000
272.080000 476.625000 272.966000 475.298000
276.385000 480.591000 277.283000 479.280000
278.916000 482.977000 279.838000 481.651000
281.391000 485.347000 282.348000 483.999000
285.383000 489.070000 286.311000 487.725000
290.000000 492.874000 290.960000 491.481000
294.346000 495.795000 295.373000 494.336000
298.556000 497.840000 299.598000 496.315000
302.912000 498.776000 304.002000 497.209000
307.250000 498.551000 308.318000 496.969000
312.168000 497.170000 313.258000 495.663000
316.287000 495.404000 317.391000 493.944000
319.469000 493.419000 320.652000 492.145000
321.692000 491.423000 322.807000 490.072000
325.083000 486.074000 326.331000 484.784000
327.136000 478.684000 328.160000 477.436000
326.761000 472.078000 327.798000 470.863000
325.705000 467.393000 326.782000 466.180000
324.015000 461.569000 325.117000 460.358000
322.428000 456.222000 323.578000 455.003000
320.401000 449.633000 321.575000 448.432000
319.195000 445.777000 320.319000 444.615000
316.730000 438.006000 317.822000 436.882000
314.024000 427.175000 315.172000 426.074000
312.967000 418.184000 314.167000 417.145000
312.873000 412.156000 314.045000 411.136000
313.048000 408.161000 314.274000 407.144000
313.646000 402.170000 314.900000 401.177000
314.583000 396.281000 315.866000 395.298000
315.779000 390.542000 317.170000 389.578000
316.876000 385.970000 318.414000 385.026000
318.278000 381.083000 319.842000 380.155000
319.536000 376.961000 321.065000 376.033000
320.455000 373.030000 322.049000 372.138000
320.586000 368.565000 322.254000 367.638000
319.295000 364.228000 321.055000 363.293000
317.096000 360.795000 318.892000 359.845000
312.411000 355.890000 314.236000 354.939000
308.615000 352.322000 310.464000 351.351000
303.815000 347.661000 305.746000 346.618000
299.493000 343.322000 301.411000 342.307000
295.144000 338.751000 297.106000 337.758000
289.625000 332.265000 291.582000 331.308000
286.027000 326.960000 287.991000 325.979000
282.783000 321.333000 284.731000 320.380000
279.770000 315.380000 281.708000 314.431000
276.767000 309.235000 278.703000 308.272000
273.733000 302.874000 275.633000 301.939000
270.558000 296.319000 272.446000 295.393000
267.209000 289.597000 269.084000 288.676000
263.426000 282.914000 265.268000 282.017000
260.702000 278.472000 262.525000 277.592000
256.506000 271.838000 258.237000 271.021000
252.900000 266.234000 254.560000 265.482000
248.445000 259.400000 250.040000 258.695000
245.448000 254.808000 247.046000 254.140000
240.897000 247.825000 242.472000 247.237000
235.373000 239.490000 236.926000 238.926000
230.508000 232.238000 232.028000 231.700000
226.343000 226.169000 227.885000 225.640000
221.286000 218.901000 222.757000 218.433000
216.250000 211.635000 217.706000 211.185000
211.317000 204.351000 212.730000 203.952000
208.894000 200.677000 210.265000 200.311000
204.178000 193.291000 205.445000 192.999000
199.740000 185.759000 200.928000 185.531000
195.568000 178.119000 196.703000 177.917000
192.262000 171.701000 193.248000 171.592000
189.717000 166.528000 190.608000 166.471000
186.577000 159.995000 187.340000 160.010000
184.717000 156.053000 185.390000 156.130000
181.008000 148.161000 181.580000 148.302000
177.399000 140.261000 177.857000 140.472000
173.757000 132.355000 174.139000 132.602000
170.560000 125.923000 170.799000 126.252000
167.059000 119.698000 167.241000 120.071000
163.184000 113.699000 163.304000 114.115000
158.119000 106.814000 158.114000 107.333000
152.774000 100.171000 152.672000 100.784000
147.172000 93.652900 147.023000 94.328300
142.303000 88.395800 142.084000 89.142600
137.315000 83.188500 137.037000 84.019700
131.294000 76.854800 130.878000 77.851300
125.224000 70.510100 124.748000 71.587300
121.153000 66.269400 120.644000 67.377400
114.964000 59.930700 114.377000 61.121200
108.609000 53.594800 107.992000 54.832600
102.241000 47.250200 101.555000 48.568800
95.883500 40.922600 95.170400 42.314800
91.616800 36.688200 90.895400 38.108000
84.260000 29.295900 83.432900 30.817100
77.992700 22.958000 77.076500 24.585100
71.780400 16.590400 70.790500 18.345300
65.471800 10.206000 64.419300 12.039900
60.240600 4.874800 59.151300 6.745750
54.028900 -1.555700 52.803200 0.481451
47.942500 -7.950470 46.647200 -5.804820
41.910700 -14.274200 40.469100 -11.975900
36.295700 -20.310000 34.762900 -17.917700
32.866800 -24.157300 31.261800 -21.702000
28.282800 -29.552800 26.524300 -26.959900
21.464800 -36.966700 19.639900 -34.307900
10.700500 -39.071200 8.757970 -36.263400
6.256320 -35.282600 4.304770 -32.210000
4.118070 -30.087400 2.247060 -26.965800
3.306980 -25.913600 1.454720 -22.784700
2.589650 -21.354200 0.751508 -18.215000
2.235350 -18.941900 0.382927 -15.805100
1.883220 -16.439000 -0.012762 -13.311600
1.437820 -13.039500 -0.481758 -9.910930
0.808984 -8.142150 -1.189810 -5.028330
0.172462 -4.328520 -1.832780 -1.194370
-0.515324 -0.728113 -2.491320 2.413100
-0.957504 1.349240 -2.949530 4.481720
-1.682530 4.091750 -3.614880 7.237140
-3.006580 8.222650 -4.793420 11.424400
