1 1.19763e-11 1.70464e-10 5.55111e-17 1.19763e-11 1 3.5625e-10 0 1.70464e-10 3.5625e-10 1 2.22045e-16 
0.999823 -0.0134713 0.013135 -0.0209973 0.0135089 0.999905 -0.0027725 -0.0346282 -0.0130964 0.00294944 0.99991 1.3764 
0.999896 -0.00631452 -0.0129711 -0.278628 0.00618414 0.99993 -0.0100677 -0.0215583 0.0130338 0.00998649 0.999865 2.22909 
0.998482 -0.0054341 -0.0548028 -0.354236 0.00484257 0.999929 -0.0109209 -0.0660063 0.0548582 0.0106389 0.998437 2.9161 
0.9921 -0.00562259 -0.12532 -0.645083 0.00469394 0.999959 -0.00770431 -0.106218 0.125358 0.00705521 0.992086 4.50042 
0.986965 -0.0129123 -0.160417 -0.902746 0.011418 0.999882 -0.0102334 -0.121117 0.16053 0.00826834 0.986996 5.79012 
0.982472 -0.0164591 -0.18568 -1.21611 0.0137313 0.999778 -0.0159675 -0.138522 0.185901 0.013138 0.982481 7.06097 
0.978922 -0.0278097 -0.202331 -1.407 0.0244177 0.999517 -0.0192415 -0.160008 0.202768 0.0138954 0.979128 8.06751 
0.975463 -0.0225312 -0.219009 -1.69285 0.0172747 0.999516 -0.0258869 -0.194848 0.219486 0.0214684 0.975379 9.10686 
0.967829 -0.0264878 -0.250209 -2.48016 0.0187427 0.99927 -0.0332868 -0.314457 0.250908 0.0275263 0.96762 11.5027 
0.961945 -0.0297529 -0.271619 -3.02575 0.0168427 0.99862 -0.0497391 -0.411232 0.272724 0.0432714 0.961119 13.2219 
0.958741 -0.0315637 -0.282522 -3.32876 0.0128248 0.997607 -0.0679331 -0.461626 0.28399 0.061507 0.956852 14.4325 
0.955044 -0.0337903 -0.294534 -3.69808 0.0089697 0.996322 -0.0852181 -0.536797 0.29633 0.0787451 0.951834 15.6622 
0.952304 -0.0304758 -0.303627 -4.1425 0.000750621 0.995231 -0.0975395 -0.674345 0.305151 0.0926593 0.947785 17.0138 
0.948958 -0.0265622 -0.314282 -4.58622 -0.00741355 0.994294 -0.10642 -0.816481 0.315315 0.103318 0.943346 18.3566 
0.94229 -0.0263199 -0.333761 -5.24567 -0.0096005 0.994371 -0.105519 -1.06576 0.33466 0.102634 0.936733 20.3843 
0.937575 -0.0226651 -0.347044 -5.82093 -0.0131845 0.99484 -0.100591 -1.25103 0.347534 0.0988872 0.932439 21.8842 
0.927086 -0.0135702 -0.374603 -6.68554 -0.020372 0.996044 -0.0864999 -1.50237 0.374295 0.0878243 0.923141 24.1519 
0.916725 -0.013732 -0.399283 -7.89985 -0.0207984 0.996414 -0.08202 -1.77287 0.398977 0.0834942 0.913152 26.5534 
0.90532 -0.0159589 -0.424429 -8.9899 -0.0169208 0.997145 -0.0735862 -1.98954 0.424392 0.0738008 0.902466 28.903 
0.89584 -0.0111277 -0.444238 -10.1671 -0.0176685 0.998004 -0.0606287 -2.26189 0.444026 0.0621626 0.893855 30.9758 
0.887287 -0.0130473 -0.461034 -11.5395 -0.0145151 0.998315 -0.0561875 -2.45555 0.46099 0.0565464 0.885602 33.4452 
0.881575 -0.0142096 -0.47183 -12.9374 -0.0146179 0.998246 -0.0573754 -2.65577 0.471818 0.0574779 0.879821 36.0177 
0.881715 -0.0120105 -0.47163 -13.999 -0.0152391 0.998429 -0.0539154 -2.80905 0.471537 0.0547252 0.880147 37.8043 
0.881166 -0.0142519 -0.472592 -15.0165 -0.0133516 0.998397 -0.0550032 -2.93022 0.472618 0.0547768 0.879563 39.6266 
0.87793 -0.0190504 -0.478409 -16.0213 -0.00741416 0.998547 -0.0533683 -3.04999 0.478731 0.0504007 0.876514 41.504 
0.87276 -0.0176359 -0.487831 -17.0243 -0.00566006 0.998914 -0.0462387 -3.19517 0.488117 0.0431165 0.871713 43.3826 
0.864386 -0.02227 -0.502336 -18.1705 -0.000931442 0.998946 -0.0458889 -3.32307 0.502828 0.0401336 0.863454 45.1962 
0.852602 -0.0240464 -0.522008 -19.2531 -0.00158357 0.998817 -0.0485971 -3.46937 0.522559 0.0422606 0.851555 47.045 
0.841306 -0.0184341 -0.540245 -20.3952 -0.00394371 0.999182 -0.0402353 -3.56061 0.540545 0.0359807 0.840545 48.8458 
0.831767 -0.0233251 -0.554635 -22.2384 -0.00743492 0.998559 -0.0531442 -3.73497 0.555075 0.0483272 0.830395 51.4442 
0.822559 -0.0198344 -0.568334 -24.0615 -0.00769582 0.998912 -0.0459995 -3.90968 0.568628 0.0422111 0.821511 54.057 
0.817134 -0.0168877 -0.5762 -25.3166 -0.0101756 0.998992 -0.0437096 -4.02863 0.576358 0.0415798 0.816139 55.7955 
0.808611 -0.0176167 -0.58808 -27.3768 -0.0127421 0.998793 -0.0474406 -4.26356 0.588205 0.0458544 0.807411 58.397 
0.800384 -0.0175122 -0.599232 -28.7247 -0.0123926 0.998876 -0.0457442 -4.3745 0.59936 0.044039 0.799267 60.0718 
0.789424 -0.0217704 -0.613462 -30.0551 -0.009787 0.998797 -0.0480393 -4.49473 0.61377 0.0439273 0.788262 61.7788 
0.771482 -0.0278342 -0.635642 -32.0947 -0.0064861 0.998647 -0.0516021 -4.67544 0.636218 0.0439329 0.770257 64.3438 
0.751753 -0.0261118 -0.658928 -34.061 -0.00994421 0.998653 -0.0509195 -4.89102 0.65937 0.0448313 0.75048 66.6927 
0.741849 -0.0245042 -0.670119 -35.6572 -0.0157669 0.998418 -0.0539636 -5.10127 0.670382 0.0505986 0.740289 68.4733 
0.727618 -0.0197689 -0.685697 -38.0638 -0.0221672 0.998385 -0.0523061 -5.35296 0.685624 0.0532589 0.726005 70.9285 
0.711622 -0.0273067 -0.702031 -40.4011 -0.0191259 0.998121 -0.0582109 -5.5427 0.702302 0.0548512 0.709763 73.4253 
0.703929 -0.0246418 -0.709843 -42.0678 -0.0218627 0.998173 -0.0563316 -5.69064 0.709934 0.0551725 0.702104 75.047 
0.690198 -0.027192 -0.72311 -43.599 -0.0206817 0.998144 -0.0572749 -5.83738 0.723325 0.0544861 0.688354 76.6178 
0.682346 -0.0313879 -0.730355 -45.3387 -0.0143552 0.99831 -0.0563152 -5.978 0.730889 0.0489108 0.680742 78.0262 
0.67177 -0.038641 -0.739751 -47.0179 -0.00670547 0.99828 -0.0582346 -6.1071 0.740729 0.0440807 0.670356 79.6323 
0.662832 -0.047932 -0.747232 -48.8103 0.0011934 0.998015 -0.0629601 -6.27963 0.748767 0.0408402 0.661574 81.2055 
0.641069 -0.0541999 -0.765567 -51.7271 0.0103874 0.998025 -0.0619591 -6.58607 0.767413 0.0317678 0.640365 83.5814 
0.604931 -0.0546634 -0.7944 -55.5358 0.00774152 0.997997 -0.062778 -6.92384 0.79624 0.0318265 0.604142 86.6056 
0.57079 -0.0553526 -0.819228 -58.3696 0.00856978 0.998072 -0.0614656 -7.21064 0.821051 0.0280634 0.570164 89.0584 
0.531739 -0.057733 -0.844938 -62.5512 0.00347344 0.997814 -0.0659928 -7.58032 0.846901 0.0321561 0.530777 91.7294 
0.497848 -0.0538438 -0.865591 -66.9009 0.00358532 0.99819 -0.06003 -8.00717 0.867257 0.0267824 0.49714 94.2684 
0.472165 -0.0657725 -0.879053 -71.3581 0.0101488 0.997552 -0.0691876 -8.41763 0.881452 0.0237466 0.471677 96.6928 
0.456172 -0.0580994 -0.887993 -74.6126 0.0109511 0.998157 -0.0596815 -8.78116 0.889824 0.0175005 0.455968 98.675 
0.446333 -0.0537186 -0.893253 -77.8675 0.0104912 0.998442 -0.0548024 -9.07052 0.894806 0.0150887 0.446201 100.459 
0.441772 -0.052554 -0.895587 -81.2271 0.0148671 0.998574 -0.0512638 -9.36369 0.897004 0.00933213 0.441923 102.037 
0.434358 -0.0514057 -0.899272 -85.4577 0.0183292 0.998668 -0.0482343 -9.6597 0.900554 0.00446803 0.434722 104.176 
0.441334 -0.0536066 -0.89574 -89.6592 0.0153652 0.998519 -0.052187 -9.98902 0.897211 0.00926875 0.441504 106.142 
0.453439 -0.053528 -0.889679 -92.6122 0.0106362 0.998449 -0.0546513 -10.1718 0.891224 0.0153182 0.453305 107.836 
0.46907 -0.0516338 -0.88165 -95.4721 0.0105803 0.998546 -0.0528508 -10.4188 0.883098 0.0154626 0.468935 109.551 
0.48619 -0.0529863 -0.872245 -98.1386 0.00227656 0.998233 -0.0593707 -10.651 0.87385 0.0268797 0.485452 111.448 
0.516587 -0.0433339 -0.855137 -100.8 -0.0126375 0.998224 -0.0582191 -10.8638 0.856141 0.0408821 0.515122 113.338 
0.546656 -0.0520329 -0.835739 -103.285 -0.00927495 0.99763 -0.0681789 -11.0264 0.837306 0.0450218 0.544877 115.063 
-0.993752 -0.111604 0.00110397 -171.024 -0.0355095 0.306778 -0.951119 -133.4 0.10581 -0.945215 -0.308824 118.673 
-0.993036 -0.114762 -0.0266376 -170.979 -0.0103364 0.310097 -0.950649 -135.357 0.117358 -0.943753 -0.309124 118.043 
-0.991301 -0.121148 -0.0514335 -171.043 0.0117636 0.307669 -0.951421 -137.246 0.131088 -0.943749 -0.303567 117.472 
-0.989914 -0.119052 -0.0767971 -171.146 0.0364489 0.30981 -0.9501 -139.123 0.136904 -0.943316 -0.302346 116.909 
-0.988038 -0.117229 -0.100189 -171.291 0.059096 0.312257 -0.948158 -140.979 0.142436 -0.942737 -0.301595 116.348 
-0.985404 -0.120749 -0.119997 -171.53 0.0768878 0.313209 -0.946567 -142.801 0.151881 -0.941976 -0.299353 115.839 
-0.982116 -0.124796 -0.140974 -171.769 0.0948904 0.318619 -0.943121 -144.569 0.162615 -0.939632 -0.301078 115.32 
-0.978601 -0.128397 -0.16079 -172.083 0.112524 0.320294 -0.940612 -146.275 0.172272 -0.938577 -0.298992 114.83 
-0.981577 -0.177932 -0.0696176 -179.357 0.000960822 0.359761 -0.933044 275.71 0.191065 -0.915921 -0.352962 259.278 
-0.975116 -0.179843 -0.129639 -179.674 0.0577219 0.358634 -0.931692 272.532 0.214051 -0.91599 -0.339329 258.181 
-0.967226 -0.178922 -0.180167 -180.036 0.104812 0.36495 -0.925108 270.216 0.231274 -0.913673 -0.334237 257.388 
-0.951751 -0.178755 -0.249431 -180.896 0.169403 0.371697 -0.912767 266.357 0.255874 -0.910982 -0.323482 256.099 
-0.932188 -0.182166 -0.312794 -182.282 0.228895 0.372773 -0.899248 261.683 0.280414 -0.909866 -0.305798 254.55 
-0.915614 -0.183803 -0.357587 -184.122 0.266286 0.389133 -0.881854 256.824 0.301236 -0.902658 -0.307352 252.862 
-0.900062 -0.176224 -0.398539 -185.971 0.308923 0.386997 -0.868792 252.609 0.307335 -0.905085 -0.293882 251.437 
-0.883002 -0.173955 -0.435943 -187.001 0.346167 0.385882 -0.855139 250.401 0.316979 -0.905999 -0.280518 250.816 
-0.850181 -0.182995 -0.493666 -188.241 0.395888 0.395934 -0.828558 247.886 0.347081 -0.89986 -0.26417 250.009 
-0.814963 -0.180368 -0.550729 -189.954 0.449231 0.403726 -0.796992 245.216 0.366095 -0.896924 -0.247995 249.211 
-0.775262 -0.180789 -0.605215 -191.985 0.498389 0.413556 -0.761958 242.65 0.388044 -0.892349 -0.230511 248.555 
-0.734877 -0.179785 -0.653937 -194.11 0.547019 0.412855 -0.728231 240.053 0.400906 -0.892876 -0.205052 247.816 
-0.692316 -0.180144 -0.698746 -196.497 0.589056 0.418214 -0.691455 237.465 0.416787 -0.890306 -0.183422 247.145 
-0.632466 -0.18522 -0.752117 -200.141 0.640649 0.420688 -0.642332 234.161 0.43538 -0.888096 -0.14741 246.393 
-0.588342 -0.190247 -0.785913 -203.082 0.675808 0.417988 -0.607099 231.721 0.444001 -0.888309 -0.117349 245.922 
-0.527086 -0.210554 -0.823315 -207.254 0.717011 0.409848 -0.563844 228.577 0.456153 -0.88752 -0.0650556 245.36 
-0.480427 -0.209689 -0.851599 -210.339 0.750098 0.404922 -0.522869 226.162 0.454471 -0.889982 -0.0372483 244.989 
-0.419047 -0.218304 -0.88133 -215.236 0.782279 0.405934 -0.472501 223.467 0.460911 -0.887446 0.000669399 245.067 
-0.351119 -0.2296 -0.907744 -220.328 0.814724 0.402869 -0.417038 220.79 0.461454 -0.885991 0.0456058 245.26 
-0.258498 -0.24205 -0.935195 -225.664 0.84702 0.408685 -0.339903 218.492 0.464474 -0.879993 0.0993767 245.776 
-0.17772 -0.248513 -0.952185 -229.896 0.869567 0.413347 -0.27018 217.143 0.460727 -0.876005 0.142639 246.382 
-0.0990104 -0.257497 -0.961193 -234.204 0.888404 0.412255 -0.201953 216.048 0.448258 -0.873923 0.187944 247.19 
-0.0296008 -0.26252 -0.964472 -238.578 0.902413 0.407928 -0.13873 215.156 0.429855 -0.874459 0.224827 248.126 
0.0329174 -0.268341 -0.962761 -242.985 0.911696 0.402783 -0.0810925 214.465 0.409545 -0.875076 0.257904 249.166 
0.073557 -0.274127 -0.958876 -245.915 0.914188 0.402781 -0.0450197 214.207 0.398559 -0.873282 0.280231 250.002 
0.113505 -0.273178 -0.955244 -248.855 0.913464 0.406844 -0.00780769 214.133 0.390768 -0.871695 0.295717 250.955 
0.15792 -0.268356 -0.950287 -251.776 0.909219 0.414934 0.0339205 214.141 0.385204 -0.869376 0.309521 251.909 
0.199615 -0.267709 -0.942595 -254.624 0.904186 0.421044 0.0718995 214.284 0.377626 -0.866634 0.326105 252.949 
0.242401 -0.266548 -0.932842 -257.386 0.897359 0.427073 0.11115 214.529 0.368765 -0.864037 0.342712 253.99 
0.28699 -0.260132 -0.921937 -260.127 0.889771 0.428937 0.15595 214.908 0.354886 -0.865069 0.354558 255.07 
0.33027 -0.255602 -0.90862 -262.729 0.880842 0.429374 0.199386 215.394 0.339174 -0.866202 0.366954 256.161 
0.373346 -0.253107 -0.892496 -265.258 0.869612 0.430546 0.241672 215.955 0.323092 -0.866352 0.380848 257.263 
0.433908 -0.252471 -0.86486 -268.885 0.851127 0.429686 0.301584 217.003 0.295477 -0.866965 0.401329 258.929 
0.488247 -0.261839 -0.832499 -272.294 0.829078 0.437004 0.348793 218.211 0.272478 -0.860504 0.430451 260.614 
0.540742 -0.263823 -0.798746 -275.463 0.801184 0.450872 0.393471 219.561 0.256325 -0.852709 0.455176 262.366 
0.589989 -0.254258 -0.766333 -278.413 0.771024 0.459138 0.441264 221.072 0.239658 -0.851202 0.466925 264.15 
0.634964 -0.25134 -0.730513 -281.213 0.740441 0.467744 0.482662 222.71 0.220381 -0.847374 0.483104 265.901 
0.672078 -0.245726 -0.69852 -283.794 0.713901 0.465495 0.523125 224.438 0.196612 -0.850255 0.488273 267.722 
0.697941 -0.240777 -0.674466 -286.227 0.693526 0.462116 0.552694 226.311 0.178606 -0.853508 0.489515 269.493 
0.713023 -0.243458 -0.657515 -288.455 0.679931 0.469005 0.563673 228.106 0.171148 -0.848977 0.499946 271.196 
0.721853 -0.244279 -0.6475 -290.557 0.671751 0.472258 0.570722 229.927 0.166372 -0.846936 0.504995 272.876 
0.724744 -0.234903 -0.64774 -291.911 0.668772 0.466041 0.579267 231.169 0.165802 -0.85301 0.494857 273.961 
0.723724 -0.238275 -0.647648 -293.926 0.669031 0.472341 0.57384 232.926 0.169179 -0.848598 0.501258 275.549 
0.721504 -0.237117 -0.650544 -295.262 0.670008 0.476142 0.569542 234.066 0.174703 -0.846796 0.502409 276.604 
0.716392 -0.236212 -0.656496 -296.586 0.673474 0.479911 0.562244 235.186 0.182251 -0.84492 0.502887 277.64 
0.706479 -0.237381 -0.666737 -297.939 0.682867 0.476165 0.55404 236.331 0.185958 -0.84671 0.4985 278.687 
0.696857 -0.240052 -0.675844 -299.323 0.691696 0.474051 0.544824 237.432 0.189598 -0.847143 0.496389 279.737 
0.688239 -0.238304 -0.685229 -300.672 0.698099 0.474592 0.536115 238.455 0.197446 -0.847333 0.492993 280.731 
0.671627 -0.239103 -0.701246 -302.737 0.71175 0.471059 0.521071 240.047 0.205738 -0.849078 0.486557 282.219 
0.662124 -0.242463 -0.709087 -304.117 0.719033 0.472151 0.509966 241 0.211148 -0.847517 0.486961 283.185 
0.653119 -0.242564 -0.717355 -305.51 0.724751 0.474793 0.499308 241.951 0.219481 -0.846011 0.485895 284.149 
0.64337 -0.240496 -0.726799 -306.913 0.73142 0.473432 0.490803 242.885 0.226054 -0.847363 0.480495 285.108 
0.631913 -0.240562 -0.736761 -308.299 0.739989 0.46991 0.48125 243.824 0.230441 -0.849303 0.474955 286.071 
0.618791 -0.245834 -0.746099 -309.672 0.750335 0.466168 0.468706 244.729 0.232583 -0.849855 0.472918 286.998 
0.598189 -0.25105 -0.761015 -311.848 0.763545 0.466823 0.446179 246.012 0.243246 -0.847969 0.470936 288.391 
0.589225 -0.247117 -0.769251 -313.316 0.76786 0.467516 0.437972 246.799 0.251407 -0.848741 0.465224 289.287 
0.58499 -0.2474 -0.772386 -314.796 0.769627 0.469763 0.432431 247.586 0.255855 -0.847417 0.465213 290.185 
0.579262 -0.249907 -0.775888 -316.271 0.773555 0.468676 0.426563 248.398 0.257039 -0.847283 0.464803 291.088 
0.571704 -0.254137 -0.780108 -317.755 0.779586 0.464631 0.419958 249.237 0.255735 -0.848253 0.463753 292.017 
0.566172 -0.253269 -0.784413 -319.287 0.782776 0.463386 0.415374 250.037 0.258284 -0.849193 0.460609 292.942 
0.56161 -0.250409 -0.7886 -320.982 0.785526 0.46074 0.413119 250.838 0.259891 -0.851478 0.455459 293.918 
0.551321 -0.256239 -0.793969 -322.569 0.792697 0.457634 0.402745 251.598 0.260148 -0.851418 0.455423 294.835 
0.539769 -0.256578 -0.801759 -324.16 0.799437 0.454608 0.392724 252.353 0.263722 -0.852936 0.450501 295.756 
0.517325 -0.2599 -0.815369 -326.801 0.812034 0.449829 0.371826 253.366 0.27014 -0.854462 0.443755 297.241 
0.488941 -0.258844 -0.833029 -329.257 0.825279 0.446612 0.345618 254.385 0.282579 -0.856468 0.431986 298.571 
0.47195 -0.259905 -0.842445 -330.93 0.830556 0.451574 0.325973 255.009 0.295704 -0.85354 0.428986 299.451 
0.449681 -0.255995 -0.855718 -333.535 0.836694 0.456048 0.303254 255.793 0.312617 -0.852342 0.419266 300.697 
0.429119 -0.252407 -0.867264 -336.11 0.843406 0.455642 0.284705 256.603 0.323301 -0.853628 0.408406 301.948 
0.398935 -0.254227 -0.881033 -339.508 0.852433 0.456914 0.25414 257.589 0.337947 -0.852407 0.398991 303.554 
0.374908 -0.249976 -0.892724 -342.096 0.860198 0.45288 0.234435 258.201 0.345693 -0.855811 0.384817 304.696 
0.348731 -0.246241 -0.904297 -344.669 0.866238 0.453036 0.210692 258.818 0.357798 -0.85681 0.371291 305.809 
0.315188 -0.243903 -0.917152 -348.096 0.872177 0.455414 0.178621 259.532 0.374118 -0.856218 0.356268 307.216 
0.282421 -0.239359 -0.928949 -351.538 0.878426 0.453672 0.150165 260.08 0.385494 -0.858423 0.338386 308.572 
0.266187 -0.227997 -0.936569 -355.052 0.880426 0.453064 0.139937 260.578 0.392421 -0.86183 0.321334 309.857 
0.264117 -0.226967 -0.937405 -356.836 0.88096 0.452415 0.138674 260.744 0.392622 -0.862442 0.319439 310.477 
0.259895 -0.230597 -0.937699 -358.613 0.881925 0.452168 0.13324 261.003 0.393272 -0.861609 0.320885 311.107 
0.256072 -0.227354 -0.939541 -360.396 0.882856 0.450852 0.131524 261.259 0.393691 -0.863159 0.316171 311.763 
0.252994 -0.221834 -0.941692 -362.224 0.883406 0.449817 0.131371 261.506 0.394446 -0.865133 0.30977 312.412 
0.255552 -0.217099 -0.942105 -364.073 0.881729 0.452025 0.13501 261.658 0.396544 -0.865183 0.306938 313.003 
0.255029 -0.214742 -0.942786 -365.889 0.879808 0.456013 0.134126 261.913 0.401121 -0.863677 0.305229 313.62 
0.253399 -0.206824 -0.944993 -368.665 0.879941 0.455096 0.136351 262.262 0.401862 -0.866089 0.297314 314.545 
0.250067 -0.202285 -0.946862 -371.461 0.880687 0.453868 0.135627 262.601 0.402315 -0.867804 0.291647 315.44 
0.242242 -0.198205 -0.949754 -374.252 0.881932 0.452977 0.130412 262.972 0.404368 -0.86921 0.284533 316.328 
0.231754 -0.191249 -0.953789 -377.058 0.883943 0.450743 0.124402 263.265 0.406122 -0.871926 0.273515 317.153 
0.211346 -0.189699 -0.958826 -379.827 0.884835 0.453862 0.105243 263.588 0.41521 -0.870646 0.263774 317.998 
0.186414 -0.183898 -0.965107 -382.618 0.888592 0.450608 0.0857724 263.875 0.419111 -0.873575 0.24741 318.825 
0.165626 -0.184988 -0.968683 -384.499 0.892617 0.445734 0.0674988 263.998 0.419288 -0.875843 0.238949 319.317 
0.142429 -0.18551 -0.972265 -386.403 0.895109 0.443413 0.046522 264.074 0.422485 -0.87691 0.229207 319.799 
0.120171 -0.182349 -0.975863 -388.341 0.896345 0.442491 0.0276956 264.07 0.42676 -0.878038 0.216622 320.231 
0.0863673 -0.176617 -0.980483 -391.255 0.896314 0.443419 -0.000921123 263.989 0.434927 -0.878741 0.196601 320.85 
0.0636929 -0.167171 -0.983868 -393.231 0.896664 0.44238 -0.0171181 263.919 0.438105 -0.881109 0.178073 321.239 
0.0369153 -0.165262 -0.985559 -395.221 0.898741 0.436691 -0.0395627 263.876 0.436923 -0.884302 0.164649 321.645 
0.00609925 -0.161949 -0.98678 -397.264 0.899696 0.431609 -0.0652739 263.792 0.436474 -0.887404 0.148337 322.015 
-0.0216708 -0.156754 -0.9874 -399.314 0.898794 0.429467 -0.0879061 263.597 0.437835 -0.889374 0.131583 322.327 
-0.0501684 -0.153367 -0.986895 -401.384 0.897074 0.427444 -0.112029 263.368 0.439023 -0.890938 0.116137 322.614 
-0.0770079 -0.151851 -0.985399 -403.465 0.893603 0.427835 -0.135764 263.075 0.442204 -0.89101 0.102748 322.864 
-0.0964415 -0.151484 -0.983744 -405.567 0.887846 0.433668 -0.15382 262.714 0.44992 -0.888248 0.0926707 323.074 
-0.11405 -0.1541 -0.981451 -407.673 0.882699 0.437611 -0.171284 262.308 0.455889 -0.885861 0.0861143 323.289 
-0.137584 -0.148435 -0.979305 -410.867 0.871637 0.451454 -0.190886 261.683 0.470446 -0.879861 0.0672687 323.551 
-0.151003 -0.146901 -0.977557 -413.012 0.865389 0.458338 -0.202552 261.215 0.477807 -0.876553 0.0579165 323.7 
-0.158496 -0.150694 -0.975792 -415.171 0.861571 0.461603 -0.21123 260.685 0.48226 -0.874193 0.0566712 323.85 
-0.161156 -0.161726 -0.973588 -417.323 0.858358 0.463895 -0.219142 260.167 0.487083 -0.871003 0.0640595 324.001 
-0.162877 -0.160622 -0.973484 -419.515 0.857507 0.46497 -0.220191 259.641 0.488009 -0.870634 0.0620014 324.173 
-0.1651 -0.159175 -0.973348 -421.697 0.858467 0.462678 -0.221277 259.097 0.485568 -0.87212 0.0602583 324.335 
-0.168005 -0.160425 -0.972645 -423.885 0.859445 0.45943 -0.224229 258.538 0.482835 -0.873606 0.0606899 324.487 
-0.17399 -0.160336 -0.971607 -426.089 0.860165 0.455604 -0.229218 257.993 0.47942 -0.875624 0.0586452 324.652 
-0.184326 -0.158604 -0.969984 -428.304 0.858176 0.455115 -0.237495 257.397 0.479122 -0.876193 0.0522204 324.817 
-0.202304 -0.157114 -0.966637 -430.474 0.855365 0.452303 -0.252533 256.732 0.47689 -0.877916 0.0428872 324.943 
-0.225711 -0.157358 -0.961401 -432.653 0.848558 0.453012 -0.273366 256.059 0.478543 -0.877507 0.0312778 325.043 
-0.25117 -0.155309 -0.955402 -434.816 0.840319 0.454885 -0.294861 255.376 0.480393 -0.876903 0.0162556 325.14 
-0.275156 -0.153825 -0.949014 -436.942 0.832139 0.456265 -0.315225 254.622 0.481491 -0.876448 0.00245974 325.178 
-0.300202 -0.153348 -0.941468 -439.044 0.822882 0.457551 -0.336916 253.821 0.482436 -0.87586 -0.0111703 325.185 
-0.324433 -0.157598 -0.932687 -441.122 0.810345 0.462324 -0.359997 252.998 0.487939 -0.872593 -0.0222847 325.167 
-0.343009 -0.160365 -0.925542 -443.168 0.798898 0.468456 -0.377242 252.117 0.494072 -0.868811 -0.0325692 325.129 
-0.358772 -0.162143 -0.919235 -446.21 0.791624 0.468951 -0.391684 250.768 0.494584 -0.868214 -0.0398899 325.034 
-0.36772 -0.161831 -0.915747 -448.215 0.789148 0.466652 -0.399351 249.822 0.491963 -0.869509 -0.0438887 324.956 
-0.37875 -0.163826 -0.910884 -450.217 0.786418 0.461935 -0.410077 248.91 0.48795 -0.871652 -0.0461221 324.888 
-0.388934 -0.16729 -0.905949 -452.199 0.780645 0.462344 -0.420514 247.95 0.489208 -0.870777 -0.0492269 324.801 
-0.406772 -0.162636 -0.898936 -455.127 0.769898 0.468639 -0.433168 246.472 0.491725 -0.86829 -0.065416 324.658 
-0.420022 -0.166398 -0.892128 -458.055 0.765915 0.462299 -0.446827 244.974 0.486781 -0.870972 -0.0667292 324.49 
-0.420624 -0.16611 -0.891899 -459.962 0.764635 0.46419 -0.447058 243.972 0.488271 -0.87002 -0.0682361 324.372 
-0.404195 -0.167808 -0.899148 -461.834 0.76719 0.473063 -0.433164 243.001 0.498041 -0.8649 -0.0624691 324.264 
-0.382364 -0.167457 -0.908711 -463.676 0.775879 0.475896 -0.414169 242.114 0.501807 -0.863413 -0.0520394 324.187 
-0.366331 -0.164515 -0.915825 -465.49 0.784448 0.474753 -0.399063 241.286 0.500443 -0.864606 -0.0448631 324.134 
-0.359466 -0.164938 -0.918466 -467.251 0.789635 0.470717 -0.393576 240.511 0.497253 -0.86673 -0.0389663 324.1 
-0.363649 -0.164579 -0.916882 -468.969 0.791023 0.465272 -0.397247 239.71 0.491979 -0.869733 -0.0390096 324.068 
-0.378766 -0.165195 -0.91063 -470.682 0.786184 0.461722 -0.410764 238.924 0.488314 -0.871507 -0.0450106 324.01 
-0.402131 -0.164904 -0.900609 -472.347 0.776401 0.459933 -0.430887 238.084 0.485275 -0.872507 -0.0569213 323.939 
-0.436211 -0.162265 -0.885093 -473.996 0.76262 0.455428 -0.459344 237.209 0.477631 -0.87536 -0.0749159 323.838 
-0.475405 -0.162993 -0.864536 -475.567 0.743138 0.451577 -0.493786 236.262 0.470888 -0.877218 -0.0935561 323.686 
-0.519538 -0.164747 -0.838414 -477.098 0.717174 0.449323 -0.532701 235.266 0.46448 -0.878048 -0.115288 323.509 
-0.566635 -0.169592 -0.806327 -478.584 0.684555 0.447757 -0.575237 234.202 0.458594 -0.877925 -0.137619 323.285 
-0.614966 -0.168615 -0.770316 -479.988 0.648777 0.44708 -0.615799 233.053 0.448225 -0.878458 -0.165546 323.013 
-0.660853 -0.172546 -0.730412 -481.32 0.609029 0.445435 -0.656256 231.844 0.438585 -0.87853 -0.189281 322.678 
-0.699063 -0.178778 -0.692351 -482.592 0.570351 0.444589 -0.690681 230.554 0.43129 -0.877712 -0.20883 322.308 
-0.724071 -0.18252 -0.665137 -483.825 0.539728 0.450482 -0.711168 229.201 0.429435 -0.873929 -0.22767 321.894 
-0.733473 -0.185558 -0.6539 -485.031 0.523819 0.458755 -0.717744 227.804 0.433163 -0.868972 -0.239285 321.456 
-0.732497 -0.200076 -0.650706 -486.875 0.519477 0.453498 -0.724212 225.679 0.439992 -0.868509 -0.228251 320.79 
-0.72728 -0.198379 -0.657047 -488.806 0.527724 0.450455 -0.720137 223.517 0.43883 -0.87048 -0.222918 320.144 
-0.724858 -0.200889 -0.658957 -490.801 0.535014 0.438428 -0.722178 221.28 0.433983 -0.876028 -0.210319 319.512 
-0.722617 -0.201781 -0.661142 -492.188 0.534404 0.443582 -0.719477 219.761 0.438448 -0.873223 -0.212707 319.099 
-0.720127 -0.206974 -0.662253 -494.288 0.531857 0.448298 -0.718441 217.386 0.445585 -0.869593 -0.212751 318.409 
-0.720733 -0.209666 -0.660745 -495.732 0.530241 0.447235 -0.720296 215.791 0.44653 -0.869495 -0.211163 317.961 
-0.725774 -0.208775 -0.655489 -497.175 0.529047 0.439669 -0.72581 214.164 0.439729 -0.873558 -0.208649 317.505 
-0.744558 -0.194798 -0.638503 -499.352 0.519472 0.43165 -0.737446 211.734 0.419263 -0.880756 -0.220196 316.856 
-0.758682 -0.190625 -0.622948 -500.726 0.508316 0.424847 -0.749079 210.04 0.407451 -0.884967 -0.225426 316.378 
-0.772004 -0.187032 -0.607477 -502.064 0.495491 0.421535 -0.759472 208.329 0.398118 -0.887315 -0.232755 315.894 
-0.783453 -0.184964 -0.593287 -503.376 0.482242 0.421209 -0.768131 206.58 0.391974 -0.887903 -0.2408 315.392 
-0.793526 -0.188756 -0.578522 -504.661 0.467491 0.41952 -0.77811 204.836 0.389575 -0.887904 -0.244658 314.874 
-0.803631 -0.188393 -0.564523 -505.907 0.454837 0.41731 -0.78675 203.089 0.383799 -0.889022 -0.249675 314.357 
-0.810932 -0.189266 -0.553686 -507.12 0.444704 0.415647 -0.793396 201.334 0.3803 -0.889616 -0.252894 313.828 
-0.818585 -0.187539 -0.542907 -508.311 0.438116 0.407383 -0.801307 199.576 0.371448 -0.893794 -0.251314 313.296 
-0.826932 -0.182635 -0.531816 -509.487 0.432532 0.397745 -0.809145 197.814 0.359305 -0.899135 -0.249913 312.77 
-0.832618 -0.180157 -0.523727 -510.667 0.424402 0.400029 -0.812318 196.018 0.355851 -0.898621 -0.256612 312.244 
-0.837421 -0.1811 -0.515682 -512.463 0.41508 0.403093 -0.815613 193.36 0.355575 -0.897061 -0.262387 311.48 
-0.840141 -0.171616 -0.5145 -513.581 0.416105 0.404501 -0.814393 191.533 0.347878 -0.898291 -0.268428 310.912 
-0.843714 -0.16099 -0.512083 -514.724 0.418311 0.400642 -0.81517 189.717 0.336396 -0.90198 -0.270683 310.345 
-0.845383 -0.158046 -0.510245 -515.865 0.418239 0.398344 -0.816332 187.875 0.332271 -0.903517 -0.270652 309.78 
-0.846844 -0.154998 -0.508754 -516.985 0.417828 0.39795 -0.816734 186.022 0.329051 -0.904219 -0.272239 309.199 
-0.847183 -0.153739 -0.508572 -518.072 0.416647 0.401721 -0.815491 184.151 0.329676 -0.902765 -0.276276 308.596 
-0.84701 -0.155478 -0.508332 -519.195 0.41368 0.407749 -0.814009 182.306 0.333832 -0.89976 -0.281049 308 
-0.844569 -0.157227 -0.511843 -520.805 0.414172 0.414022 -0.810585 179.509 0.339359 -0.896586 -0.284551 307.058 
-0.844042 -0.154431 -0.513561 -521.366 0.416295 0.415021 -0.808984 178.602 0.338071 -0.896609 -0.286006 306.755 
-0.842588 -0.153669 -0.51617 -522.53 0.417181 0.419896 -0.806007 176.783 0.340596 -0.894468 -0.289691 306.17 
-0.839543 -0.155593 -0.520537 -524.202 0.420004 0.421878 -0.803502 174.099 0.344622 -0.893202 -0.288836 305.255 
-0.83849 -0.146908 -0.524741 -525.883 0.425276 0.42566 -0.798721 171.456 0.340699 -0.892878 -0.294435 304.353 
-0.838333 -0.14071 -0.526686 -527.614 0.42946 0.424637 -0.797024 168.891 0.3358 -0.894362 -0.295558 303.51 
-0.8393 -0.134239 -0.526835 -528.733 0.432546 0.422179 -0.796661 167.182 0.329362 -0.896518 -0.29627 302.918 
-0.840357 -0.130836 -0.526006 -530.409 0.43303 0.421628 -0.79669 164.662 0.326014 -0.89728 -0.297662 302.072 
-0.840766 -0.128412 -0.525949 -531.994 0.432747 0.424368 -0.795388 162.166 0.325333 -0.896338 -0.301224 301.187 
-0.841705 -0.126446 -0.524923 -533.582 0.432097 0.425215 -0.795289 159.732 0.323766 -0.896216 -0.303269 300.343 
-0.842781 -0.126298 -0.523229 -535.137 0.429983 0.426772 -0.795601 157.338 0.323782 -0.895497 -0.305369 299.501 
-0.842118 -0.127033 -0.524118 -536.651 0.42871 0.431917 -0.793509 154.959 0.327177 -0.892922 -0.309264 298.654 
-0.842547 -0.122605 -0.524483 -538.162 0.428036 0.438674 -0.790158 152.624 0.326955 -0.890243 -0.317124 297.789 
-0.844422 -0.117162 -0.522709 -539.143 0.426364 0.443729 -0.788238 151.084 0.324292 -0.88847 -0.324741 297.208 
-0.846931 -0.112389 -0.519689 -540.129 0.42442 0.445847 -0.788092 149.568 0.320275 -0.888025 -0.329902 296.636 
-0.848562 -0.110438 -0.517442 -541.087 0.422848 0.446288 -0.788686 148.061 0.318029 -0.888049 -0.332005 296.027 
-0.850179 -0.106672 -0.515574 -542.067 0.422696 0.44552 -0.789202 146.587 0.313884 -0.888894 -0.333682 295.453 
-0.849927 -0.106388 -0.516048 -543.029 0.423137 0.4458 -0.788808 145.144 0.313974 -0.888788 -0.333881 294.897 
-0.849079 -0.0996367 -0.518785 -544.363 0.428768 0.443675 -0.786963 143.005 0.308582 -0.890632 -0.333994 294.034 
-0.849373 -0.0997208 -0.518286 -545.258 0.429524 0.440062 -0.788578 141.674 0.306716 -0.892413 -0.330944 293.505 
-0.848468 -0.101338 -0.519455 -546.111 0.430341 0.439226 -0.788598 140.351 0.308073 -0.892643 -0.32906 293.025 
-0.847449 -0.0992848 -0.52151 -547.343 0.433708 0.437032 -0.787973 138.399 0.30615 -0.89395 -0.327302 292.322 
-0.84142 -0.100941 -0.53087 -548.561 0.442338 0.435645 -0.783933 136.52 0.310402 -0.894441 -0.32191 291.61 
-0.824658 -0.104841 -0.55583 -549.855 0.462075 0.441891 -0.768908 134.641 0.32623 -0.890921 -0.315964 290.888 
-0.807589 -0.0997212 -0.581254 -550.79 0.484402 0.450013 -0.750229 133.436 0.336386 -0.887437 -0.315121 290.43 
-0.782548 -0.100683 -0.614395 -551.729 0.514117 0.452079 -0.728909 132.262 0.351144 -0.886277 -0.302011 289.955 
-0.753975 -0.0984709 -0.649481 -552.825 0.54536 0.457338 -0.702442 131.182 0.366202 -0.883824 -0.291119 289.601 
-0.722734 -0.0980891 -0.68413 -554.037 0.57917 0.454175 -0.676969 130.237 0.377119 -0.885496 -0.271438 289.297 
-0.68406 -0.0977311 -0.722849 -555.107 0.61762 0.449636 -0.64527 129.141 0.388082 -0.887849 -0.247217 288.895 
-0.647472 -0.0931856 -0.756371 -556.361 0.651132 0.448067 -0.612587 128.192 0.395989 -0.88913 -0.229434 288.609 
-0.607609 -0.0874987 -0.789402 -557.57 0.685597 0.44398 -0.576921 127.239 0.400958 -0.891754 -0.209777 288.27 
-0.566568 -0.085491 -0.819568 -558.864 0.715844 0.441554 -0.540923 126.348 0.408128 -0.893152 -0.188973 287.996 
-0.525296 -0.0857646 -0.846586 -560.234 0.743855 0.43685 -0.505808 125.513 0.413211 -0.895437 -0.165679 287.724 
-0.488175 -0.086189 -0.86848 -561.659 0.767611 0.431104 -0.47426 124.728 0.415281 -0.898176 -0.144295 287.513 
-0.454011 -0.0868861 -0.886749 -563.137 0.78667 0.428213 -0.444729 123.989 0.418358 -0.899491 -0.126063 287.323 
-0.419364 -0.0888002 -0.903465 -564.617 0.803478 0.426929 -0.414915 123.247 0.42256 -0.899915 -0.107689 287.142 
-0.385948 -0.0886351 -0.918253 -566.158 0.818963 0.425286 -0.385267 122.588 0.424669 -0.900708 -0.0915497 287.031 
-0.351075 -0.086071 -0.932383 -567.745 0.834153 0.423609 -0.353192 121.958 0.425366 -0.901747 -0.0769221 286.927 
-0.314082 -0.0879481 -0.945314 -569.355 0.847759 0.422248 -0.320953 121.377 0.427384 -0.902204 -0.0580617 286.79 
-0.278481 -0.0941236 -0.955819 -570.923 0.86002 0.418597 -0.291791 120.853 0.427567 -0.903281 -0.0356231 286.705 
-0.220501 -0.100517 -0.970194 -573.427 0.873221 0.422837 -0.24227 120.136 0.434586 -0.900614 -0.00546211 286.681 
-0.152638 -0.0957654 -0.983631 -575.971 0.88937 0.420702 -0.17897 119.596 0.430955 -0.90213 0.0209555 286.736 
-0.0731975 -0.0952964 -0.992754 -578.58 0.903744 0.41463 -0.106436 119.233 0.421769 -0.904986 0.0557737 286.893 
0.00413084 -0.093484 -0.995612 -581.164 0.913278 0.405888 -0.034322 119.099 0.407316 -0.909129 0.0870535 287.161 
0.0511111 -0.0946376 -0.994199 -582.867 0.91547 0.402291 0.00876964 119.091 0.399128 -0.910607 0.107199 287.37 
0.0910606 -0.0939572 -0.991403 -584.569 0.915828 0.398892 0.0463152 119.143 0.391111 -0.912172 0.122372 287.61 
0.13039 -0.0909507 -0.987282 -586.291 0.91304 0.399166 0.0838127 119.232 0.386467 -0.912356 0.135089 287.866 
0.186935 -0.0910212 -0.978146 -588.885 0.908026 0.395986 0.136686 119.531 0.374891 -0.913734 0.156673 288.303 
0.25146 -0.0853771 -0.964095 -591.488 0.897182 0.39424 0.199095 119.969 0.363087 -0.915033 0.175735 288.744 
0.320492 -0.0890245 -0.943058 -594.042 0.883147 0.3881 0.263495 120.581 0.342543 -0.917308 0.203005 289.313 
0.389883 -0.09134 -0.916323 -596.569 0.864858 0.378051 0.3303 121.422 0.316247 -0.921268 0.226392 289.982 
0.459968 -0.0946467 -0.882877 -599.071 0.837341 0.377076 0.395821 122.438 0.295448 -0.921334 0.252694 290.721 
0.529346 -0.0949843 -0.843073 -601.511 0.802364 0.378957 0.46109 123.667 0.275692 -0.920527 0.276811 291.517 
0.597089 -0.0975173 -0.796225 -603.852 0.763026 0.37534 0.526224 125.104 0.247539 -0.921743 0.298519 292.41 
0.642132 -0.0971421 -0.760414 -605.391 0.731754 0.37331 0.570241 126.14 0.228476 -0.922606 0.310799 293.044 
0.6791 -0.102461 -0.72686 -606.847 0.703919 0.371672 0.605275 127.308 0.208136 -0.922693 0.324527 293.705 
0.715274 -0.101009 -0.691506 -608.263 0.672188 0.370122 0.641227 128.554 0.191172 -0.923475 0.332636 294.405 
0.748927 -0.0972416 -0.655479 -609.635 0.63906 0.367582 0.675637 129.882 0.175242 -0.924893 0.337436 295.13 
0.780413 -0.0976532 -0.617592 -610.924 0.604658 0.369356 0.705666 131.307 0.159201 -0.924143 0.347297 295.883 
0.809203 -0.102236 -0.578566 -612.137 0.571052 0.368439 0.733589 132.806 0.138167 -0.924013 0.356524 296.667 
0.835316 -0.10505 -0.53964 -613.295 0.537293 0.363917 0.760842 134.378 0.116458 -0.925489 0.360428 297.468 
0.856358 -0.115232 -0.503361 -614.389 0.508088 0.362035 0.781522 136.027 0.0921781 -0.925015 0.368579 298.272 
0.876961 -0.114096 -0.46682 -615.396 0.474174 0.363293 0.801983 137.739 0.0780895 -0.924662 0.372695 299.099 
0.905675 -0.114483 -0.408223 -616.793 0.420132 0.371628 0.827877 140.383 0.0569296 -0.921296 0.384672 300.389 
0.92954 -0.110827 -0.351672 -618.009 0.367 0.370166 0.853398 143.181 0.0355973 -0.922331 0.384757 301.73 
0.94405 -0.11453 -0.309278 -619.113 0.329524 0.366138 0.870263 146.078 0.0135671 -0.923486 0.383393 303.087 
0.949092 -0.125195 -0.289053 -620.11 0.314963 0.363096 0.876903 149.025 -0.0048303 -0.923303 0.384043 304.439 
0.950011 -0.130142 -0.283799 -621.08 0.311916 0.355795 0.880976 152.032 -0.013678 -0.925458 0.378602 305.825 
0.951407 -0.126038 -0.280962 -622.092 0.307634 0.348558 0.885364 155.113 -0.0136576 -0.928774 0.370394 307.224 
0.951965 -0.130323 -0.27709 -623.103 0.305673 0.351046 0.88506 158.299 -0.0180721 -0.927245 0.374019 308.64 
0.952261 -0.132834 -0.274869 -623.762 0.304549 0.350921 0.885497 160.316 -0.0211665 -0.926936 0.374623 309.557 
0.953227 -0.129891 -0.272922 -624.459 0.301561 0.347556 0.887843 162.449 -0.0204674 -0.928619 0.37047 310.509 
0.953904 -0.128488 -0.271217 -625.129 0.299393 0.344848 0.889631 164.619 -0.0207784 -0.929823 0.36742 311.459 
0.953647 -0.131797 -0.27053 -625.784 0.29994 0.343553 0.889948 166.817 -0.0243512 -0.929839 0.367159 312.414 
0.953513 -0.136658 -0.268585 -626.49 0.300012 0.3465 0.88878 169.018 -0.0283941 -0.928042 0.371391 313.367 
0.953797 -0.13408 -0.268877 -627.203 0.299273 0.344729 0.889718 171.247 -0.026604 -0.929077 0.368928 314.347 
0.954164 -0.132453 -0.268377 -627.892 0.298324 0.349212 0.888287 173.518 -0.0239359 -0.927635 0.37272 315.347 
0.953947 -0.134339 -0.268214 -628.595 0.299039 0.355276 0.885638 175.8 -0.0236858 -0.925058 0.379087 316.359 
0.95409 -0.133203 -0.268272 -629.339 0.298516 0.349571 0.888081 178.121 -0.0245149 -0.927393 0.373285 317.383 
0.95438 -0.132125 -0.267771 -630.064 0.297686 0.351149 0.887737 180.462 -0.0232643 -0.92695 0.374462 318.421 
0.95475 -0.12992 -0.267532 -631.119 0.296632 0.350955 0.888166 184.031 -0.021499 -0.927335 0.373613 319.998 
0.95449 -0.133568 -0.266662 -632.206 0.297205 0.351468 0.887772 187.638 -0.0248552 -0.926623 0.37517 321.6 
0.954632 -0.132848 -0.266515 -632.94 0.296731 0.348953 0.888922 190.074 -0.0250901 -0.927676 0.372542 322.691 
0.956152 -0.125546 -0.264596 -633.709 0.292328 0.354209 0.888302 192.508 -0.0178002 -0.926701 0.375378 323.796 
0.957456 -0.117178 -0.263719 -634.467 0.288391 0.355466 0.889086 194.975 -0.0104385 -0.927315 0.374136 324.898 
0.956818 -0.122 -0.263845 -635.209 0.290321 0.355581 0.888412 197.452 -0.0145684 -0.926649 0.375645 326.016 
0.95495 -0.131224 -0.266178 -636.293 0.295849 0.350442 0.88863 201.204 -0.0233291 -0.927346 0.373477 327.699 
0.95529 -0.128372 -0.266348 -637.065 0.294919 0.349568 0.889283 203.682 -0.0210522 -0.928075 0.371798 328.807 
0.954697 -0.131931 -0.266734 -637.796 0.29663 0.350432 0.888374 206.169 -0.0237318 -0.92725 0.373691 329.93 
0.953778 -0.136293 -0.267828 -638.545 0.299313 0.351308 0.887127 208.648 -0.0268192 -0.926287 0.375864 331.048 
0.953538 -0.132009 -0.270811 -639.302 0.300424 0.349241 0.887568 211.117 -0.0225885 -0.927688 0.372673 332.16 
0.953777 -0.123031 -0.274177 -640.069 0.3002 0.348217 0.888046 213.59 -0.013784 -0.929305 0.369055 333.246 
0.951564 -0.126491 -0.280224 -641.243 0.307194 0.353922 0.883386 217.273 -0.0125628 -0.926682 0.375637 334.895 
0.95112 -0.123907 -0.282873 -642.434 0.308663 0.352154 0.883581 220.941 -0.00986735 -0.927704 0.373186 336.569 
0.951202 -0.124012 -0.282551 -643.227 0.308414 0.353196 0.883252 223.357 -0.0097383 -0.927294 0.374208 337.664 
0.951662 -0.125187 -0.280476 -643.625 0.306941 0.354263 0.883338 224.558 -0.0112197 -0.926729 0.375563 338.22 
0.952284 -0.13021 -0.276044 -644.42 0.304743 0.355448 0.883622 226.963 -0.0169369 -0.925582 0.378168 339.321 
0.953765 -0.131042 -0.270481 -645.19 0.299851 0.3534 0.886114 229.378 -0.0205297 -0.926249 0.376354 340.378 
0.955249 -0.13135 -0.265042 -645.919 0.294826 0.349979 0.889153 231.775 -0.0240311 -0.927503 0.373042 341.467 
0.956522 -0.139147 -0.256327 -646.999 0.289739 0.352629 0.889778 235.326 -0.0334214 -0.92536 0.377613 343.079 
0.958464 -0.136772 -0.250279 -647.706 0.283175 0.351646 0.892276 237.692 -0.0340293 -0.926088 0.37577 344.16 
0.961619 -0.128259 -0.242567 -648.407 0.27279 0.351595 0.895526 240.018 -0.0295743 -0.927325 0.373088 345.203 
0.965621 -0.118288 -0.231483 -649.4 0.258754 0.351864 0.899577 243.393 -0.0249587 -0.928547 0.370374 346.678 
0.965958 -0.112162 -0.23312 -649.877 0.258067 0.354824 0.898611 245.627 -0.0180729 -0.928181 0.37169 347.627 
0.96868 -0.096422 -0.228827 -650.712 0.24828 0.361269 0.8988 248.81 -0.00399613 -0.927463 0.373894 348.978 
0.968067 -0.092239 -0.233108 -651.266 0.250687 0.362668 0.897568 250.792 0.00174994 -0.927342 0.37421 349.917 
0.96319 -0.0963171 -0.250973 -651.654 0.268769 0.363214 0.892098 252.736 0.00523266 -0.926714 0.375732 350.798 
0.956687 -0.0959018 -0.27487 -652.22 0.290715 0.364453 0.88468 254.609 0.0153348 -0.92627 0.376548 351.641 
0.95033 -0.0956231 -0.296191 -652.402 0.310281 0.365884 0.877413 255.556 0.0244708 -0.925735 0.377381 352.053 
0.939893 -0.0884408 -0.329816 -653.053 0.338219 0.374046 0.863538 257.351 0.0469942 -0.923184 0.381475 352.84 
0.927142 -0.0861484 -0.364673 -653.769 0.368781 0.382233 0.847289 259.071 0.0663974 -0.920041 0.386154 353.646 
0.914481 -0.0853131 -0.395532 -654.714 0.39653 0.383539 0.834063 260.662 0.0805453 -0.919576 0.384569 354.465 
0.89791 -0.0802039 -0.43281 -655.589 0.428471 0.384518 0.817654 262.297 0.100844 -0.919627 0.379628 355.264 
0.876917 -0.0773036 -0.474384 -656.345 0.465577 0.381785 0.798423 263.83 0.119392 -0.921013 0.370784 356.016 
0.857865 -0.0676159 -0.509407 -657.381 0.493283 0.386164 0.779454 265.374 0.144011 -0.919949 0.36463 356.791 
0.83778 -0.0589781 -0.542814 -658.498 0.519428 0.392492 0.759041 266.862 0.168283 -0.917862 0.359457 357.553 
0.812419 -0.0601844 -0.57996 -659.68 0.553141 0.394148 0.733949 268.31 0.184418 -0.917074 0.353504 358.31 
0.781854 -0.0712491 -0.619377 -660.95 0.591949 0.396676 0.701601 269.686 0.195704 -0.915189 0.352319 359.045 
0.745528 -0.075884 -0.66214 -662.282 0.631734 0.397032 0.665792 271.041 0.212368 -0.914662 0.343937 359.779 
0.706831 -0.0733567 -0.703569 -663.746 0.667267 0.399323 0.628726 272.325 0.23483 -0.913871 0.331202 360.512 
0.641496 -0.0620212 -0.764615 -666.102 0.716091 0.405889 0.567862 274.128 0.27513 -0.911815 0.304789 361.557 
0.573858 -0.0574423 -0.816938 -668.659 0.755277 0.422775 0.500817 275.729 0.316613 -0.904412 0.285998 362.528 
0.502142 -0.0545801 -0.863061 -671.438 0.791052 0.432231 0.432912 277.158 0.349413 -0.90011 0.260217 363.458 
0.453888 -0.0504362 -0.88963 -673.413 0.812549 0.433201 0.390001 277.969 0.365719 -0.899885 0.237607 364.012 
0.401486 -0.0570606 -0.914086 -675.404 0.833452 0.436531 0.33882 278.722 0.379694 -0.897878 0.222819 364.541 
0.354318 -0.052957 -0.933624 -677.489 0.846535 0.442331 0.296177 279.326 0.397287 -0.895287 0.201556 365.002 
0.306639 -0.045223 -0.950751 -679.628 0.859334 0.442672 0.256099 279.876 0.409289 -0.895542 0.174602 365.447 
0.238269 -0.0434945 -0.970225 -682.982 0.873946 0.445339 0.19466 280.573 0.423612 -0.894305 0.144122 366.033 
0.185502 -0.0410298 -0.981787 -686.344 0.877231 0.457124 0.146643 281.064 0.442782 -0.888456 0.12079 366.546 
0.145468 -0.0400308 -0.988553 -689.777 0.878144 0.465491 0.110371 281.42 0.455744 -0.884147 0.102867 366.972 
0.110861 -0.0485154 -0.992651 -693.25 0.881588 0.465912 0.0756864 281.677 0.458816 -0.8835 0.0944222 367.358 
0.0969219 -0.0474045 -0.994162 -695.597 0.88222 0.466499 0.0637645 281.799 0.460753 -0.883251 0.0870351 367.612 
0.0897497 -0.0442146 -0.994982 -697.935 0.882238 0.467115 0.0588224 281.871 0.46217 -0.88309 0.0809313 367.831 
0.0828912 -0.0424863 -0.995653 -700.262 0.88269 0.466894 0.0535635 281.984 0.462588 -0.883292 0.0762036 368.075 
0.0770273 -0.0437878 -0.996067 -702.58 0.882176 0.468506 0.047624 282.048 0.464578 -0.882374 0.0747163 368.29 
0.0722517 -0.0479272 -0.996234 -704.88 0.884855 0.463982 0.0418525 282.145 0.460229 -0.884547 0.0759321 368.533 
0.0734803 -0.0474975 -0.996165 -707.159 0.885843 0.461958 0.0433163 282.171 0.458129 -0.885629 0.0760202 368.722 
0.0795335 -0.0437864 -0.99587 -709.378 0.88464 0.463558 0.0502686 282.27 0.459442 -0.884984 0.0756035 368.949 
0.0919113 -0.0407051 -0.994935 -711.55 0.883211 0.464782 0.062575 282.359 0.459881 -0.884489 0.0786699 369.161 
0.108295 -0.044304 -0.993131 -713.633 0.881787 0.465584 0.0753838 282.478 0.459046 -0.883894 0.0894871 369.393 
0.133188 -0.047776 -0.989939 -715.642 0.880207 0.46478 0.0959933 282.616 0.455518 -0.884136 0.103956 369.642 
0.160263 -0.0519954 -0.985704 -717.566 0.87976 0.460347 0.118755 282.796 0.447591 -0.886215 0.11952 369.918 
0.20359 -0.0604257 -0.97719 -720.315 0.879028 0.45078 0.155264 283.146 0.431115 -0.890588 0.14489 370.371 
0.234363 -0.0830517 -0.968595 -722.005 0.878331 0.445123 0.174356 283.416 0.416664 -0.89161 0.177267 370.693 
0.315894 -0.100475 -0.943459 -725.119 0.857478 0.455875 0.238556 284.04 0.406131 -0.884354 0.230164 371.44 
0.4275 -0.0989216 -0.898587 -727.85 0.829486 0.438137 0.346393 285.028 0.359439 -0.893449 0.269358 372.341 
0.533342 -0.125791 -0.836494 -729.751 0.786516 0.437722 0.435652 285.933 0.311351 -0.890268 0.332392 373.06 
0.631267 -0.131036 -0.764416 -731.465 0.729968 0.433359 0.528533 287.086 0.262009 -0.891645 0.369217 373.904 
0.723622 -0.126494 -0.678506 -732.974 0.658254 0.422086 0.623334 288.399 0.20754 -0.897687 0.388696 374.812 
0.800966 -0.134079 -0.583504 -734.197 0.578822 0.422526 0.69745 289.951 0.153033 -0.896379 0.416037 375.763 
0.862498 -0.14756 -0.484069 -735.56 0.498308 0.414433 0.761534 292.192 0.088242 -0.898037 0.430978 377.065 
0.891826 -0.150233 -0.426705 -736.6 0.448857 0.411346 0.793298 293.764 0.0563435 -0.899013 0.434282 378.017 
0.912073 -0.155388 -0.379444 -737.426 0.409165 0.404931 0.817689 295.55 0.0265897 -0.901047 0.432906 379.062 
0.938197 -0.153995 -0.309954 -738.244 0.346084 0.408326 0.844687 297.366 -0.00351547 -0.899753 0.436386 380.022 
0.959779 -0.16185 -0.229409 -738.734 0.277025 0.413177 0.867492 299.421 -0.045617 -0.896153 0.441395 381.065 
0.978278 -0.167934 -0.12153 -738.945 0.180944 0.405719 0.895908 301.534 -0.101147 -0.898438 0.427292 382.116 
0.984274 -0.17153 -0.0422097 -738.892 0.109791 0.406837 0.906879 302.899 -0.138385 -0.897252 0.419272 382.762 
0.975026 -0.184247 0.124005 -738.654 -0.0398701 0.40407 0.913859 305.557 -0.218482 -0.89598 0.386633 383.988 
0.914674 -0.198684 0.35199 -737.345 -0.246574 0.41575 0.875416 309.867 -0.320271 -0.887511 0.331285 385.8 
0.846367 -0.210029 0.48944 -735.946 -0.375721 0.415876 0.828179 312.862 -0.377488 -0.884836 0.273071 386.952 
0.751116 -0.22141 0.621934 -733.829 -0.500247 0.423858 0.755048 315.6 -0.430787 -0.878249 0.207607 387.805 
0.662023 -0.2174 0.71726 -731.811 -0.595214 0.429069 0.679426 317.559 -0.455462 -0.876719 0.154654 388.31 
0.572006 -0.219895 0.790225 -729.455 -0.665076 0.439534 0.603725 319.426 -0.480087 -0.870894 0.105169 388.704 
0.520706 -0.217881 0.825465 -727.528 -0.697845 0.448368 0.55855 320.701 -0.49181 -0.866887 0.0814209 388.89 
0.482645 -0.213358 0.849431 -725.508 -0.724072 0.44843 0.524052 321.971 -0.492721 -0.86798 0.0619455 389.083 
0.454851 -0.216298 0.863901 -723.336 -0.739988 0.447943 0.501763 323.229 -0.495508 -0.867504 0.0436897 389.225 
0.445178 -0.211915 0.870005 -721.081 -0.74377 0.453514 0.49105 324.496 -0.498621 -0.865689 0.0442782 389.37 
0.43987 -0.216517 0.87157 -718.731 -0.744871 0.454185 0.488757 325.819 -0.501678 -0.864197 0.0385048 389.514 
0.435221 -0.218387 0.873436 -716.313 -0.745822 0.455965 0.485638 327.165 -0.504313 -0.862788 0.0355679 389.65 
0.429638 -0.214234 0.87722 -712.979 -0.751431 0.4539 0.478881 329.001 -0.500763 -0.864915 0.034031 389.826 
0.424132 -0.214475 0.879836 -710.393 -0.753604 0.45517 0.474237 330.431 -0.502187 -0.864188 0.031423 389.96 
0.420789 -0.214958 0.881323 -708.631 -0.755764 0.454284 0.471643 331.37 -0.501754 -0.864534 0.0287 390.046 
0.417956 -0.215087 0.882638 -706.897 -0.758936 0.451345 0.469366 332.29 -0.499329 -0.86604 0.0254049 390.139 
0.41505 -0.212728 0.884579 -705.12 -0.762405 0.449232 0.465758 333.246 -0.496461 -0.86772 0.0242688 390.221 
0.410179 -0.215197 0.886252 -702.43 -0.76476 0.448284 0.4628 334.697 -0.496886 -0.867601 0.0193029 390.368 
0.419609 -0.209589 0.883176 -698.819 -0.763435 0.444835 0.468283 336.596 -0.491015 -0.870743 0.0266493 390.599 
0.436597 -0.194308 0.878423 -696.114 -0.760413 0.442096 0.475735 338.016 -0.480786 -0.875669 0.0452634 390.683 
0.473307 -0.185874 0.861064 -691.706 -0.750874 0.425994 0.504696 340.542 -0.460618 -0.885426 0.0620576 391.083 
0.533972 -0.184317 0.825167 -687.486 -0.71201 0.428301 0.556417 343.243 -0.455977 -0.884639 0.0974648 391.61 
0.565809 -0.187984 0.802822 -685.009 -0.687262 0.430429 0.585151 345.055 -0.455557 -0.882832 0.114346 392.007 
0.587617 -0.189651 0.7866 -683.441 -0.670028 0.430951 0.604437 346.263 -0.453618 -0.882221 0.126162 392.301 
0.609049 -0.188404 0.770431 -681.898 -0.657489 0.423341 0.62329 347.529 -0.443585 -0.886164 0.133961 392.633 
0.629655 -0.19 0.753283 -680.388 -0.641159 0.420446 0.641982 348.749 -0.438691 -0.887201 0.142916 392.932 
0.651593 -0.187175 0.735114 -678.897 -0.623989 0.418802 0.659729 349.99 -0.431352 -0.888578 0.156093 393.241 
0.669759 -0.189258 0.718056 -677.466 -0.60766 0.41611 0.676463 351.358 -0.426816 -0.889401 0.163689 393.629 
0.686251 -0.191659 0.70166 -676.105 -0.592687 0.411855 0.692169 352.824 -0.421643 -0.890866 0.169042 394.127 
0.694861 -0.193311 0.692675 -675.403 -0.582887 0.412748 0.699915 353.507 -0.421202 -0.890095 0.174124 394.321 
0.71099 -0.190828 0.676814 -674.042 -0.565428 0.417076 0.711575 354.912 -0.418071 -0.888613 0.188638 394.715 
0.72667 -0.187551 0.66089 -672.752 -0.550356 0.416844 0.723428 356.381 -0.411168 -0.889419 0.199688 395.171 
0.742337 -0.183797 0.644324 -671.387 -0.534435 0.417583 0.73485 357.81 -0.404122 -0.889856 0.211759 395.559 
0.754516 -0.179952 0.631129 -670.145 -0.521409 0.419634 0.742994 359.285 -0.398546 -0.889677 0.222792 396.023 
0.765225 -0.181636 0.617608 -668.92 -0.507599 0.419822 0.752391 360.809 -0.395947 -0.889246 0.22906 396.561 
0.775586 -0.181304 0.604645 -667.747 -0.497759 0.413418 0.762445 362.31 -0.388205 -0.892309 0.230395 397.074 
0.79133 -0.179014 0.584594 -665.975 -0.478934 0.412831 0.774721 364.56 -0.380025 -0.893042 0.24095 397.811 
0.801033 -0.176208 0.572099 -664.856 -0.468798 0.409651 0.782569 366.074 -0.372256 -0.895062 0.245538 398.301 
0.80872 -0.176221 0.561176 -663.776 -0.46025 0.404486 0.790292 367.611 -0.366254 -0.897406 0.24601 398.848 
0.815113 -0.173481 0.552716 -662.808 -0.452704 0.404561 0.7946 369.194 -0.361455 -0.897906 0.251227 399.416 
0.823147 -0.16795 0.542422 -661.808 -0.442457 0.409008 0.798088 370.677 -0.355893 -0.896942 0.262364 399.937 
0.828054 -0.164563 0.535953 -660.983 -0.435626 0.412917 0.799831 372.226 -0.352927 -0.895778 0.27023 400.525 
0.837639 -0.166295 0.520296 -659.973 -0.417277 0.419856 0.805978 373.56 -0.35248 -0.892226 0.282296 401.025 
0.846963 -0.15724 0.507866 -659.037 -0.404033 0.430525 0.807097 374.872 -0.345557 -0.888777 0.301109 401.553 
0.852328 -0.140032 0.503912 -658.343 -0.401346 0.442661 0.801856 376.149 -0.335348 -0.885687 0.321091 402.113 
0.857619 -0.132754 0.496856 -657.564 -0.394003 0.451316 0.800672 377.31 -0.330531 -0.882434 0.334752 402.649 
0.859968 -0.125604 0.494651 -656.86 -0.390264 0.462714 0.795983 378.421 -0.32886 -0.877564 0.348901 403.178 
0.856161 -0.135142 0.498723 -655.828 -0.390338 0.463263 0.795628 380.076 -0.338563 -0.875856 0.343877 403.953 
0.828621 -0.142415 0.541392 -654.36 -0.426644 0.465478 0.775439 382.11 -0.36244 -0.873527 0.324944 404.895 
0.777653 -0.164349 0.606833 -653.106 -0.486484 0.454097 0.746411 383.504 -0.398233 -0.875663 0.273176 405.448 
0.664812 -0.17797 0.725501 -651.336 -0.603841 0.443729 0.662179 385.3 -0.439774 -0.878312 0.187531 406.112 
0.524433 -0.183217 0.831506 -649.261 -0.714282 0.436868 0.546761 386.728 -0.463434 -0.880669 0.0982394 406.466 
0.313754 -0.195042 0.929256 -646.492 -0.817785 0.441793 0.368845 388.04 -0.482479 -0.875659 -0.0208883 406.538 
0.190482 -0.200328 0.961033 -644.549 -0.852746 0.451236 0.263079 388.567 -0.486355 -0.869629 -0.0848771 406.41 
0.0859008 -0.198259 0.976378 -642.531 -0.870726 0.461345 0.170284 388.959 -0.484207 -0.864786 -0.133 406.181 
0.0103457 -0.192021 0.981336 -640.378 -0.873172 0.476525 0.102448 389.194 -0.487303 -0.857935 -0.162737 405.858 
-0.0387204 -0.189116 0.981191 -638.114 -0.874975 0.480668 0.0581158 389.322 -0.482618 -0.856267 -0.184083 405.454 
-0.0755009 -0.186318 0.979584 -635.718 -0.874247 0.484846 0.0248362 389.396 -0.479575 -0.854523 -0.199494 404.998 
-0.0818616 -0.186258 0.979085 -634.046 -0.870939 0.49096 0.0205792 389.416 -0.484525 -0.851038 -0.20241 404.674 
-0.0731921 -0.189496 0.97915 -632.309 -0.87186 0.48887 0.0294393 389.49 -0.484255 -0.851527 -0.200995 404.348 
-0.066803 -0.189451 0.979615 -630.49 -0.875019 0.482912 0.0337215 389.554 -0.479457 -0.854929 -0.198033 404.036 
-0.0661935 -0.190017 0.979547 -628.671 -0.876673 0.479894 0.0338505 389.699 -0.476511 -0.856502 -0.198349 403.754 
-0.065283 -0.188732 0.979856 -626.778 -0.877164 0.478999 0.0338196 389.876 -0.475733 -0.857287 -0.196819 403.453 
-0.0625139 -0.188512 0.980079 -624.852 -0.87853 0.47636 0.0355883 389.971 -0.473579 -0.858804 -0.195393 403.127 
-0.0551513 -0.18439 0.981304 -622.892 -0.87621 0.480184 0.0409835 389.918 -0.478764 -0.857568 -0.188047 402.714 
-0.0516449 -0.179398 0.98242 -620.868 -0.877626 0.477584 0.0410745 390.047 -0.476557 -0.860076 -0.182109 402.394 
-0.0476848 -0.175886 0.983255 -618.789 -0.87781 0.477096 0.0427726 390.191 -0.47663 -0.861071 -0.177145 402.064 
-0.038805 -0.180814 0.982751 -615.719 -0.877141 0.477279 0.0531786 390.341 -0.478663 -0.859948 -0.17712 401.559 
-0.0139888 -0.185077 0.982624 -612.706 -0.873326 0.48083 0.0781313 390.384 -0.486935 -0.857058 -0.168359 400.959 
0.0156249 -0.182741 0.983037 -609.565 -0.869177 0.483507 0.103696 390.493 -0.494255 -0.856053 -0.151279 400.419 
0.0527845 -0.180027 0.982244 -606.4 -0.86095 0.490145 0.1361 390.895 -0.505944 -0.852847 -0.129122 400.035 
0.103083 -0.17803 0.978611 -603.256 -0.853728 0.489025 0.178892 391.374 -0.510414 -0.853909 -0.101579 399.695 
0.605167 0.729186 0.319471 -535.927 0.42568 0.042721 -0.903865 263.12 -0.672733 0.682981 -0.284546 350.523 
0.611171 0.730139 0.30556 -535.306 0.401755 0.0464496 -0.914568 261.169 -0.681955 0.681718 -0.264948 349.925 
0.616244 0.732753 0.288645 -534.704 0.379314 0.0450448 -0.924171 259.177 -0.690191 0.679002 -0.250185 349.376 
0.619475 0.73669 0.27118 -534.169 0.357738 0.0425694 -0.932851 257.179 -0.698766 0.67489 -0.237171 348.895 
0.628177 0.735125 0.254924 -533.644 0.33549 0.0397061 -0.941207 255.128 -0.702026 0.676768 -0.221685 348.383 
0.639012 0.729966 0.242515 -532.872 0.311787 0.0424143 -0.949205 252.002 -0.703173 0.682167 -0.20049 347.649 
0.641479 0.729388 0.237692 -532.407 0.303061 0.0436916 -0.951969 249.814 -0.70474 0.682703 -0.193022 347.28 
0.638907 0.732032 0.236489 -531.943 0.302116 0.0439526 -0.952257 247.658 -0.707477 0.679851 -0.193077 346.865 
0.633062 0.738858 0.230913 -531.22 0.294333 0.046147 -0.954588 244.338 -0.715961 0.672279 -0.188257 346.269 
0.642044 0.732239 0.227169 -530.488 0.286473 0.0457122 -0.956997 241.015 -0.711135 0.679512 -0.180417 345.611 
0.649285 0.72847 0.218541 -529.971 0.280032 0.0381769 -0.959231 238.797 -0.707115 0.684013 -0.179207 345.135 
0.648357 0.727837 0.223351 -529.463 0.278982 0.0458324 -0.959202 236.539 -0.70838 0.684216 -0.173338 344.696 
0.657068 0.719037 0.226379 -528.693 0.280428 0.0456025 -0.958791 233.089 -0.69973 0.693474 -0.171675 344.053 
0.659045 0.717462 0.225629 -528.165 0.282484 0.0419029 -0.958356 230.782 -0.697039 0.695336 -0.175056 343.594 
0.655041 0.719681 0.230175 -527.672 0.286085 0.0457229 -0.957113 228.413 -0.699341 0.692797 -0.17594 343.164 
0.644608 0.726674 0.237539 -527.12 0.294382 0.0508221 -0.954336 226.053 -0.705563 0.6851 -0.181159 342.695 
0.638689 0.730054 0.243098 -526.588 0.304157 0.0506689 -0.951273 223.551 -0.706799 0.681508 -0.189689 342.195 
0.63127 0.7341 0.250191 -525.967 0.318802 0.0484618 -0.946582 221.173 -0.70701 0.67731 -0.20344 341.635 
0.630983 0.729246 0.264691 -525.391 0.333843 0.0527457 -0.941152 218.751 -0.700292 0.682216 -0.210172 341.127 
0.634609 0.722517 0.2743 -524.727 0.350734 0.047019 -0.935294 216.344 -0.688663 0.689752 -0.223573 340.54 
0.634851 0.720363 0.279358 -524.055 0.365283 0.0387682 -0.930089 213.938 -0.680832 0.692513 -0.238525 339.926 
0.631827 0.716821 0.294893 -523.317 0.379498 0.0456511 -0.924066 211.562 -0.675852 0.695761 -0.243188 339.238 
0.637058 0.70762 0.305664 -522.565 0.390058 0.0460838 -0.919636 209.166 -0.664839 0.705089 -0.246655 338.58 
0.63906 0.70674 0.303513 -521.81 0.395273 0.0367451 -0.917828 206.782 -0.659819 0.706518 -0.255873 337.905 
0.633696 0.710234 0.30659 -521.08 0.398967 0.0394917 -0.916115 204.359 -0.662764 0.702857 -0.258334 337.258 
0.628756 0.713286 0.30966 -520.326 0.40182 0.0429042 -0.914713 201.921 -0.665738 0.699558 -0.259637 336.568 
0.628801 0.711617 0.313385 -519.556 0.402698 0.0467397 -0.914139 199.473 -0.665165 0.701011 -0.257177 335.873 
0.628495 0.712304 0.312437 -518.764 0.402343 0.0460482 -0.91433 197.027 -0.665669 0.700359 -0.257649 335.168 
0.624006 0.715814 0.313411 -517.962 0.402774 0.049062 -0.913984 194.552 -0.669619 0.696566 -0.257696 334.449 
0.621225 0.716161 0.318108 -517.126 0.405881 0.0531871 -0.912377 192.098 -0.670328 0.695906 -0.257635 333.701 
0.619695 0.717021 0.319153 -515.876 0.408846 0.0521921 -0.91111 188.475 -0.669942 0.695095 -0.260808 332.523 
0.617436 0.718159 0.320968 -515.046 0.409274 0.0551658 -0.910742 185.993 -0.671764 0.693689 -0.259863 331.787 
0.617696 0.718603 0.319469 -514.155 0.406303 0.056202 -0.912008 183.553 -0.673327 0.693146 -0.257255 330.961 
0.618177 0.720039 0.315279 -512.86 0.402924 0.0541236 -0.913632 179.759 -0.674915 0.691819 -0.256663 329.852 
0.617122 0.720697 0.315844 -512.019 0.402729 0.0555472 -0.913632 177.192 -0.675996 0.691022 -0.255966 329.118 
0.616853 0.72201 0.313358 -510.746 0.402108 0.053161 -0.914048 173.302 -0.67661 0.689837 -0.257533 327.993 
0.615443 0.722921 0.314031 -509.908 0.402497 0.054295 -0.91381 170.658 -0.677662 0.688794 -0.257558 327.282 
0.617284 0.720573 0.315808 -509.064 0.404211 0.053907 -0.913076 168.018 -0.674962 0.69128 -0.257987 326.54 
0.618175 0.720109 0.315123 -508.195 0.406105 0.0506599 -0.912421 165.367 -0.673007 0.692009 -0.261123 325.782 
0.619974 0.718629 0.314968 -507.337 0.408472 0.0471291 -0.911553 162.717 -0.669913 0.693795 -0.264321 325.024 
0.615422 0.720968 0.318529 -506.475 0.412453 0.0498037 -0.909617 160.051 -0.671668 0.691176 -0.266715 324.245 
0.611225 0.721748 0.324783 -505.56 0.417341 0.0547578 -0.907099 157.374 -0.672481 0.689987 -0.267745 323.431 
0.60973 0.722934 0.324955 -504.641 0.421067 0.0519052 -0.905543 154.694 -0.671515 0.688965 -0.272755 322.602 
0.60769 0.724625 0.325011 -503.723 0.423461 0.0505642 -0.904502 152.024 -0.671859 0.687286 -0.276123 321.776 
0.608443 0.721916 0.329597 -502.796 0.425586 0.0537276 -0.903321 149.34 -0.669831 0.689892 -0.274547 320.924 
0.611077 0.718663 0.331826 -501.404 0.427636 0.0530411 -0.902393 145.343 -0.666117 0.693333 -0.274914 319.658 
0.612194 0.716276 0.334913 -500.479 0.429178 0.0547331 -0.90156 142.658 -0.664097 0.695667 -0.273903 318.822 
0.614164 0.715714 0.332499 -499.529 0.428312 0.0515745 -0.902158 139.996 -0.662836 0.696486 -0.274874 317.991 
0.609728 0.720016 0.331374 -498.586 0.426478 0.0543736 -0.902862 137.362 -0.668093 0.691824 -0.273918 317.153 
0.60691 0.72253 0.331075 -497.666 0.424351 0.0576268 -0.903662 134.696 -0.672002 0.688934 -0.271632 316.329 
0.606395 0.723528 0.329836 -496.765 0.420948 0.0598137 -0.90511 132.021 -0.674601 0.687699 -0.268297 315.502 
0.603449 0.729519 0.32195 -495.884 0.416908 0.0555247 -0.907251 129.348 -0.679733 0.681703 -0.270636 314.71 
0.600108 0.732565 0.321278 -494.993 0.412035 0.0611715 -0.909112 126.687 -0.685637 0.677943 -0.265133 313.877 
0.599929 0.733175 0.320219 -494.086 0.406717 0.065184 -0.911226 124.015 -0.688961 0.676909 -0.259089 313.064 
0.609296 0.727568 0.315283 -492.768 0.397922 0.0633662 -0.915228 119.977 -0.685869 0.683103 -0.250907 311.915 
0.614921 0.725886 0.308158 -491.888 0.388628 0.0610782 -0.919368 117.312 -0.686178 0.685098 -0.244541 311.135 
0.620463 0.725706 0.297281 -491.057 0.37541 0.0579708 -0.925044 114.624 -0.688544 0.685558 -0.236469 310.388 
0.623241 0.727123 0.28786 -490.253 0.360947 0.0590805 -0.930713 111.925 -0.69375 0.683961 -0.225631 309.668 
0.62296 0.730156 0.280703 -489.48 0.347408 0.0632717 -0.935577 109.197 -0.700877 0.680345 -0.214246 308.995 
0.627051 0.72994 0.272019 -488.724 0.334449 0.0631051 -0.940299 106.459 -0.703528 0.680592 -0.204558 308.354 
0.630052 0.730724 0.262825 -487.983 0.324289 0.0599446 -0.944057 103.721 -0.7056 0.680036 -0.199197 307.743 
0.633992 0.728263 0.260168 -487.269 0.316331 0.0627734 -0.94657 100.975 -0.705684 0.682416 -0.190575 307.136 
0.637173 0.726893 0.256198 -486.561 0.310644 0.0620044 -0.948502 98.2598 -0.705345 0.683946 -0.186297 306.523 
0.6362 0.729725 0.250502 -485.864 0.305551 0.0598287 -0.950294 95.5302 -0.70844 0.681118 -0.184905 305.947 
0.640888 0.72605 0.249225 -485.569 0.302697 0.0593317 -0.951238 94.1522 -0.705434 0.685077 -0.181748 305.723 
0.638201 0.728974 0.24758 -484.877 0.298062 0.0625477 -0.952495 91.4015 -0.70983 0.681677 -0.177361 305.146 
0.638233 0.730201 0.243854 -484.223 0.293495 0.0620445 -0.953945 88.6427 -0.711701 0.680409 -0.174711 304.621 
0.643227 0.727097 0.239977 -483.556 0.287294 0.06133 -0.955877 85.9 -0.709733 0.68379 -0.169441 304.069 
0.642604 0.729076 0.2356 -482.942 0.284069 0.0588749 -0.956995 83.1116 -0.711593 0.681896 -0.169275 303.577 
0.636663 0.733678 0.23744 -482.32 0.280906 0.0660996 -0.957456 80.3194 -0.718159 0.676275 -0.164011 303.086 
0.632498 0.736955 0.238418 -481.699 0.279583 0.0698397 -0.957578 77.5279 -0.722344 0.672324 -0.161867 302.601 
0.635345 0.734744 0.237672 -481.056 0.277595 0.0698982 -0.958152 74.7402 -0.720609 0.674734 -0.159552 302.079 
0.638741 0.733328 0.232895 -480.403 0.274441 0.0656367 -0.959361 71.9778 -0.718813 0.6767 -0.15933 301.548 
0.638252 0.734681 0.229953 -479.773 0.27209 0.0641411 -0.960132 69.1975 -0.72014 0.675374 -0.158961 301.044 
0.637465 0.735702 0.228871 -479.153 0.269372 0.0654958 -0.960806 66.3965 -0.721857 0.674131 -0.156426 300.557 
0.639214 0.734871 0.226651 -478.54 0.265887 0.0653604 -0.961786 63.6085 -0.721602 0.67505 -0.153613 300.084 
0.644277 0.731567 0.222975 -477.927 0.262148 0.0626433 -0.962992 60.8249 -0.718461 0.678886 -0.151419 299.597 
0.647672 0.729805 0.218874 -477.301 0.259678 0.058632 -0.963914 58.0621 -0.716302 0.681136 -0.15154 299.119 
0.645978 0.730489 0.221581 -476.74 0.26419 0.0583927 -0.962701 55.2363 -0.716182 0.680423 -0.155268 298.696 
0.640406 0.733132 0.228903 -476.148 0.272599 0.0616632 -0.96015 52.4434 -0.718032 0.677285 -0.160362 298.213 
0.635617 0.733787 0.239891 -475.551 0.285492 0.0652903 -0.956154 49.6644 -0.717276 0.676235 -0.167991 297.784 
0.626314 0.735842 0.257425 -474.552 0.31015 0.0677558 -0.94827 45.5622 -0.715219 0.673755 -0.185785 296.961 
0.614104 0.739526 0.27564 -473.54 0.340265 0.0670356 -0.937937 41.4718 -0.712107 0.669782 -0.210468 296.126 
0.609032 0.73855 0.28918 -472.811 0.36068 0.0668291 -0.930293 38.8362 -0.706393 0.670879 -0.225679 295.496 
0.605806 0.736177 0.301732 -471.999 0.381185 0.0643203 -0.922259 36.2039 -0.698353 0.673726 -0.241654 294.813 
0.60286 0.733053 0.314949 -471.153 0.4032 0.0607127 -0.913095 33.5747 -0.688469 0.677456 -0.258966 294.055 
0.600393 0.72759 0.331875 -470.288 0.426752 0.0594687 -0.902411 30.9628 -0.676322 0.683429 -0.274796 293.274 
0.594977 0.724517 0.347963 -469.384 0.450124 0.0583045 -0.891061 28.3721 -0.665876 0.686787 -0.291433 292.459 
0.590818 0.72401 0.356012 -468.43 0.468487 0.0513852 -0.881975 25.8327 -0.656852 0.687873 -0.308829 291.577 
0.588424 0.722647 0.362683 -467.439 0.481809 0.046839 -0.875023 23.3496 -0.649321 0.689628 -0.320617 290.622 
0.589601 0.71763 0.370645 -466.42 0.492527 0.0442555 -0.869171 20.897 -0.640147 0.695017 -0.327359 289.639 
0.585488 0.717974 0.376453 -465.397 0.503576 0.0418089 -0.862939 18.4512 -0.635307 0.694813 -0.337076 288.657 
0.581227 0.718804 0.381441 -464.347 0.511468 0.0418815 -0.858281 16.0086 -0.632911 0.69395 -0.343302 287.632 
0.576287 0.718034 0.390283 -463.28 0.519352 0.0469627 -0.853269 13.5512 -0.631005 0.694422 -0.345848 286.618 
0.57185 0.720354 0.392527 -462.205 0.525866 0.0453645 -0.849357 11.1105 -0.629645 0.692121 -0.352868 285.592 
0.567145 0.718912 0.401885 -461.117 0.534093 0.0504256 -0.843921 8.6851 -0.62697 0.693269 -0.355367 284.547 
0.562153 0.719129 0.408458 -460.011 0.546965 0.0471702 -0.835825 6.27979 -0.620333 0.693274 -0.366821 283.499 
0.560212 0.71732 0.414264 -458.842 0.559827 0.0407442 -0.827607 3.93329 -0.610538 0.695552 -0.378749 282.37 
0.556678 0.717072 0.419424 -457.694 0.566748 0.0413186 -0.822854 1.54171 -0.607376 0.695773 -0.383398 281.252 
0.552412 0.717455 0.424381 -456.518 0.570643 0.0456233 -0.81993 -0.829951 -0.607624 0.695109 -0.384208 280.114 
0.552668 0.716821 0.425118 -455.339 0.569553 0.0475281 -0.820579 -3.21477 -0.608414 0.695635 -0.382 278.978 
0.551868 0.718615 0.423124 -454.154 0.565957 0.0499072 -0.822923 -5.60594 -0.612482 0.693615 -0.379163 277.841 
0.551544 0.724059 0.414171 -452.976 0.563027 0.0432064 -0.825308 -8.02901 -0.615466 0.688384 -0.383835 276.695 
0.557455 0.719963 0.413398 -451.196 0.560802 0.0406118 -0.826953 -11.6477 -0.612164 0.692823 -0.381117 274.953 
0.55843 0.718593 0.414463 -450.016 0.560515 0.041464 -0.827105 -14.0687 -0.611538 0.694193 -0.379628 273.791 
0.556244 0.721776 0.411864 -448.82 0.560453 0.0401116 -0.827214 -16.4443 -0.613584 0.690964 -0.38221 272.618 
0.555144 0.721484 0.413855 -447.666 0.561516 0.0419795 -0.8264 -18.889 -0.613608 0.691157 -0.38182 271.473 
0.553451 0.720548 0.417735 -446.495 0.563235 0.0456905 -0.825033 -21.3152 -0.613562 0.691898 -0.38055 270.283 
0.550168 0.722392 0.418885 -445.328 0.567737 0.0442699 -0.822019 -23.749 -0.612364 0.690065 -0.385773 269.123 
0.548328 0.721402 0.422985 -444.124 0.572292 0.0451071 -0.818809 -26.1745 -0.60977 0.691046 -0.388119 267.953 
0.544417 0.722444 0.426245 -442.923 0.576499 0.0468606 -0.815753 -28.6059 -0.609309 0.68984 -0.390977 266.783 
0.541084 0.721654 0.431791 -441.72 0.5805 0.050994 -0.812662 -31.0499 -0.608479 0.690373 -0.391328 265.622 
0.543288 0.720937 0.430219 -440.478 0.583118 0.0446302 -0.811161 -33.4902 -0.603996 0.691562 -0.396144 264.462 
0.542117 0.71949 0.4341 -438.674 0.585969 0.0465891 -0.808993 -37.1946 -0.602287 0.692938 -0.396342 262.688 
0.534516 0.724372 0.435405 -437.453 0.586895 0.0525743 -0.807955 -39.6275 -0.608151 0.687401 -0.397028 261.503 
0.534088 0.722759 0.438599 -436.189 0.588178 0.0549957 -0.806859 -42.0869 -0.607286 0.688909 -0.395738 260.269 
0.536353 0.728003 0.427009 -434.93 0.586151 0.0427167 -0.809075 -44.4829 -0.60725 0.684242 -0.403809 259.041 
0.532693 0.728581 0.430591 -433.713 0.585865 0.0497006 -0.808883 -46.9312 -0.610737 0.683155 -0.400375 257.827 
0.534965 0.726304 0.431619 -432.493 0.585769 0.049297 -0.808978 -49.3732 -0.608841 0.685604 -0.399074 256.61 
0.538319 0.723628 0.431943 -431.265 0.586117 0.0468048 -0.808873 -51.8066 -0.605541 0.688601 -0.398935 255.373 
0.540286 0.722485 0.4314 -430.013 0.586394 0.0444274 -0.808807 -54.2623 -0.603517 0.689957 -0.399658 254.137 
0.537118 0.724425 0.432103 -428.142 0.585105 0.0490126 -0.809475 -57.9168 -0.607582 0.687609 -0.39754 252.285 
0.532108 0.727705 0.432789 -426.323 0.583611 0.0550851 -0.810163 -61.5317 -0.6134 0.683674 -0.395385 250.497 
0.533121 0.729148 0.429098 -424.556 0.581743 0.0523266 -0.811688 -65.2306 -0.614294 0.682353 -0.39628 248.729 
0.530205 0.732203 0.427506 -422.665 0.580152 0.0543972 -0.812689 -69.0487 -0.618308 0.678911 -0.395947 246.837 
0.528436 0.73266 0.428912 -420.907 0.579109 0.0583515 -0.813159 -72.5283 -0.620797 0.678089 -0.393454 245.124 
0.525442 0.73589 0.427056 -419.729 0.578648 0.0588972 -0.813448 -74.9544 -0.623761 0.674535 -0.394874 243.914 
0.521791 0.738304 0.427366 -418.53 0.577329 0.063196 -0.814063 -77.4038 -0.628033 0.671501 -0.393269 242.753 
0.525327 0.736351 0.426402 -417.311 0.57599 0.0611204 -0.815168 -79.8139 -0.626312 0.673834 -0.392023 241.566 
0.524986 0.736741 0.426148 -416.099 0.575434 0.0616736 -0.815519 -82.2381 -0.627109 0.673356 -0.391568 240.356 
0.525759 0.737845 0.423277 -414.27 0.574308 0.0591691 -0.816498 -85.9033 -0.627494 0.672372 -0.392641 238.567 
0.528059 0.736213 0.423253 -413.088 0.573991 0.057887 -0.816813 -88.3704 -0.625849 0.674269 -0.392012 237.357 
0.529024 0.735727 0.422893 -411.877 0.572275 0.0586664 -0.817961 -90.8018 -0.626606 0.674732 -0.390002 236.162 
0.525141 0.739807 0.42061 -410.703 0.57101 0.060161 -0.818736 -93.2688 -0.631011 0.670124 -0.390844 234.963 
0.521666 0.743256 0.41885 -409.496 0.570163 0.0614848 -0.819228 -95.7059 -0.634649 0.666176 -0.391703 233.746 
0.520972 0.744337 0.417793 -408.284 0.568817 0.0621999 -0.820109 -98.1472 -0.636424 0.664902 -0.390987 232.509 
0.522966 0.746566 0.411273 -406.493 0.566986 0.0555753 -0.82185 -101.808 -0.636422 0.662986 -0.394229 230.724 
0.525357 0.746126 0.409019 -405.324 0.565554 0.0529515 -0.823009 -104.211 -0.635727 0.663696 -0.394157 229.501 
0.520201 0.752413 0.404061 -404.22 0.565716 0.0508609 -0.82303 -106.658 -0.63981 0.656725 -0.399194 228.311 
0.540227 0.777079 0.32296 -399.782 0.584775 -0.0706805 -0.80811 -117.281 -0.605138 0.625422 -0.4926 226.208 
0.550803 0.770169 0.321645 -398.371 0.577292 -0.0732267 -0.813248 -120.754 -0.602785 0.633623 -0.484946 223.929 
0.56064 0.76784 0.310007 -397.57 0.572529 -0.0889689 -0.815043 -123.115 -0.598241 0.634434 -0.48949 222.536 
0.573862 0.75851 0.308781 -396.754 0.566536 -0.0954226 -0.818493 -125.434 -0.59137 0.644638 -0.484483 221.15 
0.577241 0.75645 0.307533 -395.958 0.55984 -0.0924476 -0.823428 -127.686 -0.594451 0.647485 -0.476855 219.805 
0.573946 0.760429 0.303865 -395.204 0.555515 -0.0889219 -0.826738 -129.913 -0.601655 0.643305 -0.473466 218.523 
0.579062 0.761125 0.292192 -394.457 0.549162 -0.0992441 -0.829802 -132.044 -0.602585 0.640968 -0.475449 217.258 
0.581372 0.760672 0.288764 -394.067 0.546056 -0.101671 -0.831556 -133.08 -0.603182 0.641125 -0.474479 216.624 
0.57415 0.767717 0.284538 -393.332 0.541123 -0.0950051 -0.83556 -135.066 -0.614441 0.633707 -0.469977 215.311 
0.563138 0.776467 0.282796 -392.681 0.539593 -0.086323 -0.837489 -137.064 -0.625871 0.624217 -0.467588 214.129 
0.547085 0.78902 0.279544 -391.821 0.537925 -0.0755182 -0.839603 -139.976 -0.641353 0.609708 -0.465749 212.507 
0.49662 0.815138 0.298192 -390.57 0.566954 -0.0445137 -0.822546 -144.337 -0.657215 0.577554 -0.484252 210.187 
0.402479 0.836706 0.371394 -388.936 0.696698 -0.0167969 -0.717168 -148.914 -0.593821 0.547394 -0.589692 207.261 
0.290375 0.821475 0.490777 -387.153 0.87599 -0.0217779 -0.481838 -151.636 -0.38513 0.569829 -0.725927 204.255 
0.0792952 0.79025 0.607633 -384.953 0.99436 -0.0196341 -0.104228 -152.549 -0.0704356 0.61247 -0.787349 201.211 
-0.167147 0.787063 0.593796 -382.829 0.95646 -0.0167126 0.291385 -151.955 0.239262 0.616646 -0.750001 198.413 
-0.315232 0.772388 0.551402 -381.757 0.854105 -0.0223695 0.51962 -151.307 0.413683 0.634756 -0.652649 196.926 
-0.396353 0.769609 0.500606 -380.966 0.763306 -0.0267601 0.645483 -150.198 0.510166 0.637955 -0.57684 195.983 
-0.462534 0.772274 0.435495 -380.211 0.657437 -0.0308033 0.752879 -148.881 0.594844 0.634543 -0.493474 195.126 
-0.526594 0.775186 0.348977 -379.369 0.508482 -0.0417676 0.860059 -146.802 0.681282 0.630351 -0.372173 194.148 
-0.556819 0.778865 0.288655 -378.821 0.413771 -0.0412407 0.909447 -145.028 0.720241 0.625834 -0.299308 193.565 
-0.572205 0.784183 0.240081 -378.33 0.343326 -0.0368058 0.938495 -143.108 0.744788 0.619438 -0.248169 193.05 
-0.575945 0.788654 0.215201 -377.905 0.299533 -0.0413521 0.95319 -141.045 0.760636 0.613445 -0.212411 192.619 
-0.571316 0.793473 0.209757 -377.47 0.280357 -0.0515233 0.958512 -138.889 0.771361 0.60642 -0.19302 192.175 
-0.569246 0.794687 0.210787 -377.039 0.282638 -0.0516033 0.957837 -136.663 0.772058 0.604822 -0.195234 191.815 
-0.566712 0.796623 0.210309 -376.717 0.279014 -0.0546174 0.958733 -135.129 0.775235 0.602004 -0.191316 191.504 
-0.567083 0.79621 0.210872 -376.373 0.277546 -0.0563257 0.95906 -133.561 0.77549 0.602393 -0.189044 191.182 
-0.567488 0.796262 0.209583 -376.048 0.273193 -0.0580327 0.960207 -131.982 0.776739 0.602162 -0.1846 190.863 
-0.5682 0.795704 0.20977 -375.69 0.266299 -0.063398 0.961803 -130.36 0.77861 0.602358 -0.175873 190.51 
-0.56218 0.800023 0.209565 -375.186 0.263515 -0.0669088 0.962332 -127.855 0.783909 0.596227 -0.173203 190.101 
-0.55475 0.803719 0.215149 -374.712 0.259532 -0.0785272 0.962537 -125.484 0.790504 0.589805 -0.165028 189.663 
-0.549203 0.806039 0.220631 -374.397 0.262675 -0.0841281 0.96121 -123.913 0.793333 0.585853 -0.165523 189.386 
-0.547548 0.807372 0.219866 -373.933 0.270749 -0.0776782 0.959511 -121.643 0.791761 0.584907 -0.176063 188.996 
-0.548855 0.802922 0.232539 -373.469 0.280302 -0.0852996 0.956114 -119.405 0.78752 0.58995 -0.178244 188.561 
-0.55484 0.797187 0.238003 -372.929 0.288037 -0.0843174 0.9539 -117.328 0.780505 0.597815 -0.182837 188.078 
-0.559589 0.790315 0.249524 -372.32 0.292878 -0.0930741 0.951609 -115.353 0.775295 0.60559 -0.179383 187.499 
-0.556091 0.791034 0.255006 -372.006 0.304148 -0.0918535 0.948186 -114.033 0.77347 0.604838 -0.189512 187.209 
-0.543503 0.796965 0.263535 -371.675 0.330699 -0.0852668 0.939876 -112.757 0.77152 0.597976 -0.217213 186.961 
-0.394709 0.831718 0.390447 -369.609 0.467255 -0.184195 0.864722 -106.673 0.791124 0.523753 -0.315921 184.848 
-0.347673 0.851017 0.393564 -368.677 0.510848 -0.180048 0.840605 -104.857 0.78623 0.493308 -0.372142 184.433 
