-0.000000 0.000000 -0.000000 0.000000
0.008324 9.238960 -0.065242 9.241310
0.004135 21.341300 -0.117562 21.343900
0.005282 29.570100 -0.175912 29.576500
0.015115 37.905900 -0.196558 37.920400
0.034080 47.757000 -0.237902 47.775700
0.013229 57.745500 -0.241404 57.766400
-0.005954 66.289400 -0.273690 66.306200
-0.046776 74.742500 -0.345998 74.743800
-0.048388 83.097200 -0.396711 83.098500
-0.111047 91.375200 -0.405642 91.382000
-0.248572 100.860000 -0.484494 100.845000
-0.394315 111.577000 -0.485199 111.541000
-0.430614 119.561000 -0.610509 119.519000
-0.470849 127.692000 -0.679179 127.636000
-0.464495 137.161000 -0.703812 137.102000
-0.478901 145.258000 -0.712082 145.203000
-0.513990 153.337000 -0.746846 153.278000
-0.484876 161.429000 -0.765181 161.367000
-0.438972 170.920000 -0.864632 170.835000
-0.321404 179.161000 -0.942496 179.068000
-0.308728 187.499000 -1.048520 187.386000
-0.294530 195.959000 -1.134230 195.848000
-0.348136 205.970000 -1.270670 205.863000
-0.357484 216.186000 -1.338780 216.088000
-0.378771 226.569000 -1.514720 226.464000
-0.382906 240.060000 -1.669660 239.928000
-0.365894 250.696000 -1.782290 250.555000
-0.340799 259.900000 -1.898510 259.747000
-0.316602 270.677000 -2.058010 270.518000
-0.301129 279.945000 -2.220680 279.774000
-0.204525 290.810000 -2.297310 290.644000
-0.149830 300.237000 -2.321120 300.054000
-0.093249 311.433000 -2.349350 311.252000
-0.096484 326.068000 -2.366490 325.866000
-0.049497 337.410000 -2.375750 337.222000
-0.037072 348.655000 -2.449490 348.466000
-0.109101 359.813000 -2.523740 359.632000
-0.185891 369.387000 -2.545510 369.200000
-0.270401 378.993000 -2.584300 378.818000
-0.316454 388.686000 -2.707250 388.518000
