0 0.000023 0.003149 100.000000 29.411764
0 0.000047 0.004474 200.000000 29.411764
0 0.000028 0.007321 300.000000 30.927835
1 0.000055 0.002363 100.000000 29.411764
1 0.000042 0.004409 200.000000 28.985508
1 0.000029 0.007207 300.000000 30.927835
2 0.000085 0.002116 100.000000 29.411764
2 0.000040 0.004393 200.000000 28.985508
2 0.000032 0.007201 300.000000 30.927835
3 0.000110 0.002329 100.000000 29.411764
3 0.000046 0.005821 200.000000 29.411764
3 0.000029 0.008721 300.000000 30.927835
4 0.000106 0.002262 100.000000 29.411764
4 0.000044 0.005230 200.000000 29.411764
4 0.000028 0.008116 300.000000 30.927835
5 0.000127 0.002622 100.000000 28.571428
5 0.000050 0.005402 200.000000 28.985508
5 0.000029 0.007940 300.000000 30.927835
6 0.000132 0.001888 100.000000 28.571428
6 0.000051 0.005068 200.000000 28.985508
6 0.000028 0.007352 300.000000 30.927835
7 0.000143 0.002362 100.000000 28.571428
7 0.000052 0.005549 200.000000 28.985508
7 0.000030 0.007661 300.000000 31.250000
8 0.000129 0.002154 100.000000 28.571428
8 0.000055 0.006429 200.000000 28.985508
8 0.000028 0.008192 300.000000 31.250000
9 0.000150 0.002430 100.000000 28.571428
9 0.000061 0.006791 200.000000 29.411764
9 0.000031 0.008696 300.000000 31.250000
10 0.000139 0.002488 100.000000 28.571428
10 0.000068 0.007124 200.000000 29.411764
10 0.000030 0.008826 300.000000 31.578947
11 0.000119 0.002907 100.000000 28.571428
11 0.000068 0.007145 200.000000 29.850746
11 0.000029 0.008946 300.000000 31.578947
12 0.000125 0.003177 100.000000 28.571428
12 0.000072 0.008228 200.000000 29.850746
12 0.000031 0.009882 300.000000 31.578947
13 0.000126 0.003108 100.000000 28.571428
13 0.000073 0.008659 200.000000 29.850746
13 0.000030 0.010268 300.000000 31.578947
14 0.000129 0.003337 100.000000 28.571428
14 0.000075 0.008906 200.000000 30.303030
14 0.000030 0.010558 300.000000 31.914894
15 0.000151 0.003801 100.000000 28.571428
15 0.000085 0.009860 200.000000 29.850746
15 0.000032 0.011211 300.000000 31.914894
16 0.000171 0.004269 100.000000 28.571428
16 0.000091 0.009974 200.000000 30.303030
16 0.000034 0.011332 300.000000 31.914894
17 0.000189 0.004657 100.000000 27.777779
17 0.000093 0.010630 200.000000 30.303030
17 0.000037 0.011847 300.000000 31.914894
18 0.000193 0.004709 100.000000 27.777779
18 0.000098 0.011097 200.000000 29.850746
18 0.000033 0.011741 300.000000 31.914894
19 0.000173 0.004936 100.000000 27.777779
19 0.000096 0.011385 200.000000 29.850746
19 0.000032 0.011631 300.000000 31.914894
20 0.000168 0.005933 100.000000 27.777779
20 0.000097 0.011446 200.000000 30.303030
20 0.000039 0.011638 300.000000 31.914894
21 0.000156 0.005569 100.000000 27.777779
21 0.000093 0.010987 200.000000 30.303030
21 0.000039 0.010814 300.000000 31.914894
22 0.000166 0.006213 100.000000 27.777779
22 0.000092 0.011331 200.000000 30.303030
22 0.000039 0.010869 300.000000 32.258064
23 0.000139 0.006328 100.000000 27.777779
23 0.000084 0.010690 200.000000 30.303030
23 0.000034 0.010004 300.000000 32.258064
24 0.000112 0.006071 100.000000 27.777779
24 0.000066 0.010478 200.000000 30.303030
24 0.000032 0.009327 300.000000 32.258064
25 0.000107 0.005738 100.000000 27.777779
25 0.000057 0.010363 200.000000 30.303030
25 0.000033 0.008910 300.000000 32.258064
26 0.000101 0.005881 100.000000 27.777779
26 0.000053 0.010324 200.000000 30.303030
26 0.000031 0.008903 300.000000 32.258064
27 0.000112 0.005675 100.000000 27.777779
27 0.000044 0.010375 200.000000 30.303030
27 0.000031 0.008602 300.000000 32.258064
28 0.000136 0.006783 100.000000 27.777779
28 0.000051 0.010810 200.000000 30.769230
28 0.000033 0.009036 300.000000 32.258064
29 0.000137 0.007497 100.000000 27.777779
29 0.000052 0.011444 200.000000 30.769230
29 0.000034 0.009354 300.000000 32.608696
30 0.000142 0.008288 100.000000 27.777779
30 0.000052 0.011945 200.000000 30.769230
30 0.000035 0.009740 300.000000 32.608696
31 0.000126 0.007759 100.000000 27.777779
31 0.000040 0.011053 200.000000 30.769230
32 0.000102 0.007970 100.000000 27.777779
32 0.000037 0.010644 200.000000 31.250000
33 0.000089 0.007693 100.000000 27.777779
33 0.000034 0.010615 200.000000 30.769230
34 0.000035 0.004151 100.000000 27.777779
34 0.000039 0.006003 200.000000 31.250000
35 0.000059 0.002728 100.000000 27.777779
35 0.000057 0.003532 200.000000 30.769230
36 0.000060 0.002943 100.000000 27.777779
36 0.000059 0.003836 200.000000 30.769230
37 0.000057 0.002971 100.000000 27.777779
37 0.000058 0.004130 200.000000 31.250000
38 0.000074 0.002990 100.000000 27.777779
38 0.000065 0.003293 200.000000 31.250000
39 0.000076 0.003513 100.000000 28.571428
39 0.000066 0.003533 200.000000 31.746031
40 0.000076 0.003296 100.000000 28.571428
40 0.000066 0.003230 200.000000 31.746031
41 0.000083 0.002928 100.000000 28.571428
41 0.000068 0.002954 200.000000 32.258064
42 0.000071 0.003662 100.000000 28.571428
42 0.000055 0.003773 200.000000 32.258064
43 0.000066 0.003689 100.000000 28.571428
43 0.000060 0.003835 200.000000 32.258064
44 0.000060 0.004237 100.000000 29.411764
44 0.000060 0.004409 200.000000 32.258064
45 0.000055 0.004791 100.000000 29.411764
45 0.000054 0.004869 200.000000 32.786884
46 0.000052 0.004990 100.000000 30.303030
46 0.000053 0.004898 200.000000 32.786884
47 0.000052 0.005348 100.000000 30.303030
47 0.000058 0.005067 200.000000 32.786884
48 0.000049 0.006243 100.000000 30.303030
48 0.000055 0.005681 200.000000 33.333332
49 0.000066 0.006641 100.000000 30.303030
49 0.000065 0.005901 200.000000 33.333332
50 0.000051 0.006169 100.000000 31.250000
50 0.000061 0.005382 200.000000 33.333332
51 0.000059 0.006797 100.000000 31.250000
51 0.000065 0.005545 200.000000 33.333332
52 0.000047 0.006053 100.000000 31.250000
52 0.000081 0.004017 200.000000 33.333332
53 0.000058 0.005478 100.000000 31.250000
53 0.000086 0.003318 200.000000 33.898304
54 0.000049 0.006500 100.000000 31.250000
54 0.000075 0.003831 200.000000 33.898304
55 0.000050 0.006885 100.000000 31.250000
55 0.000058 0.003911 200.000000 33.898304
56 0.000041 0.006784 100.000000 31.250000
56 0.000048 0.003620 200.000000 33.898304
57 0.000040 0.006470 100.000000 31.250000
57 0.000048 0.003112 200.000000 33.898304
58 0.000047 0.006399 100.000000 32.258064
58 0.000042 0.003173 200.000000 33.898304
59 0.000035 0.006899 100.000000 32.258064
59 0.000038 0.003222 200.000000 33.898304
60 0.000028 0.006561 100.000000 32.258064
60 0.000041 0.002799 200.000000 33.898304
61 0.000032 0.006653 100.000000 32.258064
61 0.000039 0.002903 200.000000 34.482758
62 0.000046 0.006934 100.000000 32.258064
62 0.000048 0.003075 200.000000 34.482758
63 0.000043 0.006527 100.000000 32.258064
63 0.000053 0.003057 200.000000 34.482758
64 0.000045 0.006353 100.000000 33.333332
64 0.000049 0.003230 200.000000 34.482758
65 0.000048 0.006593 100.000000 33.333332
66 0.000066 0.006809 100.000000 33.333332
67 0.000061 0.006587 100.000000 33.333332
68 0.000069 0.006809 100.000000 33.333332
69 0.000088 0.007292 100.000000 33.333332
70 0.000060 0.007935 100.000000 33.333332
71 0.000066 0.008197 100.000000 33.333332
72 0.000075 0.007474 100.000000 34.482758
73 0.000069 0.007454 100.000000 34.482758
74 0.000066 0.007219 100.000000 34.482758
75 0.000051 0.007057 100.000000 34.482758
76 0.000068 0.006723 100.000000 34.482758
77 0.000087 0.006913 100.000000 34.482758
78 0.000090 0.006360 100.000000 34.482758
79 0.000102 0.006457 100.000000 34.482758
80 0.000113 0.006233 100.000000 34.482758
81 0.000110 0.006874 100.000000 34.482758
82 0.000115 0.006754 100.000000 34.482758
83 0.000149 0.006252 100.000000 34.482758
84 0.000140 0.006992 100.000000 34.482758
85 0.000113 0.006500 100.000000 34.482758
86 0.000099 0.006896 100.000000 34.482758
87 0.000090 0.006927 100.000000 34.482758
88 0.000082 0.006998 100.000000 34.482758
89 0.000064 0.006057 100.000000 34.482758
90 0.000068 0.005442 100.000000 34.482758
91 0.000064 0.005378 100.000000 34.482758
92 0.000057 0.005312 100.000000 34.482758
93 0.000058 0.004808 100.000000 34.482758
