0.000000 0.000000 0.000000 0.000000
-0.097570 8.345400 -0.063449 8.292070
-0.181814 15.496600 0.011928 15.440200
-0.270764 22.658800 -0.043057 22.712100
-0.435716 32.231900 -0.119569 32.257400
-0.646632 41.798700 -0.319008 41.850400
-0.822002 50.203500 -0.572646 50.288700
-0.933231 57.427800 -0.674107 57.520900
-1.078470 64.647500 -0.761699 64.725800
-1.243230 71.816000 -0.840498 71.734000
-1.337950 78.894600 -0.848820 78.730400
-1.292990 85.877000 -0.790358 85.624200
-1.144130 91.636500 -0.671147 91.368400
-0.782045 99.739700 -0.384482 99.477200
-0.329075 110.492000 0.170341 110.171000
-0.232571 117.812000 0.142785 117.478000
-0.336076 127.720000 0.134556 127.370000
-0.472057 139.057000 -0.021783 138.697000
-0.618401 149.227000 -0.105129 148.843000
-0.703475 155.553000 -0.128242 155.155000
-0.867607 165.652000 -0.263352 165.225000
-1.083170 175.759000 -0.511362 175.300000
-1.249820 183.337000 -0.659213 182.862000
-1.429910 190.831000 -1.539870 190.215000
-1.561320 198.199000 -1.535890 197.531000
-1.655970 207.709000 -1.280730 206.856000
-1.730640 215.405000 -1.598170 214.217000
-1.844530 221.461000 -1.954620 220.135000
-2.036110 226.776000 -1.828830 225.402000
-2.247910 231.388000 -2.058370 230.019000
-2.414710 235.702000 -2.381370 234.232000
-2.511950 239.888000 -2.214510 238.304000
-2.546620 245.471000 -2.066000 243.878000
-2.540940 249.857000 -1.516610 249.510000
-2.522830 254.511000 -1.208680 254.417000
-2.377450 261.103000 -0.379820 260.631000
-2.169030 266.146000 -0.221211 265.653000
-1.829450 272.089000 0.131459 271.697000
-1.585580 277.204000 0.337598 276.821000
-1.431890 282.203000 0.512307 281.803000
-1.423420 286.744000 0.578460 286.280000
-1.597160 290.628000 0.306556 289.966000
-2.739390 295.467000 -1.360210 294.530000
-5.270320 298.869000 -3.795980 298.023000
-8.027230 300.181000 -6.497540 299.425000
-12.402900 299.633000 -10.901700 299.046000
-16.024300 296.918000 -14.652400 296.419000
-18.123400 294.047000 -17.186900 294.208000
-20.129200 289.390000 -18.935000 289.782000
-21.358700 281.431000 -20.100500 281.638000
-20.886200 271.963000 -19.730300 272.156000
-20.249700 264.179000 -19.125900 264.539000
-19.796700 256.170000 -18.747000 256.614000
-19.590300 248.064000 -19.321100 249.169000
-19.503200 239.839000 -19.024800 240.936000
-19.406600 231.492000 -18.750000 232.681000
-19.265300 223.034000 -18.433000 224.237000
-19.114900 214.452000 -18.159000 215.655000
-18.927900 205.758000 -17.865300 207.013000
-18.751900 196.976000 -17.582800 198.261000
-18.610400 188.243000 -17.433300 189.680000
-18.523200 179.601000 -17.336100 181.090000
-18.526700 171.156000 -17.251100 173.691000
-18.662100 160.837000 -17.648700 163.637000
-18.762300 154.117000 -18.001600 157.031000
-18.854800 146.599000 -17.983700 149.649000
-18.935100 138.044000 -17.852700 141.217000
-19.003900 132.429000 -17.718900 135.756000
-19.029700 128.287000 -17.821500 131.662000
-19.034000 123.793000 -17.643100 127.175000
-18.962400 118.740000 -17.374300 122.136000
-18.762600 113.072000 -16.965000 116.596000
-18.389700 106.796000 -16.391700 110.617000
-17.972000 99.881700 -15.760300 104.013000
-17.543700 92.393200 -15.333100 96.545400
-17.188300 84.351700 -14.867400 89.022100
-16.905400 74.284400 -14.194200 79.100800
-16.741300 63.987200 -13.722200 69.176700
-16.642900 55.188500 -13.291900 60.514400
-16.505900 46.461100 -12.855500 51.849600
-16.380000 39.261800 -12.463600 44.820100
-16.246100 30.707800 -12.719500 48.994700
-16.134100 22.248400 -13.215500 57.361800
-16.040400 13.962300 -13.781400 65.416200
-15.949600 5.763790 -14.227900 73.048600
-15.854000 -2.436520 -14.875300 81.047300
-15.738500 -12.149900 -15.639700 90.690600
-15.643500 -20.584200 -16.263300 98.595400
-15.554000 -29.115400 -16.731100 107.143000
-15.460900 -37.665600 -17.403200 115.667000
-15.357000 -46.130400 -17.820000 123.593000
-15.237500 -54.547900 -18.700100 130.725000
-15.142300 -62.951500 -19.442900 138.769000
-15.074500 -71.323300 -20.022800 146.694000
-14.998300 -79.593200 -20.539300 154.651000
-14.891900 -87.726700 -21.440200 162.211000
-14.798000 -95.724400 -22.210000 170.121000
-14.744100 -103.593000 -23.015600 177.465000
-14.725600 -111.329000 -23.474700 185.151000
-14.705700 -121.414000 -23.911500 194.831000
-14.706100 -129.845000 -24.880500 203.194000
-14.758500 -138.687000 -25.301000 210.774000
-14.818000 -144.321000 -25.680900 216.296000
-13.833400 -151.950000 -27.402300 223.619000
-9.106290 -156.406000 -32.165600 228.024000
-4.779010 -156.244000 -36.279800 227.695000
-0.226137 -152.061000 -40.447800 223.438000
1.348500 -145.760000 -41.613500 217.187000
1.479970 -139.492000 -41.813200 211.106000
1.501630 -132.265000 -41.362200 204.035000
1.418040 -121.734000 -41.095300 194.158000
1.284830 -105.791000 -39.562700 177.478000
1.089270 -95.515700 -38.893200 167.639000
0.899547 -83.454400 -37.623700 156.431000
0.813423 -74.432000 -36.891800 147.413000
0.658775 -61.045400 -36.205100 134.295000
0.392853 -47.869400 -37.436600 129.093000
0.228118 -39.197200 -34.593600 121.038000
0.097461 -30.614000 -31.841000 113.070000
0.026697 -17.943700 -27.858200 100.745000
-0.020445 -5.548030 -24.153900 89.073800
-0.145883 6.704420 -20.752300 76.761500
-0.248220 16.180900 -17.653000 68.002900
-0.323376 24.273100 -14.993800 60.535400
-0.439757 34.926900 -11.324600 50.651700
-0.555204 45.373200 -7.816890 41.107400
-0.702063 53.087200 -4.817540 33.997400
-0.895091 60.694600 -2.132860 27.171200
-1.107410 68.191400 0.813519 20.444900
-1.318220 75.543600 3.444190 13.839100
-1.407270 82.366800 5.875600 7.611360
-1.385560 88.919200 8.158410 1.621680
-1.348850 94.282100 10.092200 -3.223510
-1.397410 100.636000 12.331300 -9.039540
-1.806040 109.362000 15.720100 -16.864000
-1.940130 117.341000 18.637700 -24.089800
-1.454190 128.143000 22.067100 -34.132000
-0.860070 139.749000 25.659300 -44.943900
-0.818199 147.962000 28.493900 -52.420400
-0.925229 156.508000 31.612300 -60.136300
-1.188890 168.014000 35.908000 -70.501500
-1.427530 178.011000 39.555100 -79.566500
-1.576110 187.848000 43.794200 -87.908200
-1.645540 196.151000 46.826300 -95.346100
-1.737780 207.012000 50.314100 -105.240000
-1.814960 216.248000 53.427200 -113.502000
-1.917240 223.411000 56.015500 -119.957000
-2.106010 229.512000 58.184100 -125.486000
-2.314970 234.492000 60.214600 -129.889000
-2.438170 239.102000 61.825000 -134.062000
-2.485940 244.338000 63.479400 -138.878000
-2.503090 248.833000 64.927100 -143.031000
-2.508540 252.712000 66.169200 -146.850000
-2.461590 257.526000 67.718000 -151.353000
-2.305210 263.408000 69.675900 -157.133000
-2.073000 269.712000 71.759700 -163.176000
-1.903310 275.322000 73.610200 -168.487000
-1.834880 280.907000 75.383400 -173.628000
-1.821290 286.356000 77.114100 -178.629000
-1.843830 291.366000 78.791400 -182.964000
-1.817940 297.031000 80.973100 -188.047000
