0.000000 0.000000 0.000000 0.000000
-0.083626 7.152770 -0.032669 7.167120
-0.181814 15.496600 -0.021413 15.564700
-0.270764 22.658800 -0.093764 22.730500
-0.411276 31.027900 -0.182183 31.094600
-0.562741 38.206900 -0.316221 38.293500
-0.735861 45.395600 -0.448442 45.471300
-0.859463 52.605800 -0.517664 52.684800
-0.981436 59.838600 -0.550506 59.915400
-1.129540 67.047600 -0.644853 67.126700
-1.292840 74.187500 -0.791753 74.257500
-1.342290 81.234500 -0.829985 81.301500
-1.247130 88.183800 -0.685933 88.251200
-1.006120 95.102600 -0.361029 95.156000
-0.607718 103.279000 0.330527 103.253000
-0.298528 111.707000 0.668133 111.688000
-0.237293 119.040000 0.672733 119.000000
-0.316815 126.470000 0.637965 126.429000
-0.413373 133.996000 0.560937 133.955000
-0.509951 141.606000 0.450966 141.570000
-0.618401 149.227000 0.331024 149.182000
-0.721231 156.817000 0.243800 156.775000
-0.844849 164.390000 0.192748 164.342000
-0.995770 171.971000 0.018565 171.917000
-1.220910 182.072000 -0.223047 182.011000
-1.400870 189.586000 -0.433355 189.525000
-1.561320 198.199000 -0.583439 198.120000
-1.649070 206.553000 -0.614784 206.469000
-1.717660 214.345000 -0.664110 214.257000
-1.820190 220.495000 -0.780185 220.397000
-1.999320 225.946000 -1.068570 225.846000
-2.215170 230.658000 -1.328040 230.550000
-2.389580 234.992000 -1.555160 234.878000
-2.501540 239.200000 -1.696010 239.080000
-2.543390 243.356000 -1.791580 243.234000
-2.542060 247.636000 -1.871320 247.522000
-2.529260 251.371000 -1.931480 251.265000
-2.508910 256.112000 -1.940220 256.006000
-2.377450 261.103000 -1.921540 260.980000
-2.169030 266.146000 -1.801070 266.017000
-1.875690 271.234000 -1.644720 271.115000
-1.622670 276.354000 -1.497900 276.210000
-1.447760 281.390000 -1.442860 281.249000
-1.417780 286.036000 -1.488710 285.891000
-1.545620 290.017000 -1.595440 289.830000
-2.949050 295.902000 -3.116720 295.664000
-5.270320 298.869000 -5.533330 298.624000
-7.620090 300.062000 -7.986380 299.610000
-10.581300 300.229000 -10.945600 299.737000
-14.212500 298.522000 -14.600500 298.015000
-16.903900 295.877000 -17.246500 295.307000
-18.872000 292.636000 -19.064600 292.156000
-20.612500 287.568000 -20.791800 287.071000
-21.345600 278.007000 -21.474600 277.578000
-20.776800 270.705000 -20.895100 270.291000
-20.156300 262.848000 -20.275000 262.441000
-19.745900 254.824000 -19.853000 254.419000
-19.569300 246.706000 -19.735100 246.329000
-19.493200 238.458000 -19.672300 238.076000
-19.381300 230.091000 -19.614200 229.746000
-19.241000 221.611000 -19.454400 221.266000
-19.084000 213.011000 -19.353000 212.675000
-18.896100 204.295000 -19.214100 203.963000
-18.723600 195.515000 -19.083200 195.222000
-18.594100 186.794000 -19.014300 186.509000
-18.515200 178.175000 -19.013800 177.894000
-18.537100 169.792000 -19.025600 169.501000
-18.662100 160.837000 -19.164400 160.583000
-18.762300 154.117000 -19.290400 153.870000
-18.837700 148.339000 -19.320600 148.166000
-18.901300 141.752000 -19.465900 141.618000
-18.979100 134.517000 -19.615100 134.400000
-19.029800 128.995000 -19.722600 128.892000
-19.034000 123.793000 -19.837000 123.687000
-18.962400 118.740000 -19.744900 118.635000
-18.762600 113.072000 -19.566500 112.975000
-18.389700 106.796000 -19.190300 106.706000
-17.972000 99.881700 -18.777200 99.845300
-17.543700 92.393200 -18.333700 92.359100
-17.188300 84.351700 -18.050100 84.332600
-16.905400 74.284400 -17.693200 74.252000
-16.741300 63.987200 -17.541500 63.995100
-16.642900 55.188500 -17.438500 55.209100
-16.505900 46.461100 -17.310400 46.558400
-16.356800 37.824800 -17.199500 37.924700
-16.229900 29.284700 -17.085500 29.367500
-16.116200 20.856600 -17.002100 20.935200
-16.019600 12.595000 -16.916600 12.676000
-15.938800 4.400320 -16.978200 4.500300
-15.838400 -3.813590 -16.900600 -3.710850
-15.738500 -12.149900 -16.774800 -12.050900
-15.643500 -20.584200 -16.759300 -20.474100
-15.554000 -29.115400 -16.697000 -29.002600
-15.460900 -37.665600 -16.582000 -37.564000
-15.357000 -46.130400 -16.552900 -46.018700
-15.237500 -54.547900 -16.454200 -54.431500
-15.142300 -62.951500 -16.408600 -62.797000
-15.074500 -71.323300 -16.429500 -71.164500
-14.998300 -79.593200 -16.434700 -79.417800
-14.891900 -87.726700 -16.388800 -87.544900
-14.798000 -95.724400 -16.348000 -95.523000
-14.744100 -103.593000 -16.293200 -103.382000
-14.725600 -111.329000 -16.317900 -111.114000
-14.712800 -118.924000 -16.347700 -118.708000
-14.698300 -126.287000 -16.326200 -126.067000
-14.724900 -133.300000 -16.357000 -133.073000
-14.764700 -139.696000 -16.304100 -139.465000
-14.823300 -145.155000 -16.383000 -144.925000
-14.364200 -150.225000 -15.936900 -149.987000
-10.901100 -155.630000 -12.405500 -155.365000
-6.734170 -156.651000 -8.240110 -156.445000
-2.057960 -154.484000 -3.378100 -154.741000
0.912912 -148.838000 -0.344017 -149.059000
1.463450 -143.198000 0.149111 -143.426000
1.499370 -137.518000 0.127220 -137.762000
1.498560 -131.160000 0.104929 -131.405000
1.436720 -124.185000 0.006331 -124.432000
1.402660 -115.348000 -0.047726 -115.631000
1.308290 -107.200000 -0.102387 -107.483000
1.142140 -98.529100 -0.176900 -98.820100
0.984734 -89.476100 -0.332428 -89.765900
0.867953 -80.445500 -0.407665 -80.756100
0.763954 -69.956000 -0.569995 -70.255900
0.658775 -61.045400 -0.726847 -61.371900
0.490709 -52.236700 -0.904524 -52.571200
0.307032 -43.525600 -1.082550 -43.852100
0.153725 -34.895100 -1.312050 -35.218900
0.052569 -24.947700 -1.548680 -25.254100
0.025161 -16.550300 -1.653280 -16.855200
-0.000537 -8.285140 -1.685260 -8.582720
-0.072897 -0.090700 -1.821610 -0.391367
-0.160177 8.059830 -1.938950 7.767530
-0.248220 16.180900 -1.943570 15.878700
-0.323376 24.273100 -2.035050 23.973700
-0.427007 33.606500 -2.166700 33.313900
-0.512504 42.778400 -2.314530 42.495000
-0.645636 50.527700 -2.567680 50.253300
-0.826899 58.170900 -2.770610 57.892000
-1.031830 65.710200 -2.981650 65.399300
-1.261380 73.127200 -3.190770 72.817500
-1.392300 80.159900 -3.351500 79.842200
-1.394090 86.751100 -3.405550 86.415700
-1.356110 93.218600 -1.531660 -132.454000
-1.375060 99.570100 -2.183290 -126.149000
-1.686240 107.147000 -3.258790 -118.730000
-1.956140 116.179000 -4.321670 -109.787000
-1.602100 125.684000 -4.770360 -100.284000
-1.135330 133.189000 -4.979600 -92.775900
-0.832678 141.091000 -5.394910 -84.882500
-0.831134 149.366000 -6.154090 -76.656600
-0.950588 157.949000 -7.071540 -68.134600
-1.150960 166.581000 -8.073190 -59.579000
-1.398480 176.593000 -9.229510 -49.638300
-1.539740 185.062000 -10.093200 -41.198200
-1.623760 193.401000 -10.966600 -32.880400
-1.694880 201.611000 -11.744700 -24.699300
-1.768400 211.025000 -12.730500 -15.324800
-1.842510 218.743000 -13.521600 -7.647900
-1.971970 225.567000 -14.292500 -0.858663
-2.174190 231.287000 -15.024000 4.818210
-2.372560 236.037000 -15.690700 9.531300
-2.457470 240.614000 -16.166500 14.079200
-2.487600 245.075000 -16.568700 18.523100
-2.506490 249.599000 -16.974000 23.037700
-2.508540 252.712000 -17.273100 26.137100
-2.461590 257.526000 -17.589300 30.941100
-2.331650 262.541000 -17.909800 35.940300
-2.144560 267.869000 -18.252400 41.262000
-1.948580 273.451000 -18.582200 46.843500
-1.850170 279.055000 -18.986200 52.436900
-1.819190 284.574000 -19.422500 57.925900
-1.838570 289.717000 -19.871200 63.044500
-1.836190 294.620000 -20.334000 67.918500
-1.807620 300.223000 -20.820500 73.496900
