1 1.19763e-11 1.70464e-10 -5.55111e-17 1.19763e-11 1 3.5625e-10 0 1.70464e-10 3.5625e-10 1 2.22045e-16 
0.999994 -0.00341345 -0.00073122 0.00203758 0.00341385 0.999994 0.000536192 -0.063028 0.000729385 -0.000538684 1 3.94173 
0.999992 -0.00392522 -0.000516224 0.00415793 0.00392606 0.999991 0.00164079 -0.101468 0.000509779 -0.0016428 0.999999 6.58164 
0.999986 -0.00518455 -0.00059756 0.00832382 0.00518666 0.99998 0.00358304 -0.132803 0.000578972 -0.00358609 0.999993 9.23896 
0.999998 -0.00190081 -0.000960105 0.00678092 0.00190006 0.999998 -0.000784222 -0.163455 0.000961594 0.000782396 0.999999 11.9043 
0.999992 0.00396255 -0.00053048 -0.00186218 -0.00396339 0.999991 -0.00157914 -0.19592 0.000524218 0.00158123 0.999999 14.5805 
1 -0.000899386 0.00025249 0.000482789 0.000898369 0.999992 0.00399822 -0.253748 -0.000256084 -0.00399799 0.999992 18.6347 
0.999987 -0.00511926 -0.000232036 0.00413469 0.00511913 0.999987 -0.000553928 -0.293109 0.000234869 0.000552734 1 21.3413 
0.999999 0.000142485 0.00124543 -0.00736932 -0.000141531 1 -0.000766073 -0.346812 -0.00124553 0.000765897 0.999999 24.0721 
0.999997 -0.00105089 0.00236924 -0.00506118 0.00103793 0.999985 0.00546529 -0.38714 -0.00237494 -0.00546281 0.999982 26.8203 
0.99998 -0.00593323 0.00198489 0.00528159 0.00593062 0.999981 0.00131719 -0.432898 -0.00199267 -0.00130539 0.999997 29.5701 
0.999991 -0.00286426 0.00317328 0.00682708 0.00286867 0.999995 -0.00138571 -0.485013 -0.00316929 0.0013948 0.999994 32.3353 
0.999993 -0.00102145 0.00349843 0.0101734 0.00103531 0.999992 -0.00396309 -0.543116 -0.00349435 0.00396669 0.999986 35.1108 
0.999996 -0.000188957 0.00298614 0.0151148 0.000189138 1 -6.04535e-05 -0.599901 -0.00298613 6.10187e-05 0.999996 37.9059 
0.999982 0.00505155 0.00310141 0.0194295 -0.00504983 0.999987 -0.000561303 -0.643712 -0.00310421 0.000545632 0.999995 40.7044 
0.999961 0.00830831 0.00284362 0.0213443 -0.008309 0.999965 0.000228539 -0.694132 -0.00284162 -0.000252157 0.999996 43.5186 
0.999978 0.00642624 0.00172093 0.0308604 -0.00642486 0.999979 -0.000807473 -0.739025 -0.00172609 0.000796399 0.999998 46.3413 
0.999982 0.00601056 -0.000241195 0.0335922 -0.00601037 0.999982 0.000792652 -0.783986 0.000245955 -0.000791187 1 49.1796 
0.999975 0.00663825 -0.00247948 0.0289579 -0.0066366 0.999978 0.000673997 -0.826541 0.0024839 -0.000657523 0.999997 52.0283 
0.999975 0.00549709 -0.00438741 0.0208294 -0.00548431 0.999981 0.00292109 -0.866832 0.00440338 -0.00289696 0.999986 54.8846 
0.999982 0.00171938 -0.00565444 0.0132291 -0.00170585 0.999996 0.00239685 -0.907244 0.00565854 -0.00238716 0.999981 57.7455 
0.999986 -0.000836491 -0.00530079 0.00652425 0.000854902 0.999994 0.00347204 -0.944604 0.00529785 -0.00347652 0.99998 60.6032 
0.999983 -0.00379255 -0.00448879 -0.00130824 0.00380903 0.999986 0.00366913 -0.98781 0.00447481 -0.00368616 0.999983 63.452 
0.999981 -0.00522046 -0.00335959 -0.00595393 0.00522805 0.999984 0.00225172 -1.0297 0.00334779 -0.00226924 0.999992 66.2894 
0.999998 -0.000648136 -0.00206877 -0.0193644 0.000655685 0.999993 0.00365043 -1.07607 0.00206639 -0.00365178 0.999991 69.1159 
0.999978 0.00665993 -0.000528741 -0.0351344 -0.00665692 0.999963 0.00551082 -1.11823 0.000565424 -0.00550718 0.999985 71.9398 
0.999899 0.0142169 0.000850324 -0.0467759 -0.0142207 0.999888 0.00462105 -1.15331 -0.000784532 -0.00463267 0.999989 74.7425 
0.99986 0.0166377 0.00188362 -0.0545851 -0.0166459 0.999851 0.00447234 -1.19794 -0.00180893 -0.00450307 0.999988 77.5408 
0.999897 0.0142363 0.00195937 -0.0495425 -0.0142434 0.999892 0.0036846 -1.23666 -0.0019067 -0.00371213 0.999991 80.3255 
0.999907 0.0135342 0.00144846 -0.0483881 -0.0135396 0.999901 0.00383319 -1.27868 -0.00139644 -0.00385245 0.999992 83.0972 
0.99991 0.0134348 0.000187047 -0.06072 -0.0134354 0.999903 0.0036812 -1.32024 -0.000137573 -0.00368338 0.999993 85.8656 
0.999938 0.0109306 -0.00187798 -0.0843762 -0.0109202 0.999925 0.00545859 -1.36298 0.0019375 -0.00543774 0.999983 88.6291 
0.99997 0.00680326 -0.00371164 -0.111047 -0.00677963 0.999957 0.00634212 -1.39978 0.00375462 -0.00631677 0.999973 91.3752 
0.999981 0.00428222 -0.00446849 -0.14546 -0.00425922 0.999978 0.00514399 -1.43596 0.00449042 -0.00512486 0.999977 94.1034 
0.999979 0.00473858 -0.00448741 -0.191341 -0.00472032 0.999981 0.00407044 -1.47621 0.00450661 -0.00404917 0.999982 96.8138 
0.999968 0.00706084 -0.00387695 -0.234406 -0.00704719 0.999969 0.00352491 -1.51768 0.00390172 -0.00349747 0.999986 99.5151 
0.999955 0.00883381 -0.0034583 -0.269402 -0.00881134 0.99994 0.00645962 -1.55602 0.00351515 -0.00642886 0.999973 102.205 
0.999961 0.00817387 -0.0033382 -0.305326 -0.00816552 0.999964 0.0025071 -1.59605 0.00335858 -0.00247974 0.999991 104.885 
0.99998 0.00550493 -0.00323905 -0.334309 -0.00549641 0.999981 0.00263482 -1.63843 0.00325349 -0.00261696 0.999991 107.565 
0.999997 0.00156146 -0.00170952 -0.373776 -0.0015522 0.999984 0.00540652 -1.68674 0.00171793 -0.00540385 0.999984 110.245 
0.999997 0.0025812 -0.000333754 -0.413713 -0.00258068 0.999995 0.00155683 -1.734 0.000337771 -0.00155596 0.999999 112.905 
0.999969 0.0075702 0.00216128 -0.42959 -0.00756832 0.999971 -0.000875418 -1.775 -0.00216785 0.000859034 0.999997 115.56 
0.999948 0.00907989 0.00466731 -0.433415 -0.00909732 0.999952 0.00372716 -1.81179 -0.00463325 -0.00376942 0.999982 118.227 
0.999942 0.00858716 0.00646894 -0.433415 -0.00861102 0.999956 0.00366898 -1.84632 -0.00643715 -0.00372447 0.999972 120.904 
0.999884 0.0123802 0.00884972 -0.456074 -0.0124054 0.999919 0.0027973 -1.91003 -0.00881437 -0.00290676 0.999957 123.624 
0.999838 0.014232 0.0110509 -0.464133 -0.0142455 0.999898 0.00113985 -1.96629 -0.0110336 -0.00129708 0.999938 126.337 
0.999836 0.0128646 0.01273 -0.471809 -0.0128866 0.999916 0.00164965 -2.03834 -0.0127076 -0.00181343 0.999918 129.05 
0.999844 0.0108917 0.0138962 -0.470125 -0.0109377 0.999935 0.00323538 -2.09949 -0.0138601 -0.00338687 0.999898 131.756 
0.999883 0.00714277 0.0135483 -0.465103 -0.00719965 0.999965 0.00415406 -2.16293 -0.0135182 -0.00425112 0.9999 134.461 
0.999923 0.00404864 0.0117494 -0.464495 -0.00409264 0.999985 0.00372265 -2.22631 -0.0117341 -0.00377045 0.999924 137.161 
0.999953 0.00122806 0.00965658 -0.464181 -0.00127689 0.999986 0.00505251 -2.28175 -0.00965025 -0.0050646 0.999941 139.863 
0.999975 0.000229275 0.00710214 -0.470457 -0.000261274 0.99999 0.004505 -2.34189 -0.00710104 -0.00450674 0.999965 142.562 
0.999986 -0.00177425 0.00507486 -0.478901 0.00176294 0.999996 0.00223254 -2.39502 -0.0050788 -0.00222356 0.999985 145.258 
0.999897 -0.0140957 0.00280284 -0.484415 0.0140855 0.999894 0.00360825 -2.46297 -0.00285341 -0.0035684 0.99999 147.954 
0.999686 -0.0250495 0.000133244 -0.488799 0.0250491 0.999684 0.00211337 -2.51862 -0.00018614 -0.00210937 0.999998 150.648 
0.999766 -0.0215875 0.00124882 -0.51399 0.0215919 0.99976 -0.00364513 -2.58179 -0.00116983 0.00367124 0.999993 153.337 
0.999707 -0.0240594 0.00260929 -0.518837 0.0240607 0.99971 -0.000479524 -2.64145 -0.002597 0.000542165 0.999996 156.033 
0.999428 -0.033667 0.00307072 -0.499605 0.0336562 0.999427 0.00349431 -2.68915 -0.0031866 -0.00338896 0.999989 158.732 
0.999418 -0.0339111 0.00382191 -0.484876 0.0338948 0.999416 0.0042487 -2.73678 -0.00396376 -0.00411668 0.999984 161.429 
0.99963 -0.0265435 0.00599233 -0.47678 0.0265348 0.999647 0.00151879 -2.78725 -0.00603052 -0.00135922 0.999981 164.13 
0.999739 -0.021701 0.00714542 -0.459926 0.021687 0.999763 0.00202297 -2.83556 -0.00718763 -0.00186748 0.999972 166.839 
0.999815 -0.018133 0.00643441 -0.442444 0.0181372 0.999835 -0.000594343 -2.88656 -0.00642257 0.000710936 0.999979 169.56 
0.999936 -0.00973329 0.00574025 -0.411154 0.00976101 0.999941 -0.00482071 -2.93273 -0.00569299 0.00487643 0.999972 172.284 
0.999977 -0.00182811 0.00656723 -0.37793 0.00183804 0.999997 -0.00150577 -2.98645 -0.00656446 0.00151781 0.999977 175.029 
0.999973 -0.00433959 0.00590949 -0.340531 0.00432893 0.999989 0.00181691 -3.01391 -0.00591731 -0.00179128 0.999981 177.785 
0.999971 -0.0073093 0.00217015 -0.313655 0.00731459 0.99997 -0.00243795 -3.04112 -0.00215226 0.00245375 0.999995 180.542 
0.999999 -0.00147201 7.62514e-05 -0.314056 0.00147256 0.999968 -0.00786872 -3.08816 -6.46658e-05 0.00786882 0.999969 183.31 
0.999991 0.00430353 0.000233426 -0.31413 -0.00430271 0.999985 -0.00340559 -3.13755 -0.000248078 0.00340455 0.999994 186.099 
0.99999 0.00444872 0.000733086 -0.308933 -0.00444842 0.99999 -0.000417191 -3.19394 -0.000734935 0.000413926 1 188.9 
1 0.000366725 0.000663303 -0.303004 -0.000367256 1 0.000800394 -3.25053 -0.000663009 -0.000800637 1 191.713 
0.999985 -0.00529432 0.00136956 -0.297934 0.00529189 0.999984 0.00177274 -3.31413 -0.00137892 -0.00176546 0.999997 194.54 
0.999916 -0.0128049 0.00199736 -0.295505 0.0127976 0.999911 0.00361732 -3.38456 -0.0020435 -0.00359146 0.999992 197.381 
0.999987 -0.00440476 0.00270578 -0.315003 0.00442152 0.999971 -0.00622074 -3.47136 -0.0026783 0.00623262 0.999977 200.224 
0.999899 0.0131913 0.00530312 -0.348581 -0.013178 0.99991 -0.0025273 -3.55558 -0.00533598 0.00245716 0.999983 203.095 
0.999905 0.0126263 0.00555651 -0.348136 -0.0126255 0.99992 -0.000175237 -3.60408 -0.00555828 0.000105067 0.999985 205.97 
0.999969 0.00742121 0.00274637 -0.342964 -0.00741833 0.999972 -0.00105497 -3.67436 -0.00275412 0.00103457 0.999996 210.323 
0.999946 0.0101161 0.0025245 -0.353316 -0.0101163 0.999949 6.07891e-05 -3.74177 -0.00252375 -8.63235e-05 0.999997 213.245 
0.999957 0.0091095 0.0018821 -0.357484 -0.00910674 0.999957 -0.00147266 -3.80999 -0.00189543 0.00145546 0.999997 216.186 
0.999961 0.00871091 0.00124073 -0.360488 -0.0087094 0.999961 -0.00122115 -3.86762 -0.00125132 0.00121029 0.999999 219.142 
0.999961 0.0087942 0.000693719 -0.371188 -0.00879278 0.999959 -0.00203655 -3.93317 -0.0007116 0.00203037 0.999998 222.105 
0.999954 0.00953527 3.06076e-06 -0.37715 -0.00953524 0.999952 -0.00238007 -3.9905 -2.57549e-05 0.00237993 0.999997 225.079 
0.999959 0.00909461 -0.000365091 -0.378527 -0.00909536 0.999956 -0.00212762 -4.04814 0.000345726 0.00213085 0.999998 228.06 
0.999977 0.00670894 -8.90066e-05 -0.376609 -0.00670914 0.999975 -0.00241492 -4.09904 7.28032e-05 0.00241546 0.999997 231.045 
0.999988 0.00496183 0.000104882 -0.373963 -0.0049617 0.999987 -0.00123156 -4.15362 -0.000110991 0.00123102 0.999999 234.038 
0.999982 0.00602819 0.000236344 -0.378408 -0.00602755 0.999978 -0.00262531 -4.22023 -0.000252165 0.00262384 0.999996 237.045 
0.99997 0.00761506 0.00142164 -0.382906 -0.0076159 0.999971 0.000589276 -4.28539 -0.00141711 -0.000600085 0.999999 240.06 
0.999968 0.00759637 0.00240424 -0.38188 -0.0075949 0.999971 -0.000622748 -4.34714 -0.0024089 0.000604469 0.999997 243.087 
0.999958 0.00859422 0.00326044 -0.377078 -0.00858925 0.999962 -0.00153716 -4.4047 -0.00327352 0.00150909 0.999993 246.123 
0.999962 0.00817963 0.00302256 -0.368389 -0.00818011 0.999966 0.000144004 -4.45822 -0.00302128 -0.000168723 0.999995 249.168 
0.999946 0.00997147 0.00283953 -0.362986 -0.00997312 0.99995 0.00056808 -4.5113 -0.00283373 -0.000596367 0.999996 252.224 
0.999929 0.0115516 0.00293193 -0.356528 -0.0115534 0.999933 0.00062066 -4.55844 -0.00292457 -0.000654489 0.999996 255.288 
0.99996 0.00847383 0.00284962 -0.347449 -0.00847912 0.999962 0.00184616 -4.61158 -0.00283387 -0.00187025 0.999994 258.361 
0.999988 0.00411133 0.00258996 -0.334678 -0.00411675 0.999989 0.00208863 -4.66224 -0.00258135 -0.00209927 0.999995 261.435 
0.999995 0.000935565 0.00288366 -0.325374 -0.00094273 0.999996 0.00248408 -4.71575 -0.00288133 -0.00248678 0.999993 264.511 
0.999992 -0.0020661 0.00345941 -0.320818 0.00205223 0.99999 0.00400846 -4.78837 -0.00346766 -0.00400133 0.999986 267.598 
0.999988 -0.00193803 0.00439599 -0.316602 0.00192754 0.999995 0.00239047 -4.86605 -0.00440061 -0.00238197 0.999988 270.677 
0.999978 0.00123293 0.0064402 -0.31404 -0.0012481 0.999996 0.00235118 -4.95022 -0.00643728 -0.00235917 0.999977 273.765 
0.999961 0.00318273 0.00819315 -0.311421 -0.00319839 0.999993 0.00189905 -5.03984 -0.00818705 -0.00192518 0.999965 276.853 
0.999946 0.00300233 0.00993542 -0.301129 -0.00301076 0.999995 0.000833953 -5.13414 -0.00993287 -0.000863821 0.99995 279.945 
0.999933 0.00149062 0.0115216 -0.27649 -0.00151734 0.999996 0.00231141 -5.21004 -0.0115181 -0.00232874 0.999931 283.05 
0.999929 -0.000578305 0.0119268 -0.24473 0.000573806 1 0.000380704 -5.2776 -0.011927 -0.000373832 0.999929 286.145 
0.999942 -0.00117181 0.0107295 -0.217081 0.00119856 0.999996 -0.00248648 -5.35515 -0.0107265 0.00249919 0.999939 289.254 
0.999956 -0.00268179 0.00900787 -0.192693 0.00270369 0.999993 -0.00241999 -5.42488 -0.00900132 0.00244424 0.999957 292.369 
0.999967 -0.00237349 0.00773757 -0.175311 0.00239045 0.999995 -0.00218354 -5.50214 -0.00773234 0.00220197 0.999968 295.501 
0.999977 -0.00346684 0.00585138 -0.157166 0.00347331 0.999993 -0.00109698 -5.57321 -0.00584754 0.00111728 0.999982 298.65 
0.999981 -0.00135813 0.00592315 -0.143657 0.001352 0.999999 0.00103955 -5.63806 -0.00592456 -0.00103152 0.999982 301.821 
0.999971 -0.00206617 0.00727639 -0.12458 0.00206578 0.999998 6.19216e-05 -5.70493 -0.0072765 -4.68878e-05 0.999973 305.01 
0.999955 -0.00542868 0.00775826 -0.10099 0.00545008 0.999981 -0.00274014 -5.77594 -0.00774324 0.0027823 0.999966 308.212 
0.999971 -0.00514709 0.0056444 -0.0932494 0.00517332 0.999976 -0.00464174 -5.86305 -0.00562037 0.00467081 0.999973 311.433 
0.999992 -0.00248477 0.00308413 -0.106523 0.00248811 0.999996 -0.00107964 -5.95203 -0.00308144 0.0010873 0.999995 314.668 
0.999973 -0.00619482 0.00407238 -0.105842 0.00618777 0.999979 0.00174123 -6.06836 -0.00408309 -0.00171598 0.99999 319.553 
0.999966 -0.00684118 0.00460929 -0.100918 0.0068311 0.999974 0.00219832 -6.1434 -0.00462421 -0.00216676 0.999987 322.814 
0.999969 -0.00553186 0.00558256 -0.0964844 0.00552415 0.999984 0.00139507 -6.22409 -0.00559018 -0.00136418 0.999984 326.068 
0.999958 -0.00586721 0.00709604 -0.0849696 0.00585006 0.99998 0.00243587 -6.30543 -0.00711019 -0.00239425 0.999972 329.324 
0.999944 -0.00798854 0.0069226 -0.0642123 0.00797425 0.999966 0.00208908 -6.37224 -0.00693905 -0.00203376 0.999974 332.569 
0.999965 -0.00478743 0.00683332 -0.0543496 0.00478185 0.999988 0.000833257 -6.45078 -0.00683722 -0.000800552 0.999976 335.802 
0.999984 -0.00199418 0.00523412 -0.0454804 0.00200654 0.999995 -0.00235718 -6.53219 -0.00522939 0.00236765 0.999984 339.021 
0.999995 -0.000282664 0.00329943 -0.039303 0.000268431 0.999991 0.00431359 -6.60181 -0.00330061 -0.00431268 0.999985 342.246 
1 -0.000444111 0.000271657 -0.0351466 0.000443834 0.999999 0.00101749 -6.65278 -0.000272108 -0.00101737 1 345.452 
0.999992 -0.00306261 -0.00262549 -0.0370718 0.00307165 0.999989 0.00344606 -6.70815 0.00261491 -0.00345409 0.999991 348.655 
0.999987 -0.00400627 -0.00327367 -0.0526102 0.00401149 0.999991 0.00158878 -6.77306 0.00326727 -0.00160189 0.999993 351.848 
0.999984 -0.00456592 -0.00326332 -0.0750661 0.00457074 0.999988 0.00147062 -6.84356 0.00325656 -0.00148551 0.999994 355.038 
0.99998 -0.00540174 -0.003418 -0.0972999 0.00540248 0.999985 0.000206237 -6.92176 0.00341684 -0.000224698 0.999994 358.222 
0.99998 -0.00546874 -0.00326977 -0.122301 0.00546734 0.999985 -0.000439521 -6.99594 0.00327213 0.000421635 0.999995 361.404 
0.99996 -0.00834387 -0.00308417 -0.141995 0.00834334 0.999965 -0.0001831 -7.07272 0.00308559 0.000157361 0.999995 364.587 
0.999939 -0.0105576 -0.0031631 -0.166861 0.0105585 0.999944 0.000269207 -7.14688 0.00316009 -0.000302587 0.999995 367.781 
0.99997 -0.00743495 -0.00230747 -0.202919 0.00743648 0.999972 0.000654648 -7.22508 0.00230254 -0.000671787 0.999997 370.975 
0.999983 -0.00569843 -0.00143532 -0.237813 0.00569945 0.999984 0.000704659 -7.30681 0.00143128 -0.000712826 0.999999 374.225 
0.999983 -0.00571795 -0.000917867 -0.262588 0.00571764 0.999984 -0.000336816 -7.37934 0.000919778 0.000331563 1 377.387 
0.999991 -0.00418331 -0.000381357 -0.278359 0.0041832 0.999991 -0.000270587 -7.44841 0.000382486 0.00026899 1 380.607 
0.999999 -0.0017385 0.000211452 -0.296087 0.00173854 0.999999 -0.000162598 -7.52208 -0.000211169 0.000162966 1 383.841 
1 -0.000127952 0.000807379 -0.311017 0.000128479 1 -0.000652509 -7.59675 -0.000807295 0.000652613 1 387.068 
0.999996 0.00224124 0.00145239 -0.320658 -0.00224267 0.999997 0.000982551 -7.66443 -0.00145019 -0.000985804 0.999999 390.306 
0.999993 0.00292545 0.00209174 -0.32379 -0.00292642 0.999996 0.00045846 -7.73169 -0.00209039 -0.000464577 0.999998 393.558 
