0 0.000130 0.007581 100.000000 29.411764
0 0.000076 0.006353 200.000000 31.746031
0 0.000046 0.004846 300.000000 28.301888
0 0.000059 0.001510 400.000000 28.368793
0 0.000056 0.002061 500.000000 28.248587
0 0.000066 0.003375 600.000000 28.571428
0 0.000059 0.004293 700.000000 28.806585
0 0.000063 0.003206 800.000000 27.972029
1 0.000088 0.005880 100.000000 29.411764
1 0.000058 0.005314 200.000000 31.746031
1 0.000047 0.005515 300.000000 27.777779
1 0.000049 0.003936 400.000000 28.368793
1 0.000053 0.003314 500.000000 28.248587
1 0.000064 0.003436 600.000000 28.571428
1 0.000058 0.003741 700.000000 28.806585
1 0.000059 0.002418 800.000000 27.972029
2 0.000100 0.009390 100.000000 29.411764
2 0.000051 0.009213 200.000000 31.746031
2 0.000062 0.009877 300.000000 27.272728
2 0.000042 0.006414 400.000000 28.368793
2 0.000051 0.004213 500.000000 28.248587
2 0.000060 0.003407 600.000000 28.571428
2 0.000057 0.003428 700.000000 28.806585
2 0.000056 0.002148 800.000000 27.972029
3 0.000076 0.009720 100.000000 30.303030
3 0.000042 0.009735 200.000000 32.258064
3 0.000056 0.010675 300.000000 27.272728
3 0.000033 0.006999 400.000000 28.368793
3 0.000044 0.004497 500.000000 28.248587
3 0.000053 0.003352 600.000000 28.571428
3 0.000051 0.003091 700.000000 28.806585
3 0.000051 0.001768 800.000000 27.972029
4 0.000025 0.005830 100.000000 30.303030
4 0.000020 0.005643 200.000000 32.258064
4 0.000028 0.006305 300.000000 27.027027
4 0.000028 0.004939 400.000000 28.368793
4 0.000037 0.003802 500.000000 28.248587
4 0.000045 0.003429 600.000000 28.571428
4 0.000047 0.003294 700.000000 28.806585
4 0.000050 0.001776 800.000000 27.972029
5 0.000026 0.005287 100.000000 30.303030
5 0.000029 0.004984 200.000000 31.746031
5 0.000027 0.005743 300.000000 26.785715
5 0.000025 0.004715 400.000000 28.368793
5 0.000035 0.003699 500.000000 28.409090
5 0.000047 0.003348 600.000000 28.571428
5 0.000043 0.003259 700.000000 28.806585
5 0.000050 0.001691 800.000000 27.972029
6 0.000028 0.005679 100.000000 30.303030
6 0.000031 0.005543 200.000000 31.746031
6 0.000029 0.006178 300.000000 26.785715
6 0.000026 0.004792 400.000000 28.368793
6 0.000043 0.003838 500.000000 28.409090
6 0.000046 0.003345 600.000000 28.571428
6 0.000043 0.003261 700.000000 28.806585
6 0.000051 0.001614 800.000000 27.972029
7 0.000018 0.006523 100.000000 29.411764
7 0.000032 0.005519 200.000000 31.746031
7 0.000029 0.006092 300.000000 26.785715
7 0.000026 0.004726 400.000000 28.368793
7 0.000040 0.003854 500.000000 28.248587
7 0.000043 0.003379 600.000000 28.571428
7 0.000046 0.003285 700.000000 28.806585
7 0.000053 0.001552 800.000000 27.972029
8 0.000016 0.006706 100.000000 29.411764
8 0.000023 0.005836 200.000000 31.746031
8 0.000031 0.006115 300.000000 26.785715
8 0.000029 0.004813 400.000000 28.368793
8 0.000040 0.003984 500.000000 28.248587
8 0.000046 0.003496 600.000000 28.571428
8 0.000052 0.003513 700.000000 28.688524
8 0.000052 0.001583 800.000000 27.972029
9 0.000015 0.006646 100.000000 29.411764
9 0.000032 0.005849 200.000000 31.250000
9 0.000033 0.006212 300.000000 26.548672
9 0.000030 0.004727 400.000000 28.368793
9 0.000039 0.003928 500.000000 28.248587
9 0.000045 0.003406 600.000000 28.571428
9 0.000050 0.003420 700.000000 28.688524
9 0.000051 0.001466 800.000000 27.972029
10 0.000027 0.007463 100.000000 29.411764
10 0.000036 0.006907 200.000000 31.250000
10 0.000030 0.007030 300.000000 26.785715
10 0.000030 0.005109 400.000000 28.368793
10 0.000039 0.003995 500.000000 28.248587
10 0.000045 0.003279 600.000000 28.571428
10 0.000052 0.003276 700.000000 28.688524
10 0.000051 0.001419 800.000000 28.070175
11 0.000020 0.007399 100.000000 29.411764
11 0.000041 0.007018 200.000000 30.769230
11 0.000029 0.007048 300.000000 26.785715
11 0.000026 0.005092 400.000000 28.368793
11 0.000037 0.003951 500.000000 28.248587
11 0.000043 0.003227 600.000000 28.436020
11 0.000048 0.003224 700.000000 28.688524
11 0.000050 0.001345 800.000000 28.070175
12 0.000022 0.006825 100.000000 30.303030
12 0.000040 0.006716 200.000000 30.769230
12 0.000029 0.006816 300.000000 26.785715
12 0.000026 0.004975 400.000000 28.368793
12 0.000035 0.003923 500.000000 28.248587
12 0.000042 0.003218 600.000000 28.571428
12 0.000046 0.003218 700.000000 28.688524
12 0.000050 0.001266 800.000000 28.070175
13 0.000023 0.006843 100.000000 29.411764
13 0.000039 0.006477 200.000000 30.769230
13 0.000025 0.006573 300.000000 26.548672
13 0.000027 0.004827 400.000000 28.368793
13 0.000041 0.003807 500.000000 28.248587
13 0.000037 0.003202 600.000000 28.571428
13 0.000044 0.003230 700.000000 28.571428
13 0.000050 0.001213 800.000000 28.070175
14 0.000027 0.006501 100.000000 30.303030
14 0.000041 0.006234 200.000000 30.769230
14 0.000027 0.006301 300.000000 26.785715
14 0.000026 0.004677 400.000000 28.368793
14 0.000038 0.003887 500.000000 28.248587
14 0.000038 0.003262 600.000000 28.571428
14 0.000045 0.003283 700.000000 28.571428
14 0.000050 0.001222 800.000000 28.169014
15 0.000029 0.005461 100.000000 30.303030
15 0.000040 0.005384 200.000000 30.303030
15 0.000031 0.005419 300.000000 26.548672
15 0.000028 0.004250 400.000000 28.169014
15 0.000033 0.003855 500.000000 28.248587
15 0.000036 0.003448 600.000000 28.571428
15 0.000045 0.003540 700.000000 28.571428
15 0.000052 0.001260 800.000000 28.070175
16 0.000038 0.005050 100.000000 30.303030
16 0.000045 0.005222 200.000000 29.411764
16 0.000031 0.005225 300.000000 26.785715
16 0.000027 0.004157 400.000000 28.169014
16 0.000031 0.003827 500.000000 28.248587
16 0.000038 0.003365 600.000000 28.436020
16 0.000043 0.003445 700.000000 28.455284
16 0.000053 0.001145 800.000000 28.070175
17 0.000056 0.004296 100.000000 30.303030
17 0.000039 0.004908 200.000000 29.411764
17 0.000030 0.005083 300.000000 26.785715
17 0.000028 0.004039 400.000000 28.169014
17 0.000030 0.003786 500.000000 28.248587
17 0.000037 0.003369 600.000000 28.436020
17 0.000042 0.003477 700.000000 28.340080
17 0.000053 0.001137 800.000000 28.169014
18 0.000061 0.003933 100.000000 30.303030
18 0.000042 0.004371 200.000000 29.411764
18 0.000028 0.004774 300.000000 26.785715
18 0.000029 0.003833 400.000000 28.169014
18 0.000027 0.003801 500.000000 28.248587
18 0.000039 0.003515 600.000000 28.436020
18 0.000040 0.003678 700.000000 28.340080
18 0.000052 0.001204 800.000000 28.169014
19 0.000063 0.004814 100.000000 30.303030
19 0.000039 0.005167 200.000000 28.985508
19 0.000025 0.005333 300.000000 26.785715
19 0.000027 0.004032 400.000000 27.972029
19 0.000028 0.003719 500.000000 28.248587
19 0.000041 0.003419 600.000000 28.436020
19 0.000042 0.003500 700.000000 28.225807
19 0.000050 0.001310 800.000000 28.169014
20 0.000054 0.005557 100.000000 30.303030
20 0.000041 0.005748 200.000000 28.571428
20 0.000024 0.005578 300.000000 26.785715
20 0.000032 0.004049 400.000000 27.972029
20 0.000032 0.003747 500.000000 28.089888
20 0.000044 0.003532 600.000000 28.436020
20 0.000043 0.003519 700.000000 28.112450
20 0.000052 0.001445 800.000000 28.169014
21 0.000056 0.005519 100.000000 31.250000
21 0.000046 0.005960 200.000000 28.571428
21 0.000026 0.005514 300.000000 26.785715
21 0.000031 0.004095 400.000000 27.972029
21 0.000031 0.003740 500.000000 28.248587
21 0.000041 0.003514 600.000000 28.436020
21 0.000039 0.003405 700.000000 28.000000
21 0.000052 0.001428 800.000000 28.169014
22 0.000050 0.005678 100.000000 31.250000
22 0.000046 0.006156 200.000000 28.571428
22 0.000026 0.005556 300.000000 27.027027
22 0.000033 0.004147 400.000000 27.972029
22 0.000032 0.003803 500.000000 28.248587
22 0.000040 0.003546 600.000000 28.436020
22 0.000039 0.003332 700.000000 28.000000
22 0.000052 0.001451 800.000000 28.268551
23 0.000030 0.006499 100.000000 32.258064
23 0.000045 0.006971 200.000000 28.985508
23 0.000025 0.006015 300.000000 27.027027
23 0.000037 0.004283 400.000000 27.972029
23 0.000039 0.003853 500.000000 28.248587
23 0.000044 0.003614 600.000000 28.436020
23 0.000043 0.003287 700.000000 27.888447
23 0.000055 0.001595 800.000000 28.268551
24 0.000012 0.007169 100.000000 32.258064
24 0.000047 0.007599 200.000000 28.571428
24 0.000038 0.006028 300.000000 27.027027
24 0.000040 0.004378 400.000000 27.972029
24 0.000041 0.003984 500.000000 28.248587
24 0.000047 0.003939 600.000000 28.436020
24 0.000042 0.003456 700.000000 27.777779
24 0.000057 0.001848 800.000000 28.268551
25 0.000018 0.006767 100.000000 32.258064
25 0.000051 0.007372 200.000000 28.571428
25 0.000034 0.005908 300.000000 27.272728
25 0.000036 0.004464 400.000000 27.972029
25 0.000035 0.003933 500.000000 28.248587
25 0.000046 0.003720 600.000000 28.436020
25 0.000042 0.003052 700.000000 27.667984
25 0.000056 0.001725 800.000000 28.368793
26 0.000032 0.006151 100.000000 32.258064
26 0.000046 0.006769 200.000000 28.571428
26 0.000034 0.005478 300.000000 27.272728
26 0.000032 0.004468 400.000000 27.972029
26 0.000037 0.004007 500.000000 28.248587
26 0.000043 0.003880 600.000000 28.436020
26 0.000042 0.003194 700.000000 27.667984
26 0.000056 0.001691 800.000000 28.368793
27 0.000034 0.005787 100.000000 33.333332
27 0.000043 0.006596 200.000000 28.571428
27 0.000034 0.005312 300.000000 27.522936
27 0.000034 0.004369 400.000000 27.972029
27 0.000039 0.004019 500.000000 28.248587
27 0.000043 0.003921 600.000000 28.571428
27 0.000045 0.003189 700.000000 27.667984
27 0.000056 0.001689 800.000000 28.469751
28 0.000027 0.006489 100.000000 33.333332
28 0.000046 0.007194 200.000000 28.571428
28 0.000039 0.005494 300.000000 27.522936
28 0.000033 0.004408 400.000000 27.777779
28 0.000039 0.003974 500.000000 28.248587
28 0.000045 0.003857 600.000000 28.571428
28 0.000046 0.002989 700.000000 27.667984
28 0.000056 0.001764 800.000000 28.469751
29 0.000027 0.006407 100.000000 33.333332
29 0.000048 0.007308 200.000000 28.169014
29 0.000041 0.005514 300.000000 27.522936
29 0.000035 0.004403 400.000000 27.777779
29 0.000046 0.003939 500.000000 28.248587
29 0.000046 0.003849 600.000000 28.571428
29 0.000048 0.002911 700.000000 27.667984
29 0.000058 0.001810 800.000000 28.469751
30 0.000032 0.006238 100.000000 32.258064
30 0.000052 0.006988 200.000000 27.777779
30 0.000041 0.005378 300.000000 27.522936
30 0.000038 0.004366 400.000000 27.777779
30 0.000051 0.003949 500.000000 28.248587
30 0.000046 0.003967 600.000000 28.571428
30 0.000053 0.002893 700.000000 27.667984
30 0.000059 0.001742 800.000000 28.469751
31 0.000016 0.006694 100.000000 32.258064
31 0.000050 0.007002 200.000000 27.397261
31 0.000043 0.005336 300.000000 27.522936
31 0.000038 0.004361 400.000000 27.777779
31 0.000051 0.004083 500.000000 28.248587
31 0.000048 0.004209 600.000000 28.571428
31 0.000050 0.003074 700.000000 27.559055
31 0.000058 0.001852 800.000000 28.469751
32 0.000037 0.006884 100.000000 32.258064
32 0.000040 0.008052 200.000000 27.027027
32 0.000042 0.005467 300.000000 27.522936
32 0.000042 0.004255 400.000000 27.586206
32 0.000058 0.003874 500.000000 28.089888
32 0.000052 0.003935 600.000000 28.436020
32 0.000054 0.002702 700.000000 27.559055
32 0.000060 0.002015 800.000000 28.469751
33 0.000043 0.006599 100.000000 32.258064
33 0.000034 0.008192 200.000000 26.315790
33 0.000041 0.005394 300.000000 27.522936
33 0.000046 0.004129 400.000000 27.586206
33 0.000059 0.003904 500.000000 28.248587
33 0.000054 0.004064 600.000000 28.436020
33 0.000055 0.002755 700.000000 27.559055
33 0.000062 0.002153 800.000000 28.469751
34 0.000043 0.006327 100.000000 32.258064
34 0.000068 0.007819 200.000000 25.974026
34 0.000039 0.005299 300.000000 27.522936
34 0.000049 0.004106 400.000000 27.586206
34 0.000059 0.003931 500.000000 28.089888
34 0.000055 0.004094 600.000000 28.436020
34 0.000057 0.002685 700.000000 27.559055
34 0.000065 0.002208 800.000000 28.469751
35 0.000023 0.005665 100.000000 32.258064
35 0.000034 0.006596 200.000000 25.316456
35 0.000036 0.004949 300.000000 27.522936
35 0.000046 0.004066 400.000000 27.586206
35 0.000053 0.004074 500.000000 28.089888
35 0.000050 0.004317 600.000000 28.436020
35 0.000055 0.002770 700.000000 27.559055
35 0.000062 0.002175 800.000000 28.469751
36 0.000034 0.005219 100.000000 32.258064
36 0.000040 0.006191 200.000000 25.316456
36 0.000038 0.004789 300.000000 27.522936
36 0.000045 0.004106 400.000000 27.586206
36 0.000051 0.004186 500.000000 28.089888
36 0.000050 0.004408 600.000000 28.301888
36 0.000055 0.002669 700.000000 27.559055
36 0.000062 0.002138 800.000000 28.571428
37 0.000034 0.004737 100.000000 32.258064
37 0.000048 0.005849 200.000000 25.000000
37 0.000038 0.004607 300.000000 27.272728
37 0.000053 0.004225 400.000000 27.586206
37 0.000055 0.004244 500.000000 28.089888
37 0.000049 0.004514 600.000000 28.436020
37 0.000057 0.002713 700.000000 27.559055
37 0.000061 0.002179 800.000000 28.571428
38 0.000037 0.004078 100.000000 32.258064
38 0.000055 0.005173 200.000000 25.000000
38 0.000039 0.004458 300.000000 27.522936
38 0.000054 0.004331 400.000000 27.777779
38 0.000054 0.004444 500.000000 28.089888
38 0.000050 0.004681 600.000000 28.436020
38 0.000059 0.002686 700.000000 27.559055
38 0.000063 0.002090 800.000000 28.571428
39 0.000054 0.004750 100.000000 32.258064
39 0.000052 0.005774 200.000000 25.000000
39 0.000042 0.004509 300.000000 27.522936
39 0.000052 0.004287 400.000000 27.777779
39 0.000053 0.004418 500.000000 28.089888
39 0.000055 0.004715 600.000000 28.436020
39 0.000062 0.002695 700.000000 27.559055
39 0.000064 0.002402 800.000000 28.571428
40 0.000036 0.005131 100.000000 32.258064
40 0.000051 0.005930 200.000000 25.000000
40 0.000041 0.004632 300.000000 27.522936
40 0.000051 0.004323 400.000000 27.586206
40 0.000055 0.004318 500.000000 28.089888
40 0.000059 0.004617 600.000000 28.436020
40 0.000062 0.002642 700.000000 27.667984
40 0.000064 0.002496 800.000000 28.673836
41 0.000035 0.005605 100.000000 32.258064
41 0.000054 0.006168 200.000000 25.000000
41 0.000042 0.004619 300.000000 27.777779
41 0.000050 0.004370 400.000000 27.586206
41 0.000055 0.004463 500.000000 28.089888
41 0.000060 0.004904 600.000000 28.436020
41 0.000059 0.002760 700.000000 27.667984
41 0.000063 0.002581 800.000000 28.673836
42 0.000055 0.005637 100.000000 31.250000
42 0.000054 0.006218 200.000000 25.000000
42 0.000044 0.004613 300.000000 27.522936
42 0.000049 0.004319 400.000000 27.586206
42 0.000054 0.004270 500.000000 28.089888
42 0.000059 0.004642 600.000000 28.436020
42 0.000058 0.002529 700.000000 27.667984
42 0.000062 0.002670 800.000000 28.673836
43 0.000064 0.006167 100.000000 30.303030
43 0.000056 0.006414 200.000000 25.000000
43 0.000041 0.004639 300.000000 27.522936
43 0.000050 0.004386 400.000000 27.586206
43 0.000053 0.004417 500.000000 28.089888
43 0.000057 0.004888 600.000000 28.301888
43 0.000059 0.002638 700.000000 27.667984
43 0.000061 0.002769 800.000000 28.673836
44 0.000062 0.005771 100.000000 30.303030
44 0.000051 0.006210 200.000000 24.691359
44 0.000041 0.004599 300.000000 27.522936
44 0.000047 0.004349 400.000000 27.586206
44 0.000047 0.004299 500.000000 27.932961
44 0.000055 0.004713 600.000000 28.301888
44 0.000059 0.002420 700.000000 27.667984
44 0.000062 0.002742 800.000000 28.673836
45 0.000061 0.006406 100.000000 30.303030
45 0.000047 0.006500 200.000000 24.691359
45 0.000044 0.004593 300.000000 27.522936
45 0.000057 0.004245 400.000000 27.586206
45 0.000049 0.004235 500.000000 28.089888
45 0.000055 0.004744 600.000000 28.169014
45 0.000059 0.002459 700.000000 27.667984
45 0.000063 0.002910 800.000000 28.673836
46 0.000067 0.006677 100.000000 29.411764
46 0.000052 0.006284 200.000000 24.691359
46 0.000043 0.004350 300.000000 27.272728
46 0.000053 0.004308 400.000000 27.586206
46 0.000049 0.004347 500.000000 28.089888
46 0.000055 0.004911 600.000000 28.169014
46 0.000061 0.002623 700.000000 27.667984
46 0.000062 0.003014 800.000000 28.673836
47 0.000060 0.006599 100.000000 28.571428
47 0.000050 0.006035 200.000000 24.691359
47 0.000045 0.004345 300.000000 27.272728
47 0.000049 0.004380 400.000000 27.586206
47 0.000051 0.004426 500.000000 27.932961
47 0.000056 0.004897 600.000000 28.037384
47 0.000062 0.002517 700.000000 27.667984
47 0.000063 0.002988 800.000000 28.673836
48 0.000061 0.006944 100.000000 27.777779
48 0.000050 0.006120 200.000000 24.691359
48 0.000046 0.004267 300.000000 27.272728
48 0.000046 0.004432 400.000000 27.397261
48 0.000052 0.004511 500.000000 27.932961
48 0.000056 0.005029 600.000000 27.906977
48 0.000062 0.002627 700.000000 27.667984
48 0.000061 0.003097 800.000000 28.673836
49 0.000035 0.007566 100.000000 27.027027
49 0.000049 0.006356 200.000000 24.691359
49 0.000052 0.004432 300.000000 27.027027
49 0.000049 0.004741 400.000000 27.397261
49 0.000059 0.004904 500.000000 27.777779
49 0.000056 0.005391 600.000000 27.777779
49 0.000065 0.002786 700.000000 27.667984
49 0.000063 0.003160 800.000000 28.571428
50 0.000051 0.007835 100.000000 27.027027
50 0.000045 0.006429 200.000000 24.691359
50 0.000050 0.004464 300.000000 26.785715
50 0.000048 0.004620 400.000000 27.397261
50 0.000061 0.004825 500.000000 27.777779
50 0.000059 0.005240 600.000000 27.649769
50 0.000062 0.002855 700.000000 27.667984
50 0.000063 0.003263 800.000000 28.673836
51 0.000085 0.008335 100.000000 25.641026
51 0.000049 0.006520 200.000000 24.691359
51 0.000055 0.004374 300.000000 26.785715
51 0.000051 0.004755 400.000000 27.210884
51 0.000062 0.005108 500.000000 27.777779
51 0.000058 0.005450 600.000000 27.522936
51 0.000063 0.003184 700.000000 27.667984
51 0.000064 0.003541 800.000000 28.571428
52 0.000090 0.008781 100.000000 25.641026
52 0.000053 0.006356 200.000000 24.691359
52 0.000057 0.004398 300.000000 26.548672
52 0.000051 0.004710 400.000000 27.210884
52 0.000057 0.005104 500.000000 27.624310
52 0.000052 0.005141 600.000000 27.272728
52 0.000064 0.003241 700.000000 27.667984
52 0.000065 0.003671 800.000000 28.571428
53 0.000094 0.009473 100.000000 25.000000
53 0.000050 0.006351 200.000000 24.691359
53 0.000056 0.004375 300.000000 26.548672
53 0.000055 0.004824 400.000000 27.210884
53 0.000057 0.005319 500.000000 27.624310
53 0.000054 0.005229 600.000000 27.149321
53 0.000065 0.003432 700.000000 27.667984
53 0.000064 0.003805 800.000000 28.571428
54 0.000093 0.008345 100.000000 25.000000
54 0.000059 0.005777 200.000000 24.691359
54 0.000052 0.004657 300.000000 26.315790
54 0.000046 0.004994 400.000000 27.027027
54 0.000055 0.005342 500.000000 27.624310
54 0.000050 0.004877 600.000000 26.905830
54 0.000064 0.003252 700.000000 27.667984
54 0.000063 0.003743 800.000000 28.571428
55 0.000092 0.008956 100.000000 24.390244
55 0.000059 0.005659 200.000000 24.691359
55 0.000049 0.004781 300.000000 26.315790
55 0.000051 0.005038 400.000000 27.027027
55 0.000055 0.005483 500.000000 27.472527
55 0.000051 0.004769 600.000000 26.785715
55 0.000065 0.003302 700.000000 27.667984
55 0.000066 0.003850 800.000000 28.571428
56 0.000088 0.008995 100.000000 24.390244
56 0.000067 0.005423 200.000000 24.691359
56 0.000054 0.004831 300.000000 26.086956
56 0.000055 0.005199 400.000000 27.027027
56 0.000057 0.005709 500.000000 27.472527
56 0.000055 0.004878 600.000000 26.785715
56 0.000066 0.003406 700.000000 27.667984
56 0.000067 0.003924 800.000000 28.571428
57 0.000091 0.009691 100.000000 23.809525
57 0.000066 0.005392 200.000000 25.000000
57 0.000052 0.004664 300.000000 26.086956
57 0.000054 0.005081 400.000000 27.027027
57 0.000058 0.005580 500.000000 27.624310
57 0.000055 0.004709 600.000000 26.785715
57 0.000066 0.003528 700.000000 27.777779
57 0.000069 0.004146 800.000000 28.571428
58 0.000098 0.009643 100.000000 23.809525
58 0.000070 0.005430 200.000000 25.000000
58 0.000053 0.004807 300.000000 26.086956
58 0.000061 0.005298 400.000000 27.027027
58 0.000058 0.005823 500.000000 27.624310
58 0.000057 0.004878 600.000000 26.785715
58 0.000066 0.003624 700.000000 27.777779
58 0.000069 0.004194 800.000000 28.571428
59 0.000095 0.009191 100.000000 23.809525
59 0.000068 0.005356 200.000000 25.000000
59 0.000053 0.004858 300.000000 26.086956
59 0.000063 0.005323 400.000000 27.027027
59 0.000056 0.005869 500.000000 27.624310
59 0.000060 0.004775 600.000000 26.785715
59 0.000066 0.003450 700.000000 27.777779
59 0.000069 0.004114 800.000000 28.673836
60 0.000096 0.008161 100.000000 22.727272
60 0.000069 0.005148 200.000000 25.316456
60 0.000053 0.005163 300.000000 26.086956
60 0.000062 0.005630 400.000000 27.027027
60 0.000056 0.006112 500.000000 27.624310
60 0.000058 0.004801 600.000000 26.666666
60 0.000065 0.003272 700.000000 27.777779
60 0.000069 0.004038 800.000000 28.673836
61 0.000066 0.009624 100.000000 22.222221
61 0.000068 0.005175 200.000000 25.000000
61 0.000052 0.004992 300.000000 25.862068
61 0.000065 0.005555 400.000000 26.845638
61 0.000057 0.006059 500.000000 27.624310
61 0.000058 0.004722 600.000000 26.666666
61 0.000065 0.003541 700.000000 27.777779
61 0.000071 0.004321 800.000000 28.571428
62 0.000072 0.009418 100.000000 21.739130
62 0.000063 0.005177 200.000000 25.000000
62 0.000056 0.005053 300.000000 25.862068
62 0.000067 0.005603 400.000000 27.027027
62 0.000059 0.006149 500.000000 27.472527
62 0.000061 0.004628 600.000000 26.666666
62 0.000068 0.003562 700.000000 27.777779
62 0.000072 0.004384 800.000000 28.571428
63 0.000132 0.008942 100.000000 20.833334
63 0.000065 0.005536 200.000000 25.000000
63 0.000063 0.005565 300.000000 25.862068
63 0.000069 0.006117 400.000000 26.845638
63 0.000062 0.006590 500.000000 27.472527
63 0.000065 0.004783 600.000000 26.666666
63 0.000071 0.003442 700.000000 27.777779
63 0.000074 0.004266 800.000000 28.571428
64 0.000127 0.008828 100.000000 20.408163
64 0.000066 0.005512 200.000000 25.000000
64 0.000066 0.005725 300.000000 25.862068
64 0.000069 0.006336 400.000000 26.845638
64 0.000062 0.006900 500.000000 27.472527
64 0.000066 0.004885 600.000000 26.666666
64 0.000071 0.003566 700.000000 27.888447
64 0.000074 0.004362 800.000000 28.571428
65 0.000100 0.008155 100.000000 20.000000
65 0.000069 0.005406 200.000000 25.000000
65 0.000066 0.005751 300.000000 25.862068
65 0.000068 0.006402 400.000000 26.845638
65 0.000065 0.006960 500.000000 27.472527
65 0.000066 0.004810 600.000000 26.666666
65 0.000072 0.003736 700.000000 27.888447
65 0.000074 0.004503 800.000000 28.469751
66 0.000121 0.007186 100.000000 19.607843
66 0.000068 0.005647 200.000000 25.000000
66 0.000064 0.006089 300.000000 26.086956
66 0.000070 0.006827 400.000000 26.845638
66 0.000059 0.007340 500.000000 27.472527
66 0.000067 0.004935 600.000000 26.666666
66 0.000070 0.003491 700.000000 27.888447
66 0.000072 0.004320 800.000000 28.469751
67 0.000139 0.006757 100.000000 19.607843
67 0.000073 0.005776 200.000000 25.000000
67 0.000076 0.006652 300.000000 26.086956
67 0.000070 0.007217 400.000000 27.027027
67 0.000060 0.007756 500.000000 27.472527
67 0.000069 0.005059 600.000000 26.666666
67 0.000072 0.003351 700.000000 27.888447
67 0.000072 0.004213 800.000000 28.368793
68 0.000142 0.006564 100.000000 19.607843
68 0.000074 0.005840 200.000000 25.000000
68 0.000068 0.006764 300.000000 26.086956
68 0.000067 0.007283 400.000000 27.027027
68 0.000063 0.007826 500.000000 27.472527
68 0.000071 0.004951 600.000000 26.666666
68 0.000071 0.003339 700.000000 28.000000
68 0.000074 0.004293 800.000000 28.368793
69 0.000151 0.006448 100.000000 19.607843
69 0.000075 0.005870 200.000000 25.316456
69 0.000071 0.006983 300.000000 26.086956
69 0.000061 0.007568 400.000000 27.027027
69 0.000066 0.008065 500.000000 27.472527
69 0.000070 0.005086 600.000000 26.785715
69 0.000071 0.003335 700.000000 28.000000
69 0.000073 0.004249 800.000000 28.469751
70 0.000138 0.005859 100.000000 20.000000
70 0.000076 0.005922 200.000000 25.316456
70 0.000074 0.006912 300.000000 26.086956
70 0.000071 0.007364 400.000000 27.027027
70 0.000074 0.007900 500.000000 27.472527
70 0.000072 0.004715 600.000000 26.785715
70 0.000074 0.003438 700.000000 28.000000
70 0.000079 0.004488 800.000000 28.469751
71 0.000140 0.005622 100.000000 20.000000
71 0.000080 0.005931 200.000000 25.316456
71 0.000074 0.007021 300.000000 26.086956
71 0.000072 0.007413 400.000000 27.027027
71 0.000074 0.007879 500.000000 27.624310
71 0.000072 0.004656 600.000000 26.905830
71 0.000074 0.003360 700.000000 28.000000
71 0.000075 0.004389 800.000000 28.469751
72 0.000163 0.005010 100.000000 20.000000
72 0.000084 0.006439 200.000000 25.641026
72 0.000073 0.007829 300.000000 26.086956
72 0.000071 0.008105 400.000000 27.027027
72 0.000074 0.008486 500.000000 27.624310
72 0.000074 0.004785 600.000000 26.905830
72 0.000075 0.002914 700.000000 28.112450
72 0.000076 0.004063 800.000000 28.469751
73 0.000162 0.005462 100.000000 20.000000
73 0.000087 0.006575 200.000000 25.641026
73 0.000075 0.007774 300.000000 26.315790
73 0.000073 0.008136 400.000000 27.027027
73 0.000076 0.008506 500.000000 27.624310
73 0.000075 0.004776 600.000000 27.027027
73 0.000075 0.003034 700.000000 28.112450
73 0.000077 0.004137 800.000000 28.571428
74 0.000163 0.005296 100.000000 20.408163
74 0.000081 0.006758 200.000000 25.641026
74 0.000079 0.007804 300.000000 26.315790
74 0.000075 0.008013 400.000000 27.210884
74 0.000076 0.008434 500.000000 27.624310
74 0.000078 0.004545 600.000000 27.027027
74 0.000076 0.003026 700.000000 28.225807
74 0.000078 0.004308 800.000000 28.571428
75 0.000163 0.005362 100.000000 20.408163
75 0.000085 0.007011 200.000000 25.641026
75 0.000078 0.007989 300.000000 26.315790
75 0.000075 0.008105 400.000000 27.210884
75 0.000075 0.008511 500.000000 27.624310
75 0.000079 0.004353 600.000000 27.027027
75 0.000079 0.002787 700.000000 28.225807
75 0.000079 0.004278 800.000000 28.571428
76 0.000151 0.005317 100.000000 20.408163
76 0.000085 0.006845 200.000000 25.641026
76 0.000086 0.007749 300.000000 26.315790
76 0.000068 0.007875 400.000000 27.210884
76 0.000077 0.008258 500.000000 27.624310
76 0.000078 0.004141 600.000000 27.149321
76 0.000078 0.002848 700.000000 28.225807
76 0.000079 0.004342 800.000000 28.673836
77 0.000147 0.005518 100.000000 20.408163
77 0.000085 0.006822 200.000000 25.641026
77 0.000086 0.007664 300.000000 26.548672
77 0.000069 0.007782 400.000000 27.397261
77 0.000072 0.008222 500.000000 27.624310
77 0.000078 0.003996 600.000000 27.149321
77 0.000079 0.002909 700.000000 28.225807
77 0.000080 0.004461 800.000000 28.673836
78 0.000146 0.005423 100.000000 20.833334
78 0.000086 0.006693 200.000000 25.974026
78 0.000085 0.007672 300.000000 26.548672
78 0.000072 0.007669 400.000000 27.397261
78 0.000076 0.008068 500.000000 27.624310
78 0.000079 0.003895 600.000000 27.272728
78 0.000080 0.002983 700.000000 28.340080
78 0.000079 0.004639 800.000000 28.673836
79 0.000155 0.005284 100.000000 20.833334
79 0.000088 0.006675 200.000000 25.974026
79 0.000086 0.007630 300.000000 26.785715
79 0.000072 0.007723 400.000000 27.397261
79 0.000078 0.008076 500.000000 27.624310
79 0.000082 0.003812 600.000000 27.272728
79 0.000080 0.003072 700.000000 28.340080
79 0.000080 0.004676 800.000000 28.776978
80 0.000144 0.005361 100.000000 20.833334
80 0.000089 0.006520 200.000000 25.974026
80 0.000080 0.007495 300.000000 26.785715
80 0.000072 0.007533 400.000000 27.586206
80 0.000079 0.007918 500.000000 27.777779
80 0.000082 0.003835 600.000000 27.272728
80 0.000080 0.003351 700.000000 28.455284
80 0.000080 0.004954 800.000000 28.776978
81 0.000145 0.005362 100.000000 21.276596
81 0.000089 0.006606 200.000000 26.315790
81 0.000079 0.007601 300.000000 27.027027
81 0.000075 0.007688 400.000000 27.586206
81 0.000077 0.008060 500.000000 27.777779
81 0.000082 0.003858 600.000000 27.397261
81 0.000080 0.003276 700.000000 28.571428
81 0.000079 0.004906 800.000000 28.880867
82 0.000140 0.005426 100.000000 21.739130
82 0.000091 0.006340 200.000000 26.315790
82 0.000079 0.007138 300.000000 27.027027
82 0.000075 0.007018 400.000000 27.777779
82 0.000077 0.007359 500.000000 27.777779
82 0.000084 0.003253 600.000000 27.397261
82 0.000079 0.003253 700.000000 28.571428
82 0.000077 0.005120 800.000000 28.880867
83 0.000142 0.005606 100.000000 21.739130
83 0.000094 0.006432 200.000000 26.666666
83 0.000080 0.007614 300.000000 27.027027
83 0.000078 0.007767 400.000000 27.777779
83 0.000079 0.008243 500.000000 27.777779
83 0.000083 0.004288 600.000000 27.522936
83 0.000078 0.003965 700.000000 28.688524
83 0.000076 0.005371 800.000000 28.985508
84 0.000125 0.006043 100.000000 21.739130
84 0.000091 0.006176 200.000000 26.666666
84 0.000072 0.007230 300.000000 27.027027
84 0.000075 0.007211 400.000000 27.777779
84 0.000075 0.007596 500.000000 27.777779
84 0.000081 0.003657 600.000000 27.522936
84 0.000078 0.003679 700.000000 28.688524
84 0.000076 0.005359 800.000000 28.985508
85 0.000129 0.006009 100.000000 22.222221
85 0.000094 0.006578 200.000000 26.315790
85 0.000074 0.007640 300.000000 27.272728
85 0.000079 0.007835 400.000000 27.777779
85 0.000073 0.008221 500.000000 27.624310
85 0.000079 0.004202 600.000000 27.522936
85 0.000077 0.003989 700.000000 28.688524
85 0.000075 0.005518 800.000000 28.985508
86 0.000128 0.006325 100.000000 22.222221
86 0.000089 0.007319 200.000000 26.315790
86 0.000069 0.008351 300.000000 27.272728
86 0.000078 0.008513 400.000000 27.777779
86 0.000073 0.008763 500.000000 27.624310
86 0.000077 0.004228 600.000000 27.649769
86 0.000075 0.003626 700.000000 28.688524
86 0.000073 0.005245 800.000000 29.090910
87 0.000131 0.006792 100.000000 22.727272
87 0.000089 0.007596 200.000000 26.666666
87 0.000072 0.008570 300.000000 27.272728
87 0.000078 0.008610 400.000000 27.777779
87 0.000070 0.008588 500.000000 27.624310
87 0.000081 0.003770 600.000000 27.649769
87 0.000076 0.003122 700.000000 28.806585
87 0.000075 0.005125 800.000000 29.090910
88 0.000150 0.007598 100.000000 22.727272
88 0.000104 0.008688 200.000000 26.666666
88 0.000075 0.009729 300.000000 27.522936
88 0.000080 0.009779 400.000000 27.972029
88 0.000074 0.009711 500.000000 27.624310
88 0.000083 0.004269 600.000000 27.777779
88 0.000080 0.002803 700.000000 28.806585
88 0.000076 0.004822 800.000000 29.197081
89 0.000152 0.007545 100.000000 22.727272
89 0.000100 0.008715 200.000000 26.666666
89 0.000071 0.009652 300.000000 27.522936
89 0.000074 0.009695 400.000000 27.972029
89 0.000066 0.009498 500.000000 27.472527
89 0.000082 0.003980 600.000000 27.777779
89 0.000078 0.002686 700.000000 28.925619
89 0.000075 0.004909 800.000000 29.197081
90 0.000157 0.007524 100.000000 23.255814
90 0.000106 0.009117 200.000000 26.666666
90 0.000072 0.010122 300.000000 27.522936
90 0.000073 0.010145 400.000000 27.972029
90 0.000068 0.009764 500.000000 27.472527
90 0.000083 0.004300 600.000000 27.906977
90 0.000080 0.002903 700.000000 28.925619
90 0.000076 0.004936 800.000000 29.304029
91 0.000149 0.008256 100.000000 23.255814
91 0.000108 0.009445 200.000000 26.666666
91 0.000077 0.010396 300.000000 27.522936
91 0.000074 0.010389 400.000000 27.972029
91 0.000071 0.009782 500.000000 27.322405
91 0.000085 0.004192 600.000000 27.906977
91 0.000080 0.002861 700.000000 28.925619
91 0.000074 0.004975 800.000000 29.304029
92 0.000149 0.008140 100.000000 23.809525
92 0.000105 0.009702 200.000000 26.666666
92 0.000077 0.010426 300.000000 27.522936
92 0.000075 0.010374 400.000000 27.972029
92 0.000064 0.009236 500.000000 27.173914
92 0.000085 0.004105 600.000000 28.037384
92 0.000081 0.002950 700.000000 28.925619
92 0.000076 0.005105 800.000000 29.304029
93 0.000178 0.008428 100.000000 23.809525
93 0.000101 0.010249 200.000000 26.666666
93 0.000071 0.010793 300.000000 27.522936
93 0.000075 0.010565 400.000000 28.169014
93 0.000070 0.009446 500.000000 27.173914
93 0.000086 0.003931 600.000000 28.037384
93 0.000081 0.002679 700.000000 29.045643
93 0.000076 0.004985 800.000000 29.411764
94 0.000181 0.008585 100.000000 24.390244
94 0.000093 0.010960 200.000000 26.666666
94 0.000077 0.011320 300.000000 27.522936
94 0.000075 0.011078 400.000000 28.169014
94 0.000070 0.009813 500.000000 27.173914
94 0.000086 0.004178 600.000000 28.169014
94 0.000083 0.002712 700.000000 29.045643
94 0.000076 0.005059 800.000000 29.411764
95 0.000182 0.008695 100.000000 24.390244
95 0.000099 0.010841 200.000000 26.666666
95 0.000078 0.011243 300.000000 27.777779
95 0.000076 0.011181 400.000000 28.169014
95 0.000074 0.009737 500.000000 27.173914
95 0.000087 0.004259 600.000000 28.169014
95 0.000083 0.003044 700.000000 29.166666
95 0.000077 0.005323 800.000000 29.411764
96 0.000188 0.008611 100.000000 24.390244
96 0.000092 0.010837 200.000000 26.666666
96 0.000077 0.011180 300.000000 27.777779
96 0.000073 0.011138 400.000000 28.169014
96 0.000076 0.009534 500.000000 27.173914
96 0.000084 0.004189 600.000000 28.169014
96 0.000082 0.003150 700.000000 29.166666
96 0.000076 0.005358 800.000000 29.520296
97 0.000193 0.008856 100.000000 25.000000
97 0.000093 0.011217 200.000000 26.666666
97 0.000078 0.011588 300.000000 27.777779
97 0.000074 0.011440 400.000000 28.368793
97 0.000078 0.009624 500.000000 27.173914
97 0.000085 0.004354 600.000000 28.301888
97 0.000084 0.003256 700.000000 29.166666
97 0.000076 0.005464 800.000000 29.520296
98 0.000194 0.009035 100.000000 25.000000
98 0.000094 0.010952 200.000000 26.666666
98 0.000088 0.011197 300.000000 27.777779
98 0.000077 0.011036 400.000000 28.368793
98 0.000080 0.009030 500.000000 27.173914
98 0.000087 0.004119 600.000000 28.301888
98 0.000085 0.003386 700.000000 29.288702
98 0.000077 0.005568 800.000000 29.629629
99 0.000199 0.009688 100.000000 25.641026
99 0.000096 0.011532 200.000000 27.027027
99 0.000089 0.011729 300.000000 28.037384
99 0.000075 0.011680 400.000000 28.368793
99 0.000086 0.009374 500.000000 27.173914
99 0.000088 0.004067 600.000000 28.301888
99 0.000087 0.003219 700.000000 29.288702
99 0.000078 0.005535 800.000000 29.629629
100 0.000196 0.010330 100.000000 25.641026
100 0.000099 0.011683 200.000000 27.027027
100 0.000094 0.011792 300.000000 28.037384
100 0.000074 0.011740 400.000000 28.571428
100 0.000085 0.009443 500.000000 27.322405
100 0.000087 0.004046 600.000000 28.436020
100 0.000086 0.003140 700.000000 29.411764
100 0.000077 0.005502 800.000000 29.739777
101 0.000203 0.011369 100.000000 26.315790
101 0.000102 0.012798 200.000000 27.027027
101 0.000096 0.012705 300.000000 28.037384
101 0.000077 0.012583 400.000000 28.571428
101 0.000083 0.010055 500.000000 27.322405
101 0.000088 0.004217 600.000000 28.571428
101 0.000087 0.002853 700.000000 29.411764
101 0.000078 0.005388 800.000000 29.739777
102 0.000209 0.012324 100.000000 27.027027
102 0.000104 0.013607 200.000000 27.397261
102 0.000097 0.013440 300.000000 28.301888
102 0.000078 0.013278 400.000000 28.776978
102 0.000085 0.010523 500.000000 27.322405
102 0.000089 0.004314 600.000000 28.571428
102 0.000088 0.002551 700.000000 29.535866
102 0.000078 0.005204 800.000000 29.850746
103 0.000196 0.011886 100.000000 27.027027
103 0.000097 0.012576 200.000000 27.397261
103 0.000097 0.012361 300.000000 28.301888
103 0.000074 0.012120 400.000000 28.776978
103 0.000082 0.009458 500.000000 27.472527
103 0.000086 0.003652 600.000000 28.708134
103 0.000087 0.002721 700.000000 29.535866
103 0.000077 0.005468 800.000000 29.850746
104 0.000180 0.011219 100.000000 27.027027
104 0.000096 0.011611 200.000000 27.777779
104 0.000097 0.011466 300.000000 28.571428
104 0.000075 0.011265 400.000000 28.985508
104 0.000082 0.008514 500.000000 27.472527
104 0.000086 0.003373 600.000000 28.708134
104 0.000087 0.003157 700.000000 29.661016
104 0.000078 0.005874 800.000000 29.850746
105 0.000155 0.008330 100.000000 27.777779
105 0.000084 0.009273 200.000000 27.777779
105 0.000088 0.009282 300.000000 28.571428
105 0.000070 0.009131 400.000000 28.985508
105 0.000077 0.006630 500.000000 27.624310
105 0.000082 0.003163 600.000000 28.846153
105 0.000085 0.004151 700.000000 29.661016
105 0.000075 0.006396 800.000000 29.962547
106 0.000142 0.007826 100.000000 27.777779
106 0.000084 0.008997 200.000000 28.169014
106 0.000089 0.009311 300.000000 28.846153
106 0.000071 0.009358 400.000000 29.197081
106 0.000076 0.006872 500.000000 27.624310
106 0.000081 0.004618 600.000000 28.846153
106 0.000083 0.005223 700.000000 29.787233
106 0.000074 0.006854 800.000000 30.075188
107 0.000138 0.008325 100.000000 28.571428
107 0.000086 0.008628 200.000000 28.169014
107 0.000086 0.008481 300.000000 29.126213
107 0.000070 0.008284 400.000000 29.197081
107 0.000078 0.005657 500.000000 27.777779
107 0.000083 0.002265 600.000000 28.985508
107 0.000084 0.004010 700.000000 29.787233
107 0.000075 0.006366 800.000000 30.188679
108 0.000118 0.005958 100.000000 29.411764
108 0.000076 0.006815 200.000000 28.571428
108 0.000084 0.006941 300.000000 29.126213
108 0.000068 0.006906 400.000000 29.411764
108 0.000073 0.004666 500.000000 27.932961
108 0.000079 0.003509 600.000000 29.126213
108 0.000083 0.005222 700.000000 29.787233
108 0.000074 0.006941 800.000000 30.188679
109 0.000110 0.008706 100.000000 29.411764
109 0.000079 0.007610 200.000000 28.985508
109 0.000084 0.007213 300.000000 29.411764
109 0.000070 0.006734 400.000000 29.411764
109 0.000082 0.004430 500.000000 27.932961
109 0.000083 0.000451 600.000000 29.268293
109 0.000085 0.004010 700.000000 29.914530
109 0.000076 0.006464 800.000000 30.303030
110 0.000121 0.011190 100.000000 30.303030
110 0.000093 0.009879 200.000000 28.985508
110 0.000088 0.009364 300.000000 29.411764
110 0.000073 0.008728 400.000000 29.629629
110 0.000087 0.006677 500.000000 28.089888
110 0.000088 0.001813 600.000000 29.268293
110 0.000087 0.003792 700.000000 29.914530
110 0.000078 0.006425 800.000000 30.303030
111 0.000107 0.009674 100.000000 31.250000
111 0.000083 0.008399 200.000000 29.411764
111 0.000081 0.007899 300.000000 29.702971
111 0.000068 0.007427 400.000000 29.629629
111 0.000084 0.005271 500.000000 28.089888
111 0.000085 0.001401 600.000000 29.411764
111 0.000084 0.004115 700.000000 30.042919
111 0.000076 0.006593 800.000000 30.418251
112 0.000094 0.009122 100.000000 31.250000
112 0.000081 0.007611 200.000000 29.411764
112 0.000076 0.007128 300.000000 29.702971
112 0.000065 0.006546 400.000000 29.850746
112 0.000082 0.004715 500.000000 28.248587
112 0.000083 0.001891 600.000000 29.411764
112 0.000083 0.004464 700.000000 30.172413
112 0.000075 0.006747 800.000000 30.534351
113 0.000050 0.001231 100.000000 31.250000
113 0.000061 0.001325 200.000000 29.850746
113 0.000071 0.001805 300.000000 29.702971
113 0.000068 0.002358 400.000000 29.850746
113 0.000070 0.003000 500.000000 28.248587
113 0.000076 0.005170 600.000000 29.556650
113 0.000078 0.006733 700.000000 30.172413
113 0.000071 0.007819 800.000000 30.534351
114 0.000051 0.001114 100.000000 32.258064
114 0.000052 0.002877 200.000000 29.850746
114 0.000067 0.003387 300.000000 30.000000
114 0.000061 0.004055 400.000000 29.850746
114 0.000065 0.004532 500.000000 28.409090
114 0.000073 0.006144 600.000000 29.702971
114 0.000075 0.007329 700.000000 30.172413
114 0.000069 0.008068 800.000000 30.651340
115 0.000061 0.002890 100.000000 32.258064
115 0.000060 0.004821 200.000000 30.303030
115 0.000084 0.005528 300.000000 30.000000
115 0.000066 0.006063 400.000000 30.075188
115 0.000069 0.006177 500.000000 28.409090
115 0.000073 0.007233 600.000000 29.702971
115 0.000076 0.007924 700.000000 30.172413
115 0.000070 0.008372 800.000000 30.651340
116 0.000059 0.004685 100.000000 32.258064
116 0.000086 0.005612 200.000000 30.303030
116 0.000089 0.006412 300.000000 30.303030
116 0.000071 0.006996 400.000000 30.075188
116 0.000073 0.007253 500.000000 28.409090
116 0.000078 0.007895 600.000000 29.702971
116 0.000079 0.008298 700.000000 30.172413
116 0.000072 0.008582 800.000000 30.651340
117 0.000065 0.005472 100.000000 33.333332
117 0.000082 0.006457 200.000000 30.303030
117 0.000088 0.007377 300.000000 30.303030
117 0.000077 0.007964 400.000000 30.075188
117 0.000073 0.007977 500.000000 28.571428
117 0.000078 0.008342 600.000000 29.850746
117 0.000077 0.008569 700.000000 30.172413
117 0.000072 0.008682 800.000000 30.769230
118 0.000064 0.005116 100.000000 33.333332
118 0.000086 0.005945 200.000000 30.303030
118 0.000085 0.006783 300.000000 30.303030
118 0.000083 0.007420 400.000000 30.075188
118 0.000079 0.007687 500.000000 28.571428
118 0.000079 0.008156 600.000000 29.850746
118 0.000082 0.008474 700.000000 30.172413
118 0.000072 0.008688 800.000000 30.651340
119 0.000066 0.005002 100.000000 33.333332
119 0.000085 0.005891 200.000000 30.303030
119 0.000088 0.006891 300.000000 30.303030
119 0.000087 0.007450 400.000000 30.075188
119 0.000075 0.007753 500.000000 28.571428
119 0.000079 0.008218 600.000000 29.850746
119 0.000085 0.008550 700.000000 30.172413
119 0.000073 0.008692 800.000000 30.769230
120 0.000077 0.005956 100.000000 33.333332
120 0.000084 0.006606 200.000000 30.303030
120 0.000089 0.007581 300.000000 30.303030
120 0.000086 0.008031 400.000000 30.303030
120 0.000074 0.008117 500.000000 28.735632
120 0.000077 0.008532 600.000000 29.850746
120 0.000079 0.008586 700.000000 30.172413
120 0.000073 0.008768 800.000000 30.769230
121 0.000074 0.006716 100.000000 33.333332
121 0.000083 0.007383 200.000000 30.303030
121 0.000083 0.008443 300.000000 30.303030
121 0.000083 0.008910 400.000000 30.075188
121 0.000071 0.008793 500.000000 28.735632
121 0.000074 0.008895 600.000000 30.000000
121 0.000077 0.008749 700.000000 30.172413
121 0.000071 0.008803 800.000000 30.769230
122 0.000078 0.006956 100.000000 33.333332
122 0.000083 0.007770 200.000000 30.303030
122 0.000082 0.008862 300.000000 30.000000
122 0.000078 0.009213 400.000000 30.075188
122 0.000071 0.008997 500.000000 28.735632
122 0.000072 0.009063 600.000000 30.000000
122 0.000076 0.008894 700.000000 30.172413
122 0.000071 0.008779 800.000000 30.769230
123 0.000081 0.006708 100.000000 33.333332
123 0.000083 0.007397 200.000000 30.303030
123 0.000077 0.008415 300.000000 30.000000
123 0.000079 0.008659 400.000000 30.075188
123 0.000073 0.008724 500.000000 28.735632
123 0.000077 0.008898 600.000000 30.000000
123 0.000078 0.008834 700.000000 30.172413
123 0.000070 0.008761 800.000000 30.769230
124 0.000084 0.006186 100.000000 33.333332
124 0.000103 0.007088 200.000000 30.303030
124 0.000077 0.007687 300.000000 30.303030
124 0.000083 0.008009 400.000000 30.075188
124 0.000074 0.008247 500.000000 28.735632
124 0.000078 0.008643 600.000000 30.000000
124 0.000079 0.008686 700.000000 30.172413
124 0.000071 0.008689 800.000000 30.888031
125 0.000077 0.006358 100.000000 32.258064
125 0.000096 0.006523 200.000000 30.303030
125 0.000077 0.007288 300.000000 30.303030
125 0.000078 0.007565 400.000000 29.850746
125 0.000077 0.008030 500.000000 28.735632
125 0.000078 0.008467 600.000000 30.000000
125 0.000078 0.008640 700.000000 30.172413
125 0.000071 0.008680 800.000000 30.888031
126 0.000080 0.007082 100.000000 32.258064
126 0.000088 0.007252 200.000000 30.303030
126 0.000076 0.007965 300.000000 30.303030
126 0.000079 0.008221 400.000000 29.850746
126 0.000076 0.008464 500.000000 28.901733
126 0.000076 0.008759 600.000000 30.000000
126 0.000077 0.008828 700.000000 30.172413
126 0.000070 0.008699 800.000000 30.888031
127 0.000080 0.006390 100.000000 32.258064
127 0.000085 0.006426 200.000000 30.303030
127 0.000080 0.007312 300.000000 30.000000
127 0.000078 0.007356 400.000000 29.629629
127 0.000079 0.007994 500.000000 28.735632
127 0.000075 0.008448 600.000000 30.000000
127 0.000074 0.008766 700.000000 30.172413
127 0.000071 0.008629 800.000000 30.888031
128 0.000080 0.006342 100.000000 32.258064
128 0.000077 0.006362 200.000000 29.850746
128 0.000079 0.007097 300.000000 30.000000
128 0.000076 0.007040 400.000000 29.411764
128 0.000079 0.007873 500.000000 28.735632
128 0.000076 0.008370 600.000000 30.000000
128 0.000075 0.008748 700.000000 30.172413
128 0.000070 0.008574 800.000000 30.888031
129 0.000073 0.005414 100.000000 31.250000
129 0.000070 0.005437 200.000000 29.850746
129 0.000085 0.006030 300.000000 29.702971
129 0.000071 0.005942 400.000000 29.197081
129 0.000075 0.007074 500.000000 28.735632
129 0.000075 0.007922 600.000000 30.000000
129 0.000073 0.008579 700.000000 30.172413
129 0.000070 0.008546 800.000000 30.888031
130 0.000087 0.004794 100.000000 30.303030
130 0.000072 0.004614 200.000000 29.850746
130 0.000086 0.005160 300.000000 29.702971
130 0.000071 0.005464 400.000000 28.776978
130 0.000079 0.006657 500.000000 28.735632
130 0.000077 0.007791 600.000000 29.850746
130 0.000075 0.008491 700.000000 30.172413
130 0.000070 0.008517 800.000000 30.769230
131 0.000069 0.004564 100.000000 30.303030
131 0.000065 0.004621 200.000000 29.850746
131 0.000075 0.005097 300.000000 29.702971
131 0.000061 0.005259 400.000000 28.571428
131 0.000076 0.006657 500.000000 28.735632
131 0.000075 0.007709 600.000000 30.000000
131 0.000073 0.008492 700.000000 30.172413
131 0.000066 0.008473 800.000000 30.769230
132 0.000071 0.004470 100.000000 29.411764
132 0.000071 0.004465 200.000000 29.411764
132 0.000071 0.005043 300.000000 29.702971
132 0.000061 0.005375 400.000000 28.368793
132 0.000078 0.006837 500.000000 28.735632
132 0.000075 0.007853 600.000000 29.850746
132 0.000069 0.008513 700.000000 30.172413
132 0.000066 0.008465 800.000000 30.651340
133 0.000083 0.003077 100.000000 29.411764
133 0.000074 0.003468 200.000000 29.411764
133 0.000074 0.004081 300.000000 29.411764
133 0.000062 0.004647 400.000000 27.972029
133 0.000082 0.006355 500.000000 28.735632
133 0.000077 0.007614 600.000000 29.850746
133 0.000073 0.008450 700.000000 30.172413
133 0.000070 0.008520 800.000000 30.651340
134 0.000064 0.003824 100.000000 28.571428
134 0.000067 0.005095 200.000000 28.985508
134 0.000070 0.005826 300.000000 29.411764
134 0.000058 0.006308 400.000000 27.777779
134 0.000078 0.007446 500.000000 28.735632
134 0.000076 0.008215 600.000000 29.850746
134 0.000070 0.008691 700.000000 30.172413
134 0.000067 0.008569 800.000000 30.418251
135 0.000077 0.004246 100.000000 27.777779
135 0.000076 0.005386 200.000000 28.985508
135 0.000071 0.006112 300.000000 29.411764
135 0.000064 0.006534 400.000000 27.586206
135 0.000078 0.007603 500.000000 28.735632
135 0.000077 0.008315 600.000000 29.850746
135 0.000072 0.008763 700.000000 30.172413
135 0.000068 0.008600 800.000000 30.188679
136 0.000061 0.005005 100.000000 27.777779
136 0.000067 0.006042 200.000000 28.985508
136 0.000068 0.006804 300.000000 29.411764
136 0.000061 0.007232 400.000000 27.586206
136 0.000075 0.007917 500.000000 28.901733
136 0.000077 0.008566 600.000000 29.850746
136 0.000069 0.008852 700.000000 30.172413
136 0.000065 0.008545 800.000000 30.188679
137 0.000067 0.005607 100.000000 27.027027
137 0.000089 0.006651 200.000000 28.571428
137 0.000069 0.007015 300.000000 29.126213
137 0.000071 0.007588 400.000000 27.397261
137 0.000077 0.008074 500.000000 28.735632
137 0.000079 0.008637 600.000000 29.850746
137 0.000071 0.008924 700.000000 30.172413
137 0.000066 0.008594 800.000000 30.075188
138 0.000070 0.005267 100.000000 27.027027
138 0.000093 0.006395 200.000000 28.571428
138 0.000073 0.006839 300.000000 29.126213
138 0.000068 0.007427 400.000000 27.210884
138 0.000078 0.007992 500.000000 28.735632
138 0.000081 0.008658 600.000000 29.850746
138 0.000072 0.008947 700.000000 30.172413
138 0.000064 0.008511 800.000000 29.962547
139 0.000066 0.005619 100.000000 27.027027
139 0.000104 0.006460 200.000000 28.571428
139 0.000074 0.006905 300.000000 29.126213
139 0.000070 0.007453 400.000000 27.210884
139 0.000078 0.007950 500.000000 28.901733
139 0.000082 0.008656 600.000000 29.850746
139 0.000072 0.008986 700.000000 30.172413
139 0.000063 0.008551 800.000000 29.962547
140 0.000070 0.005165 100.000000 27.027027
140 0.000106 0.005880 200.000000 28.571428
140 0.000077 0.006194 300.000000 29.126213
140 0.000077 0.006971 400.000000 27.210884
140 0.000082 0.007562 500.000000 28.901733
140 0.000086 0.008472 600.000000 29.850746
140 0.000078 0.009035 700.000000 30.172413
140 0.000065 0.008656 800.000000 29.962547
141 0.000083 0.004978 100.000000 27.027027
141 0.000107 0.005326 200.000000 28.571428
141 0.000080 0.005585 300.000000 29.126213
141 0.000081 0.006347 400.000000 27.210884
141 0.000084 0.007405 500.000000 28.901733
141 0.000089 0.008538 600.000000 29.702971
141 0.000079 0.009042 700.000000 30.172413
141 0.000065 0.008700 800.000000 29.962547
142 0.000111 0.004517 100.000000 27.027027
142 0.000111 0.004763 200.000000 28.169014
142 0.000087 0.004859 300.000000 28.846153
142 0.000088 0.005880 400.000000 27.210884
142 0.000092 0.007071 500.000000 28.901733
142 0.000092 0.008357 600.000000 29.702971
142 0.000082 0.009088 700.000000 30.172413
142 0.000068 0.008888 800.000000 29.850746
143 0.000117 0.004357 100.000000 27.027027
143 0.000110 0.004399 200.000000 28.169014
143 0.000094 0.004576 300.000000 28.846153
143 0.000089 0.005825 400.000000 27.210884
143 0.000093 0.007087 500.000000 28.901733
143 0.000093 0.008318 600.000000 29.702971
143 0.000083 0.009097 700.000000 30.172413
143 0.000065 0.008898 800.000000 29.850746
144 0.000100 0.004945 100.000000 27.027027
144 0.000104 0.004967 200.000000 28.571428
144 0.000083 0.005211 300.000000 28.846153
144 0.000086 0.006269 400.000000 27.397261
144 0.000089 0.007423 500.000000 28.901733
144 0.000089 0.008470 600.000000 29.556650
144 0.000081 0.009143 700.000000 30.172413
144 0.000063 0.008846 800.000000 29.739777
145 0.000142 0.004360 100.000000 27.027027
145 0.000117 0.004703 200.000000 28.571428
145 0.000082 0.004675 300.000000 29.126213
145 0.000090 0.005894 400.000000 27.397261
145 0.000089 0.007208 500.000000 29.069767
145 0.000091 0.008408 600.000000 29.556650
145 0.000081 0.009149 700.000000 30.303030
145 0.000063 0.008950 800.000000 29.739777
146 0.000121 0.004625 100.000000 27.027027
146 0.000108 0.005311 200.000000 28.571428
146 0.000088 0.005510 300.000000 28.846153
146 0.000088 0.006567 400.000000 27.397261
146 0.000090 0.007644 500.000000 29.069767
146 0.000086 0.008552 600.000000 29.556650
146 0.000078 0.009198 700.000000 30.172413
146 0.000059 0.008825 800.000000 29.520296
147 0.000113 0.004720 100.000000 26.315790
147 0.000103 0.005522 200.000000 28.169014
147 0.000094 0.005720 300.000000 28.846153
147 0.000093 0.006829 400.000000 27.397261
147 0.000090 0.007778 500.000000 29.069767
147 0.000093 0.008707 600.000000 29.411764
147 0.000078 0.009214 700.000000 30.172413
147 0.000059 0.008806 800.000000 29.411764
148 0.000121 0.004926 100.000000 26.315790
148 0.000110 0.005561 200.000000 28.169014
148 0.000101 0.005571 300.000000 28.846153
148 0.000091 0.006801 400.000000 27.397261
148 0.000090 0.007753 500.000000 29.069767
148 0.000089 0.008613 600.000000 29.411764
148 0.000080 0.009314 700.000000 30.172413
148 0.000061 0.008950 800.000000 29.411764
149 0.000104 0.005135 100.000000 26.315790
149 0.000097 0.006116 200.000000 28.169014
149 0.000093 0.006210 300.000000 28.846153
149 0.000085 0.007254 400.000000 27.397261
149 0.000085 0.008074 500.000000 29.069767
149 0.000085 0.008631 600.000000 29.411764
149 0.000077 0.009218 700.000000 30.303030
150 0.000104 0.005364 100.000000 26.315790
150 0.000095 0.006404 200.000000 28.169014
150 0.000093 0.006441 300.000000 28.846153
150 0.000084 0.007380 400.000000 27.586206
150 0.000083 0.008271 500.000000 29.069767
150 0.000085 0.008659 600.000000 29.556650
150 0.000076 0.009201 700.000000 30.303030
151 0.000103 0.004137 100.000000 26.315790
151 0.000100 0.004978 200.000000 28.169014
151 0.000091 0.004898 300.000000 28.846153
151 0.000091 0.006445 400.000000 27.586206
151 0.000089 0.007800 500.000000 29.069767
151 0.000088 0.008632 600.000000 29.556650
151 0.000079 0.009287 700.000000 30.303030
152 0.000097 0.004365 100.000000 27.027027
152 0.000082 0.005392 200.000000 28.169014
152 0.000092 0.005133 300.000000 28.571428
152 0.000090 0.006676 400.000000 27.586206
152 0.000088 0.007941 500.000000 29.069767
152 0.000087 0.008702 600.000000 29.556650
152 0.000076 0.009298 700.000000 30.303030
153 0.000132 0.005244 100.000000 27.027027
153 0.000079 0.005651 200.000000 28.571428
153 0.000081 0.005425 300.000000 28.571428
153 0.000089 0.006909 400.000000 27.586206
153 0.000087 0.008086 500.000000 29.069767
153 0.000087 0.008754 600.000000 29.556650
153 0.000075 0.009240 700.000000 30.434782
154 0.000123 0.005158 100.000000 27.027027
154 0.000082 0.005773 200.000000 28.571428
154 0.000085 0.005580 300.000000 28.571428
154 0.000088 0.006956 400.000000 27.777779
154 0.000087 0.008101 500.000000 29.239765
154 0.000085 0.008831 600.000000 29.556650
154 0.000075 0.009240 700.000000 30.434782
155 0.000106 0.005252 100.000000 27.027027
155 0.000080 0.005766 200.000000 28.571428
155 0.000087 0.005627 300.000000 28.571428
155 0.000091 0.007130 400.000000 27.777779
155 0.000086 0.008188 500.000000 29.239765
155 0.000085 0.008798 600.000000 29.702971
155 0.000075 0.009227 700.000000 30.434782
156 0.000102 0.005262 100.000000 27.027027
156 0.000084 0.005928 200.000000 28.571428
156 0.000084 0.005729 300.000000 28.301888
156 0.000091 0.007119 400.000000 27.777779
156 0.000084 0.008242 500.000000 29.239765
156 0.000085 0.008878 600.000000 29.702971
156 0.000075 0.009220 700.000000 30.434782
157 0.000092 0.005402 100.000000 27.027027
157 0.000084 0.006300 200.000000 28.169014
157 0.000081 0.005985 300.000000 28.301888
157 0.000091 0.007414 400.000000 27.777779
157 0.000082 0.008286 500.000000 29.411764
157 0.000079 0.009024 600.000000 29.702971
157 0.000073 0.009089 700.000000 30.434782
158 0.000083 0.005608 100.000000 27.027027
158 0.000081 0.006463 200.000000 28.571428
158 0.000073 0.006223 300.000000 28.037384
158 0.000089 0.007574 400.000000 27.777779
158 0.000081 0.008354 500.000000 29.411764
158 0.000079 0.009048 600.000000 29.702971
158 0.000072 0.009021 700.000000 30.567686
159 0.000088 0.005752 100.000000 27.777779
159 0.000091 0.006831 200.000000 28.571428
159 0.000073 0.006572 300.000000 28.301888
159 0.000088 0.007801 400.000000 27.972029
159 0.000080 0.008514 500.000000 29.411764
159 0.000078 0.009034 600.000000 29.850746
159 0.000072 0.008936 700.000000 30.567686
160 0.000082 0.006055 100.000000 27.777779
160 0.000096 0.006876 200.000000 28.571428
160 0.000073 0.006636 300.000000 28.301888
160 0.000084 0.007812 400.000000 27.972029
160 0.000080 0.008487 500.000000 29.585798
160 0.000077 0.009097 600.000000 29.850746
160 0.000072 0.008945 700.000000 30.567686
161 0.000078 0.005346 100.000000 27.777779
161 0.000096 0.005950 200.000000 28.571428
161 0.000070 0.006150 300.000000 28.037384
161 0.000086 0.007447 400.000000 27.972029
161 0.000079 0.008395 500.000000 29.585798
161 0.000078 0.009143 600.000000 29.850746
161 0.000072 0.009024 700.000000 30.567686
162 0.000078 0.006517 100.000000 27.777779
162 0.000091 0.007091 200.000000 28.985508
162 0.000067 0.007508 300.000000 28.037384
162 0.000081 0.008078 400.000000 28.169014
162 0.000078 0.008736 500.000000 29.585798
162 0.000075 0.009101 600.000000 30.000000
162 0.000067 0.008760 700.000000 30.567686
163 0.000084 0.006314 100.000000 27.777779
163 0.000085 0.007062 200.000000 28.985508
163 0.000061 0.007404 300.000000 27.777779
163 0.000083 0.008107 400.000000 28.169014
163 0.000080 0.008738 500.000000 29.585798
163 0.000076 0.009142 600.000000 30.000000
163 0.000067 0.008786 700.000000 30.567686
164 0.000081 0.006418 100.000000 28.571428
164 0.000078 0.007308 200.000000 28.985508
164 0.000060 0.007784 300.000000 27.522936
164 0.000081 0.008202 400.000000 28.368793
164 0.000078 0.008778 500.000000 29.761906
164 0.000070 0.009175 600.000000 30.000000
164 0.000066 0.008736 700.000000 30.701754
165 0.000093 0.006490 100.000000 28.571428
165 0.000079 0.007440 200.000000 28.985508
165 0.000055 0.008081 300.000000 27.272728
165 0.000083 0.008373 400.000000 28.368793
165 0.000078 0.008855 500.000000 29.761906
165 0.000070 0.009126 600.000000 30.150753
165 0.000067 0.008703 700.000000 30.701754
166 0.000081 0.005318 100.000000 28.571428
166 0.000074 0.006009 200.000000 28.985508
166 0.000059 0.006778 300.000000 27.272728
166 0.000085 0.007808 400.000000 28.368793
166 0.000078 0.008716 500.000000 29.761906
166 0.000073 0.009266 600.000000 30.150753
166 0.000068 0.009060 700.000000 30.567686
167 0.000061 0.004594 100.000000 28.571428
167 0.000076 0.005143 200.000000 28.985508
167 0.000065 0.005800 300.000000 27.027027
167 0.000088 0.007303 400.000000 28.571428
167 0.000084 0.008682 500.000000 29.761906
167 0.000075 0.009450 600.000000 30.150753
167 0.000070 0.009336 700.000000 30.567686
168 0.000073 0.003484 100.000000 28.571428
168 0.000075 0.003677 200.000000 28.985508
168 0.000072 0.004234 300.000000 27.027027
168 0.000092 0.006751 400.000000 28.571428
168 0.000086 0.008493 500.000000 29.940121
168 0.000076 0.009587 600.000000 30.303030
168 0.000070 0.009813 700.000000 30.434782
169 0.000079 0.003703 100.000000 28.571428
169 0.000071 0.003954 200.000000 29.411764
169 0.000077 0.004668 300.000000 27.027027
169 0.000090 0.006814 400.000000 28.776978
169 0.000084 0.008566 500.000000 29.940121
169 0.000077 0.009638 600.000000 30.303030
169 0.000069 0.009765 700.000000 30.434782
170 0.000075 0.003438 100.000000 28.571428
170 0.000073 0.003645 200.000000 29.411764
170 0.000081 0.004571 300.000000 27.027027
170 0.000091 0.006701 400.000000 28.776978
170 0.000088 0.008664 500.000000 29.940121
170 0.000078 0.009677 600.000000 30.456852
170 0.000070 0.009957 700.000000 30.434782
171 0.000082 0.003322 100.000000 29.411764
171 0.000075 0.003771 200.000000 29.411764
171 0.000085 0.004683 300.000000 27.027027
171 0.000092 0.006842 400.000000 28.776978
171 0.000089 0.008660 500.000000 30.120481
171 0.000078 0.009739 600.000000 30.456852
171 0.000070 0.009904 700.000000 30.434782
172 0.000118 0.003649 100.000000 29.411764
172 0.000077 0.003849 200.000000 29.411764
172 0.000093 0.004962 300.000000 27.027027
172 0.000095 0.006926 400.000000 28.776978
172 0.000091 0.008747 500.000000 30.120481
172 0.000080 0.009864 600.000000 30.456852
172 0.000071 0.009968 700.000000 30.434782
173 0.000122 0.004223 100.000000 29.411764
173 0.000079 0.004354 200.000000 29.411764
173 0.000084 0.005294 300.000000 27.027027
173 0.000092 0.007129 400.000000 28.985508
173 0.000090 0.008942 500.000000 30.120481
173 0.000078 0.009854 600.000000 30.456852
173 0.000070 0.009825 700.000000 30.303030
174 0.000124 0.004302 100.000000 29.411764
174 0.000077 0.004378 200.000000 29.850746
174 0.000084 0.005392 300.000000 27.027027
174 0.000091 0.007242 400.000000 28.985508
174 0.000090 0.008936 500.000000 30.303030
174 0.000078 0.009921 600.000000 30.456852
174 0.000067 0.009804 700.000000 30.303030
175 0.000138 0.004672 100.000000 28.571428
175 0.000079 0.004569 200.000000 29.850746
175 0.000086 0.005564 300.000000 27.027027
175 0.000091 0.007364 400.000000 28.985508
175 0.000092 0.009034 500.000000 30.120481
175 0.000080 0.010021 600.000000 30.456852
175 0.000065 0.009761 700.000000 30.303030
176 0.000143 0.004825 100.000000 29.411764
176 0.000084 0.004975 200.000000 29.411764
176 0.000088 0.005936 300.000000 27.027027
176 0.000094 0.007595 400.000000 28.985508
176 0.000093 0.009128 500.000000 30.120481
176 0.000081 0.009951 600.000000 30.612246
176 0.000066 0.009684 700.000000 30.303030
177 0.000131 0.005439 100.000000 29.411764
177 0.000083 0.005867 200.000000 29.411764
177 0.000088 0.006434 300.000000 27.027027
177 0.000088 0.007882 400.000000 29.197081
177 0.000091 0.009231 500.000000 30.120481
177 0.000079 0.009749 600.000000 30.612246
177 0.000063 0.009296 700.000000 30.303030
178 0.000117 0.006719 100.000000 28.571428
178 0.000079 0.006867 200.000000 29.411764
178 0.000087 0.007321 300.000000 27.027027
178 0.000089 0.008301 400.000000 29.197081
178 0.000088 0.009282 500.000000 30.120481
178 0.000078 0.009671 600.000000 30.612246
178 0.000062 0.009092 700.000000 30.172413
179 0.000118 0.007315 100.000000 28.571428
179 0.000087 0.007713 200.000000 29.411764
179 0.000085 0.008125 300.000000 27.027027
179 0.000088 0.008641 400.000000 29.197081
179 0.000087 0.009292 500.000000 29.940121
179 0.000078 0.009498 600.000000 30.612246
179 0.000059 0.008828 700.000000 30.042919
180 0.000147 0.007967 100.000000 28.571428
180 0.000080 0.007923 200.000000 29.411764
180 0.000091 0.008260 300.000000 27.027027
180 0.000088 0.008756 400.000000 29.197081
180 0.000087 0.009294 500.000000 29.940121
180 0.000078 0.009516 600.000000 30.612246
180 0.000058 0.008809 700.000000 29.914530
181 0.000107 0.009294 100.000000 28.571428
181 0.000072 0.009290 200.000000 28.985508
181 0.000082 0.009055 300.000000 27.027027
181 0.000082 0.009076 400.000000 29.197081
181 0.000078 0.009361 500.000000 29.761906
181 0.000071 0.009468 600.000000 30.612246
181 0.000052 0.008752 700.000000 29.787233
182 0.000095 0.007555 100.000000 28.571428
182 0.000073 0.007583 200.000000 29.411764
182 0.000088 0.008162 300.000000 27.027027
182 0.000083 0.008923 400.000000 29.197081
182 0.000084 0.009468 500.000000 29.761906
182 0.000071 0.009739 600.000000 30.612246
182 0.000049 0.009005 700.000000 29.661016
183 0.000101 0.008648 100.000000 28.571428
183 0.000081 0.008580 200.000000 29.411764
183 0.000088 0.008711 300.000000 27.272728
183 0.000083 0.009039 400.000000 29.411764
183 0.000087 0.009509 500.000000 29.761906
183 0.000071 0.009630 600.000000 30.612246
183 0.000050 0.008821 700.000000 29.661016
184 0.000105 0.007478 100.000000 28.571428
184 0.000090 0.007047 200.000000 29.411764
184 0.000090 0.007807 300.000000 27.272728
184 0.000085 0.008779 400.000000 29.411764
184 0.000084 0.009490 500.000000 29.761906
184 0.000074 0.010047 600.000000 30.612246
184 0.000053 0.009422 700.000000 29.661016
185 0.000096 0.007267 100.000000 28.571428
185 0.000089 0.006853 200.000000 29.411764
185 0.000091 0.007724 300.000000 27.272728
185 0.000085 0.008798 400.000000 29.411764
185 0.000085 0.009457 500.000000 29.940121
185 0.000074 0.010089 600.000000 30.769230
185 0.000053 0.009567 700.000000 29.661016
186 0.000092 0.005771 100.000000 28.571428
186 0.000092 0.005268 200.000000 29.411764
186 0.000097 0.006652 300.000000 27.522936
186 0.000087 0.008597 400.000000 29.411764
186 0.000088 0.009573 500.000000 29.940121
186 0.000075 0.010552 600.000000 30.769230
187 0.000093 0.006121 100.000000 28.571428
187 0.000083 0.005447 200.000000 29.411764
187 0.000100 0.006846 300.000000 27.522936
187 0.000087 0.008596 400.000000 29.629629
187 0.000087 0.009758 500.000000 29.940121
187 0.000076 0.010553 600.000000 30.769230
188 0.000069 0.006688 100.000000 28.571428
188 0.000092 0.005661 200.000000 28.985508
188 0.000104 0.007014 300.000000 27.522936
188 0.000092 0.008803 400.000000 29.411764
188 0.000090 0.009847 500.000000 29.940121
188 0.000075 0.010632 600.000000 30.769230
189 0.000032 0.005616 100.000000 28.571428
189 0.000063 0.004856 200.000000 28.571428
189 0.000099 0.006452 300.000000 27.522936
189 0.000085 0.008686 400.000000 29.411764
189 0.000084 0.009843 500.000000 29.940121
189 0.000069 0.010714 600.000000 30.769230
190 0.000039 0.005776 100.000000 28.571428
190 0.000075 0.005041 200.000000 28.571428
190 0.000105 0.006570 300.000000 27.522936
190 0.000090 0.008817 400.000000 29.411764
190 0.000086 0.010124 500.000000 29.940121
190 0.000072 0.011031 600.000000 30.769230
191 0.000070 0.004664 100.000000 28.571428
191 0.000081 0.003965 200.000000 28.571428
191 0.000111 0.006142 300.000000 27.522936
191 0.000094 0.008735 400.000000 29.629629
191 0.000089 0.010386 500.000000 29.940121
191 0.000074 0.011224 600.000000 30.927835
192 0.000081 0.004916 100.000000 28.571428
192 0.000081 0.004241 200.000000 28.169014
192 0.000113 0.006481 300.000000 27.522936
192 0.000092 0.008909 400.000000 29.629629
192 0.000084 0.010605 500.000000 29.940121
192 0.000075 0.011226 600.000000 30.927835
193 0.000083 0.004455 100.000000 28.571428
193 0.000078 0.003731 200.000000 28.169014
193 0.000113 0.006480 300.000000 27.522936
193 0.000093 0.008955 400.000000 29.629629
193 0.000086 0.010670 500.000000 29.940121
193 0.000075 0.011176 600.000000 30.927835
194 0.000104 0.003983 100.000000 28.571428
194 0.000076 0.003379 200.000000 27.777779
194 0.000109 0.006567 300.000000 27.522936
194 0.000094 0.009089 400.000000 29.629629
194 0.000085 0.010801 500.000000 29.940121
194 0.000077 0.011209 600.000000 30.927835
195 0.000118 0.004309 100.000000 28.571428
195 0.000083 0.003806 200.000000 27.777779
195 0.000107 0.007119 300.000000 27.522936
195 0.000090 0.009230 400.000000 29.629629
195 0.000083 0.010515 500.000000 30.120481
195 0.000075 0.010781 600.000000 30.927835
196 0.000117 0.004488 100.000000 28.571428
196 0.000078 0.004576 200.000000 27.397261
196 0.000107 0.007112 300.000000 27.777779
196 0.000093 0.009383 400.000000 29.629629
196 0.000084 0.010642 500.000000 30.120481
196 0.000075 0.010820 600.000000 30.927835
197 0.000097 0.003715 100.000000 28.571428
197 0.000063 0.003827 200.000000 27.027027
197 0.000105 0.007170 300.000000 27.777779
197 0.000091 0.009313 400.000000 29.850746
197 0.000083 0.010697 500.000000 30.120481
197 0.000071 0.010776 600.000000 30.927835
198 0.000088 0.003117 100.000000 28.571428
198 0.000075 0.003659 200.000000 26.666666
198 0.000110 0.006845 300.000000 28.037384
198 0.000094 0.009464 400.000000 29.850746
198 0.000081 0.011087 500.000000 30.120481
198 0.000073 0.011257 600.000000 30.927835
199 0.000073 0.003174 100.000000 28.571428
199 0.000054 0.003989 200.000000 26.315790
199 0.000107 0.007112 300.000000 28.037384
199 0.000091 0.009612 400.000000 29.850746
199 0.000079 0.011044 500.000000 30.303030
199 0.000073 0.011344 600.000000 30.769230
200 0.000077 0.002490 100.000000 28.571428
200 0.000060 0.003554 200.000000 26.315790
200 0.000109 0.007213 300.000000 28.037384
200 0.000092 0.009847 400.000000 29.850746
200 0.000082 0.011345 500.000000 30.303030
200 0.000073 0.011667 600.000000 30.769230
201 0.000102 0.002378 100.000000 28.571428
201 0.000087 0.003416 200.000000 25.974026
201 0.000113 0.007294 300.000000 28.301888
201 0.000099 0.010104 400.000000 29.850746
201 0.000085 0.011539 500.000000 30.303030
201 0.000076 0.011714 600.000000 30.769230
202 0.000077 0.003030 100.000000 28.571428
202 0.000095 0.003726 200.000000 25.974026
202 0.000108 0.007637 300.000000 28.301888
202 0.000094 0.010051 400.000000 30.075188
202 0.000083 0.011537 500.000000 30.303030
202 0.000071 0.011661 600.000000 30.612246
203 0.000068 0.002826 100.000000 28.571428
203 0.000104 0.003764 200.000000 25.641026
203 0.000104 0.007738 300.000000 28.301888
203 0.000092 0.010107 400.000000 30.075188
203 0.000081 0.011457 500.000000 30.487804
203 0.000070 0.011697 600.000000 30.456852
204 0.000072 0.003029 100.000000 28.571428
204 0.000111 0.003976 200.000000 25.641026
204 0.000106 0.007883 300.000000 28.301888
204 0.000095 0.010308 400.000000 30.075188
204 0.000080 0.011574 500.000000 30.487804
204 0.000069 0.011703 600.000000 30.456852
205 0.000045 0.002909 100.000000 28.571428
205 0.000106 0.004096 200.000000 25.641026
205 0.000099 0.008024 300.000000 28.301888
205 0.000090 0.010295 400.000000 30.075188
205 0.000076 0.011471 500.000000 30.487804
205 0.000064 0.011537 600.000000 30.303030
206 0.000046 0.004044 100.000000 28.571428
206 0.000093 0.004937 200.000000 25.641026
206 0.000093 0.008101 300.000000 28.571428
206 0.000086 0.010244 400.000000 30.075188
206 0.000072 0.011106 500.000000 30.487804
206 0.000062 0.010888 600.000000 30.303030
207 0.000038 0.003778 100.000000 29.411764
207 0.000093 0.004883 200.000000 25.641026
207 0.000092 0.008243 300.000000 28.571428
207 0.000085 0.010268 400.000000 30.303030
207 0.000071 0.011250 500.000000 30.487804
207 0.000059 0.010942 600.000000 30.303030
208 0.000034 0.003136 100.000000 29.411764
208 0.000091 0.004397 200.000000 25.641026
208 0.000089 0.008268 300.000000 28.571428
208 0.000084 0.010355 400.000000 30.303030
208 0.000069 0.011562 500.000000 30.487804
208 0.000053 0.011158 600.000000 30.303030
209 0.000032 0.003151 100.000000 28.571428
209 0.000097 0.004562 200.000000 25.641026
209 0.000095 0.008404 300.000000 28.571428
209 0.000088 0.010638 400.000000 30.075188
209 0.000074 0.011762 500.000000 30.487804
209 0.000055 0.011435 600.000000 30.150753
210 0.000036 0.004125 100.000000 28.571428
210 0.000111 0.005062 200.000000 25.641026
210 0.000093 0.008720 300.000000 28.571428
210 0.000087 0.010644 400.000000 30.075188
210 0.000073 0.011470 500.000000 30.674847
210 0.000055 0.011102 600.000000 30.150753
211 0.000039 0.003832 100.000000 28.571428
211 0.000115 0.005222 200.000000 25.641026
211 0.000094 0.008703 300.000000 28.846153
211 0.000087 0.010723 400.000000 30.075188
211 0.000073 0.011569 500.000000 30.674847
211 0.000056 0.011125 600.000000 30.150753
212 0.000059 0.003995 100.000000 28.571428
212 0.000117 0.005282 200.000000 25.974026
212 0.000096 0.008957 300.000000 28.846153
212 0.000090 0.010768 400.000000 30.075188
212 0.000075 0.011653 500.000000 30.674847
212 0.000053 0.011184 600.000000 30.150753
213 0.000046 0.003617 100.000000 28.571428
213 0.000127 0.005576 200.000000 25.641026
213 0.000099 0.009244 300.000000 28.846153
213 0.000090 0.011163 400.000000 29.850746
213 0.000076 0.012135 500.000000 30.674847
213 0.000054 0.011690 600.000000 30.000000
214 0.000021 0.003578 100.000000 28.571428
214 0.000118 0.005826 200.000000 25.641026
214 0.000095 0.009325 300.000000 28.846153
214 0.000084 0.011130 400.000000 29.629629
214 0.000071 0.012053 500.000000 30.674847
214 0.000049 0.011732 600.000000 29.702971
215 0.000054 0.003726 100.000000 28.571428
215 0.000126 0.006012 200.000000 25.641026
215 0.000099 0.009301 300.000000 29.126213
215 0.000092 0.011422 400.000000 29.629629
215 0.000072 0.012414 500.000000 30.674847
215 0.000049 0.012021 600.000000 29.702971
216 0.000091 0.002972 100.000000 28.571428
216 0.000131 0.005802 200.000000 25.974026
216 0.000104 0.009635 300.000000 29.126213
216 0.000096 0.011614 400.000000 29.850746
216 0.000075 0.012778 500.000000 30.674847
216 0.000051 0.012374 600.000000 29.556650
217 0.000098 0.003401 100.000000 28.571428
217 0.000131 0.006037 200.000000 25.974026
217 0.000102 0.009734 300.000000 29.126213
217 0.000097 0.011739 400.000000 29.850746
217 0.000074 0.012738 500.000000 30.864197
217 0.000052 0.012424 600.000000 29.556650
218 0.000087 0.003052 100.000000 28.571428
218 0.000129 0.006300 200.000000 25.974026
218 0.000098 0.009911 300.000000 29.126213
218 0.000090 0.011457 400.000000 29.850746
218 0.000074 0.012608 500.000000 30.864197
218 0.000049 0.012215 600.000000 29.556650
219 0.000097 0.003636 100.000000 28.571428
219 0.000128 0.006486 200.000000 26.315790
219 0.000097 0.010117 300.000000 29.126213
219 0.000093 0.011319 400.000000 29.850746
219 0.000075 0.012417 500.000000 30.864197
220 0.000080 0.003485 100.000000 28.571428
220 0.000133 0.006733 200.000000 26.315790
220 0.000096 0.010053 300.000000 29.411764
220 0.000092 0.011454 400.000000 29.850746
220 0.000075 0.012289 500.000000 30.864197
221 0.000075 0.002259 100.000000 28.571428
221 0.000136 0.006787 200.000000 26.315790
221 0.000102 0.010318 300.000000 29.411764
221 0.000093 0.011809 400.000000 29.850746
221 0.000073 0.012646 500.000000 30.864197
222 0.000097 0.003425 100.000000 27.777779
222 0.000153 0.007027 200.000000 26.315790
222 0.000112 0.010906 300.000000 29.126213
222 0.000104 0.012301 400.000000 29.850746
222 0.000080 0.013264 500.000000 30.864197
223 0.000103 0.003764 100.000000 27.777779
223 0.000152 0.007400 200.000000 26.315790
223 0.000110 0.010832 300.000000 29.411764
223 0.000101 0.012416 400.000000 29.850746
223 0.000079 0.013179 500.000000 31.055901
224 0.000113 0.003626 100.000000 27.027027
224 0.000156 0.007472 200.000000 26.315790
224 0.000113 0.011125 300.000000 29.411764
224 0.000101 0.012782 400.000000 29.850746
224 0.000080 0.013450 500.000000 31.055901
225 0.000090 0.003925 100.000000 27.027027
225 0.000148 0.008047 200.000000 26.315790
225 0.000104 0.010933 300.000000 29.411764
225 0.000090 0.012393 400.000000 29.850746
225 0.000077 0.012649 500.000000 31.055901
226 0.000085 0.003754 100.000000 27.027027
226 0.000148 0.007873 200.000000 26.666666
226 0.000103 0.010995 300.000000 29.702971
226 0.000089 0.012561 400.000000 30.075188
226 0.000076 0.012853 500.000000 31.055901
227 0.000062 0.004099 100.000000 26.315790
227 0.000149 0.008102 200.000000 26.666666
227 0.000105 0.011194 300.000000 29.411764
227 0.000090 0.012565 400.000000 30.075188
227 0.000076 0.012719 500.000000 31.250000
228 0.000053 0.003915 100.000000 26.315790
228 0.000141 0.008218 200.000000 26.666666
228 0.000103 0.011317 300.000000 29.702971
228 0.000086 0.012943 400.000000 30.075188
228 0.000074 0.013046 500.000000 31.250000
229 0.000042 0.004994 100.000000 25.641026
229 0.000135 0.008589 200.000000 26.666666
229 0.000096 0.011193 300.000000 29.702971
229 0.000083 0.012560 400.000000 30.075188
229 0.000070 0.012450 500.000000 31.250000
230 0.000055 0.004061 100.000000 25.000000
230 0.000137 0.008608 200.000000 27.027027
230 0.000100 0.011688 300.000000 29.702971
230 0.000083 0.012944 400.000000 30.303030
230 0.000068 0.012908 500.000000 31.055901
231 0.000077 0.004668 100.000000 24.390244
231 0.000141 0.008973 200.000000 27.027027
231 0.000103 0.011897 300.000000 29.702971
231 0.000087 0.013199 400.000000 30.303030
231 0.000071 0.013113 500.000000 31.055901
232 0.000098 0.004467 100.000000 24.390244
232 0.000144 0.009487 200.000000 27.027027
232 0.000106 0.012326 300.000000 29.702971
232 0.000086 0.013584 400.000000 30.303030
232 0.000074 0.013496 500.000000 31.055901
233 0.000073 0.004977 100.000000 23.809525
233 0.000145 0.009454 200.000000 27.397261
233 0.000107 0.012356 300.000000 30.000000
233 0.000087 0.013644 400.000000 30.534351
233 0.000076 0.013665 500.000000 31.055901
234 0.000113 0.004493 100.000000 23.255814
234 0.000143 0.009972 200.000000 27.397261
234 0.000107 0.012742 300.000000 30.000000
234 0.000089 0.014184 400.000000 30.303030
234 0.000075 0.013916 500.000000 31.055901
235 0.000137 0.004963 100.000000 23.255814
235 0.000143 0.010274 200.000000 27.397261
235 0.000108 0.012851 300.000000 30.000000
235 0.000088 0.013951 400.000000 30.534351
235 0.000072 0.013913 500.000000 30.864197
236 0.000199 0.004330 100.000000 22.727272
236 0.000141 0.010466 200.000000 27.397261
236 0.000109 0.012970 300.000000 30.000000
236 0.000090 0.014094 400.000000 30.534351
236 0.000073 0.014020 500.000000 30.487804
237 0.000206 0.004479 100.000000 22.727272
237 0.000142 0.010458 200.000000 27.777779
237 0.000111 0.013336 300.000000 30.000000
237 0.000089 0.014384 400.000000 30.534351
237 0.000071 0.014193 500.000000 30.487804
238 0.000216 0.005289 100.000000 22.222221
238 0.000142 0.010518 200.000000 27.777779
238 0.000113 0.013233 300.000000 30.000000
238 0.000089 0.014015 400.000000 30.769230
238 0.000072 0.013831 500.000000 30.487804
239 0.000223 0.004642 100.000000 22.727272
239 0.000148 0.011149 200.000000 27.777779
239 0.000116 0.013823 300.000000 30.303030
239 0.000091 0.014893 400.000000 30.769230
239 0.000072 0.014717 500.000000 30.487804
240 0.000208 0.005294 100.000000 22.222221
240 0.000142 0.011329 200.000000 27.777779
240 0.000115 0.013869 300.000000 30.000000
240 0.000087 0.014693 400.000000 30.534351
240 0.000068 0.014115 500.000000 30.303030
241 0.000206 0.005268 100.000000 22.222221
241 0.000143 0.011533 200.000000 27.777779
241 0.000116 0.014062 300.000000 30.000000
241 0.000089 0.015046 400.000000 30.534351
241 0.000065 0.014279 500.000000 30.303030
242 0.000211 0.005703 100.000000 22.222221
242 0.000146 0.011941 200.000000 27.777779
242 0.000116 0.014339 300.000000 30.000000
242 0.000089 0.015165 400.000000 30.769230
242 0.000066 0.014486 500.000000 30.303030
243 0.000243 0.005835 100.000000 22.222221
243 0.000143 0.011825 200.000000 28.169014
243 0.000115 0.014389 300.000000 30.000000
243 0.000089 0.015014 400.000000 30.769230
243 0.000064 0.014269 500.000000 30.303030
244 0.000232 0.005655 100.000000 22.727272
244 0.000136 0.011836 200.000000 28.169014
244 0.000109 0.013935 300.000000 30.000000
244 0.000086 0.014506 400.000000 30.769230
244 0.000062 0.013596 500.000000 30.303030
245 0.000241 0.006348 100.000000 22.727272
245 0.000137 0.012464 200.000000 28.169014
245 0.000112 0.014138 300.000000 30.000000
245 0.000087 0.014724 400.000000 30.769230
245 0.000059 0.013814 500.000000 30.120481
246 0.000220 0.007254 100.000000 22.727272
246 0.000125 0.011802 200.000000 28.571428
246 0.000103 0.013338 300.000000 30.000000
246 0.000081 0.013702 400.000000 31.007751
246 0.000055 0.012780 500.000000 30.120481
247 0.000241 0.007576 100.000000 22.727272
247 0.000133 0.012463 200.000000 28.571428
247 0.000112 0.013904 300.000000 29.702971
247 0.000086 0.014299 400.000000 31.007751
247 0.000057 0.013345 500.000000 29.940121
248 0.000221 0.008395 100.000000 22.727272
248 0.000133 0.012243 200.000000 28.571428
248 0.000105 0.013314 300.000000 29.702971
248 0.000084 0.013645 400.000000 31.007751
248 0.000054 0.012738 500.000000 29.761906
249 0.000216 0.008873 100.000000 22.727272
249 0.000126 0.012344 200.000000 28.571428
249 0.000104 0.013217 300.000000 29.702971
249 0.000077 0.013481 400.000000 31.007751
249 0.000048 0.012393 500.000000 29.585798
250 0.000216 0.008824 100.000000 22.727272
250 0.000117 0.012062 200.000000 28.571428
250 0.000101 0.012845 300.000000 29.702971
250 0.000072 0.012968 400.000000 31.007751
250 0.000045 0.011813 500.000000 29.585798
251 0.000213 0.008835 100.000000 23.255814
251 0.000112 0.012327 200.000000 28.571428
251 0.000092 0.012567 300.000000 29.702971
251 0.000070 0.012956 400.000000 31.007751
251 0.000043 0.011829 500.000000 29.411764
252 0.000217 0.009174 100.000000 23.255814
252 0.000112 0.012154 200.000000 28.985508
252 0.000096 0.012364 300.000000 29.702971
252 0.000071 0.012783 400.000000 31.007751
253 0.000226 0.009574 100.000000 23.255814
253 0.000109 0.012363 200.000000 28.985508
253 0.000094 0.012534 300.000000 29.702971
253 0.000071 0.012641 400.000000 31.007751
254 0.000232 0.009806 100.000000 23.809525
254 0.000121 0.012918 200.000000 28.985508
254 0.000098 0.012950 300.000000 30.000000
254 0.000075 0.013084 400.000000 31.250000
255 0.000238 0.010526 100.000000 23.809525
255 0.000123 0.013041 200.000000 29.411764
255 0.000102 0.013202 300.000000 30.000000
255 0.000073 0.013243 400.000000 31.250000
256 0.000243 0.010508 100.000000 23.809525
256 0.000110 0.012627 200.000000 29.411764
256 0.000099 0.012557 300.000000 30.000000
256 0.000069 0.012431 400.000000 31.496063
257 0.000255 0.011157 100.000000 24.390244
257 0.000126 0.013730 200.000000 29.411764
257 0.000108 0.013516 300.000000 30.303030
257 0.000076 0.013543 400.000000 31.496063
258 0.000242 0.011633 100.000000 24.390244
258 0.000121 0.013394 200.000000 29.850746
258 0.000103 0.013413 300.000000 30.303030
258 0.000074 0.013227 400.000000 31.746031
259 0.000246 0.011735 100.000000 24.390244
259 0.000121 0.013400 200.000000 29.850746
259 0.000099 0.013363 300.000000 30.303030
259 0.000072 0.012996 400.000000 31.746031
260 0.000242 0.011459 100.000000 25.000000
260 0.000120 0.013055 200.000000 30.303030
260 0.000099 0.012993 300.000000 30.612246
260 0.000073 0.012616 400.000000 32.000000
261 0.000246 0.012762 100.000000 25.000000
261 0.000121 0.013786 200.000000 30.303030
261 0.000093 0.013850 300.000000 30.612246
261 0.000075 0.013165 400.000000 32.000000
262 0.000249 0.013036 100.000000 25.641026
262 0.000124 0.014268 200.000000 30.303030
262 0.000094 0.014171 300.000000 30.927835
262 0.000075 0.013442 400.000000 32.000000
263 0.000266 0.014625 100.000000 25.641026
263 0.000131 0.015411 200.000000 30.769230
263 0.000099 0.015473 300.000000 30.927835
263 0.000078 0.014623 400.000000 32.258064
264 0.000259 0.015248 100.000000 25.641026
264 0.000137 0.015819 200.000000 30.769230
264 0.000100 0.015897 300.000000 30.927835
264 0.000082 0.014928 400.000000 32.258064
265 0.000256 0.014765 100.000000 26.315790
265 0.000136 0.015423 200.000000 31.250000
265 0.000100 0.015499 300.000000 31.250000
265 0.000081 0.014600 400.000000 32.258064
266 0.000241 0.014082 100.000000 26.315790
266 0.000124 0.014364 200.000000 31.250000
266 0.000095 0.014307 300.000000 31.250000
266 0.000076 0.013272 400.000000 32.520325
267 0.000238 0.013334 100.000000 27.027027
267 0.000130 0.013961 200.000000 31.250000
267 0.000098 0.013656 300.000000 31.578947
267 0.000080 0.012645 400.000000 32.520325
268 0.000213 0.010933 100.000000 27.777779
268 0.000119 0.011481 200.000000 31.746031
268 0.000092 0.011142 300.000000 31.914894
268 0.000073 0.010136 400.000000 32.520325
269 0.000223 0.012373 100.000000 27.777779
269 0.000124 0.012361 200.000000 32.258064
269 0.000096 0.012231 300.000000 31.914894
269 0.000075 0.011049 400.000000 32.786884
270 0.000221 0.011744 100.000000 28.571428
270 0.000125 0.011919 200.000000 32.258064
270 0.000098 0.011687 300.000000 32.258064
270 0.000076 0.010519 400.000000 32.786884
271 0.000206 0.010081 100.000000 29.411764
271 0.000121 0.010330 200.000000 32.786884
271 0.000096 0.010194 300.000000 32.608696
271 0.000075 0.009021 400.000000 33.057850
272 0.000190 0.009333 100.000000 29.411764
272 0.000113 0.009249 200.000000 32.786884
272 0.000086 0.009015 300.000000 32.608696
272 0.000073 0.007850 400.000000 33.057850
273 0.000180 0.008604 100.000000 30.303030
273 0.000109 0.008523 200.000000 33.333332
273 0.000083 0.008339 300.000000 32.967033
273 0.000071 0.007170 400.000000 33.333332
274 0.000228 0.012263 100.000000 31.250000
274 0.000132 0.013008 200.000000 33.333332
274 0.000101 0.012896 300.000000 32.967033
274 0.000084 0.011703 400.000000 33.333332
275 0.000237 0.014946 100.000000 31.250000
275 0.000136 0.015343 200.000000 33.898304
275 0.000103 0.015394 300.000000 33.333332
275 0.000081 0.014342 400.000000 33.333332
276 0.000184 0.009977 100.000000 32.258064
276 0.000112 0.010226 200.000000 34.482758
276 0.000088 0.010478 300.000000 33.333332
276 0.000074 0.009268 400.000000 33.333332
277 0.000172 0.007127 100.000000 32.258064
277 0.000116 0.007429 200.000000 34.482758
277 0.000087 0.007634 300.000000 33.707867
277 0.000076 0.006743 400.000000 33.333332
278 0.000155 0.003014 100.000000 33.333332
278 0.000114 0.003662 200.000000 35.087719
278 0.000090 0.004389 300.000000 33.707867
278 0.000078 0.004076 400.000000 33.333332
279 0.000136 0.002150 100.000000 33.333332
279 0.000108 0.003170 200.000000 35.087719
279 0.000086 0.004068 300.000000 34.090908
279 0.000080 0.004385 400.000000 33.057850
280 0.000136 0.002512 100.000000 33.333332
280 0.000116 0.003480 200.000000 35.087719
280 0.000083 0.004433 300.000000 34.090908
280 0.000077 0.004839 400.000000 33.057850
281 0.000132 0.003395 100.000000 34.482758
281 0.000115 0.004309 200.000000 35.087719
281 0.000082 0.005165 300.000000 34.482758
281 0.000076 0.005807 400.000000 33.057850
282 0.000104 0.003262 100.000000 34.482758
282 0.000101 0.003691 200.000000 35.714287
282 0.000076 0.004608 300.000000 34.482758
282 0.000072 0.005220 400.000000 33.057850
283 0.000118 0.002692 100.000000 34.482758
283 0.000115 0.003209 200.000000 35.714287
283 0.000083 0.004174 300.000000 34.482758
283 0.000074 0.004770 400.000000 33.057850
284 0.000118 0.002437 100.000000 35.714287
284 0.000118 0.003067 200.000000 35.714287
284 0.000083 0.004001 300.000000 34.482758
284 0.000066 0.004935 400.000000 32.786884
285 0.000107 0.002155 100.000000 35.714287
285 0.000115 0.003106 200.000000 35.714287
285 0.000088 0.003952 300.000000 34.482758
285 0.000062 0.004811 400.000000 32.786884
286 0.000114 0.002104 100.000000 35.714287
286 0.000122 0.003034 200.000000 35.087719
286 0.000089 0.003932 300.000000 34.482758
286 0.000059 0.004891 400.000000 32.786884
287 0.000132 0.004813 100.000000 35.714287
287 0.000123 0.005475 200.000000 35.087719
287 0.000093 0.006465 300.000000 34.482758
287 0.000064 0.007954 400.000000 32.520325
288 0.000139 0.005201 100.000000 35.714287
288 0.000122 0.006060 200.000000 35.087719
288 0.000094 0.007092 300.000000 34.482758
288 0.000057 0.008590 400.000000 32.520325
289 0.000127 0.005168 100.000000 35.714287
289 0.000115 0.005853 200.000000 34.482758
289 0.000092 0.006824 300.000000 34.482758
289 0.000055 0.008299 400.000000 32.258064
290 0.000116 0.005877 100.000000 37.037037
290 0.000115 0.006880 200.000000 34.482758
290 0.000089 0.007702 300.000000 34.883720
290 0.000053 0.009269 400.000000 32.000000
291 0.000111 0.004843 100.000000 37.037037
291 0.000095 0.005858 200.000000 34.482758
291 0.000081 0.006546 300.000000 34.482758
291 0.000044 0.007983 400.000000 31.746031
292 0.000086 0.004688 100.000000 37.037037
292 0.000106 0.005763 200.000000 33.898304
292 0.000071 0.006482 300.000000 34.482758
292 0.000037 0.007890 400.000000 31.496063
293 0.000103 0.005787 100.000000 35.714287
293 0.000103 0.007236 200.000000 33.898304
293 0.000085 0.007599 300.000000 34.482758
293 0.000047 0.009072 400.000000 31.250000
294 0.000104 0.006180 100.000000 35.714287
294 0.000103 0.007776 200.000000 33.333332
294 0.000086 0.007960 300.000000 34.482758
295 0.000113 0.007334 100.000000 35.714287
295 0.000101 0.008836 200.000000 33.898304
295 0.000086 0.009340 300.000000 34.482758
296 0.000127 0.007808 100.000000 35.714287
296 0.000101 0.009549 200.000000 33.898304
296 0.000081 0.010125 300.000000 34.482758
297 0.000140 0.009372 100.000000 35.714287
297 0.000103 0.011021 200.000000 33.333332
297 0.000088 0.011511 300.000000 34.482758
298 0.000102 0.008877 100.000000 35.714287
298 0.000092 0.010027 200.000000 33.333332
298 0.000079 0.010600 300.000000 34.482758
299 0.000095 0.009705 100.000000 35.714287
299 0.000094 0.010512 200.000000 33.898304
299 0.000083 0.011416 300.000000 34.482758
300 0.000085 0.009435 100.000000 35.714287
300 0.000083 0.010159 200.000000 33.333332
300 0.000074 0.011234 300.000000 34.482758
301 0.000080 0.010299 100.000000 35.714287
301 0.000081 0.010767 200.000000 33.333332
301 0.000078 0.011815 300.000000 34.482758
302 0.000093 0.009059 100.000000 35.714287
302 0.000087 0.009549 200.000000 33.898304
302 0.000082 0.010851 300.000000 34.482758
303 0.000088 0.008850 100.000000 35.714287
303 0.000083 0.009340 200.000000 33.898304
303 0.000066 0.010831 300.000000 34.090908
304 0.000097 0.009088 100.000000 34.482758
304 0.000064 0.009742 200.000000 33.333332
304 0.000062 0.010836 300.000000 34.090908
305 0.000077 0.008001 100.000000 34.482758
305 0.000066 0.008536 200.000000 33.333332
305 0.000071 0.009740 300.000000 33.707867
306 0.000094 0.006989 100.000000 34.482758
306 0.000059 0.007692 200.000000 33.333332
306 0.000070 0.008623 300.000000 32.967033
307 0.000084 0.006785 100.000000 34.482758
307 0.000061 0.007568 200.000000 33.333332
307 0.000069 0.008506 300.000000 32.258064
308 0.000105 0.006579 100.000000 34.482758
308 0.000061 0.007502 200.000000 33.333332
308 0.000067 0.008437 300.000000 32.258064
309 0.000102 0.006740 100.000000 34.482758
309 0.000060 0.007419 200.000000 33.898304
309 0.000065 0.008563 300.000000 32.258064
310 0.000123 0.006956 100.000000 34.482758
310 0.000071 0.008034 200.000000 33.333332
310 0.000070 0.009278 300.000000 31.914894
311 0.000129 0.007059 100.000000 34.482758
311 0.000073 0.008062 200.000000 33.333332
311 0.000058 0.009692 300.000000 31.578947
312 0.000139 0.007520 100.000000 34.482758
312 0.000092 0.008397 200.000000 33.333332
312 0.000060 0.010220 300.000000 31.578947
313 0.000149 0.006870 100.000000 33.333332
313 0.000088 0.007966 200.000000 33.333332
313 0.000051 0.009815 300.000000 31.250000
314 0.000116 0.005487 100.000000 33.333332
314 0.000076 0.006468 200.000000 33.333332
314 0.000036 0.008347 300.000000 30.927835
315 0.000100 0.005219 100.000000 32.258064
315 0.000073 0.005990 200.000000 33.333332
315 0.000034 0.007775 300.000000 30.612246
316 0.000114 0.005947 100.000000 31.250000
316 0.000077 0.006563 200.000000 33.333332
316 0.000037 0.008291 300.000000 30.303030
317 0.000108 0.006386 100.000000 30.303030
317 0.000069 0.006647 200.000000 32.786884
317 0.000030 0.008232 300.000000 30.000000
318 0.000128 0.006522 100.000000 30.303030
318 0.000068 0.006978 200.000000 32.786884
318 0.000030 0.008716 300.000000 29.702971
319 0.000096 0.007443 100.000000 30.303030
319 0.000076 0.007068 200.000000 32.786884
319 0.000033 0.008715 300.000000 29.702971
320 0.000093 0.008044 100.000000 30.303030
320 0.000076 0.007191 200.000000 32.786884
321 0.000102 0.007492 100.000000 30.303030
321 0.000079 0.007300 200.000000 32.786884
322 0.000086 0.008281 100.000000 30.303030
322 0.000064 0.008213 200.000000 32.786884
323 0.000089 0.007321 100.000000 30.303030
323 0.000059 0.006924 200.000000 33.333332
324 0.000079 0.007744 100.000000 30.303030
324 0.000064 0.007635 200.000000 33.333332
325 0.000085 0.008287 100.000000 30.303030
325 0.000073 0.008903 200.000000 32.786884
326 0.000080 0.007876 100.000000 30.303030
326 0.000074 0.009424 200.000000 32.786884
327 0.000083 0.007856 100.000000 30.303030
327 0.000070 0.009119 200.000000 33.333332
328 0.000084 0.008653 100.000000 30.303030
328 0.000079 0.010338 200.000000 32.786884
329 0.000093 0.008385 100.000000 30.303030
329 0.000075 0.009945 200.000000 32.786884
330 0.000082 0.008650 100.000000 30.303030
330 0.000055 0.010517 200.000000 32.258064
331 0.000042 0.008403 100.000000 30.303030
331 0.000051 0.009818 200.000000 32.786884
332 0.000057 0.007445 100.000000 30.303030
332 0.000070 0.009049 200.000000 32.258064
333 0.000059 0.007514 100.000000 30.303030
333 0.000070 0.009175 200.000000 31.746031
334 0.000044 0.006351 100.000000 30.303030
334 0.000058 0.007757 200.000000 30.769230
335 0.000048 0.006395 100.000000 31.250000
335 0.000071 0.007948 200.000000 30.769230
336 0.000034 0.006026 100.000000 31.250000
336 0.000053 0.007571 200.000000 30.303030
337 0.000041 0.006573 100.000000 31.250000
337 0.000066 0.008184 200.000000 30.303030
338 0.000036 0.005468 100.000000 30.303030
338 0.000039 0.007529 200.000000 29.850746
339 0.000067 0.006233 100.000000 30.303030
339 0.000040 0.008716 200.000000 29.850746
340 0.000064 0.005727 100.000000 31.250000
340 0.000040 0.008561 200.000000 29.850746
341 0.000068 0.005452 100.000000 31.250000
341 0.000037 0.008228 200.000000 29.850746
342 0.000053 0.003822 100.000000 31.250000
342 0.000031 0.006384 200.000000 29.850746
343 0.000058 0.003663 100.000000 32.258064
343 0.000036 0.006619 200.000000 29.411764
344 0.000054 0.005346 100.000000 32.258064
344 0.000039 0.007748 200.000000 29.411764
345 0.000063 0.005529 100.000000 32.258064
345 0.000038 0.007907 200.000000 29.411764
346 0.000071 0.005147 100.000000 33.333332
346 0.000041 0.007772 200.000000 29.411764
347 0.000059 0.005352 100.000000 33.333332
347 0.000043 0.007851 200.000000 29.411764
348 0.000082 0.005532 100.000000 33.333332
348 0.000047 0.008458 200.000000 28.985508
349 0.000052 0.005060 100.000000 33.333332
349 0.000050 0.007837 200.000000 28.571428
350 0.000046 0.004734 100.000000 33.333332
350 0.000052 0.007133 200.000000 28.571428
351 0.000075 0.005531 100.000000 34.482758
352 0.000087 0.007735 100.000000 34.482758
353 0.000077 0.007649 100.000000 34.482758
354 0.000073 0.009398 100.000000 34.482758
355 0.000087 0.010484 100.000000 34.482758
356 0.000095 0.010771 100.000000 34.482758
357 0.000087 0.010226 100.000000 34.482758
358 0.000075 0.009976 100.000000 34.482758
359 0.000068 0.009497 100.000000 34.482758
360 0.000078 0.009619 100.000000 34.482758
361 0.000038 0.010149 100.000000 33.333332
362 0.000034 0.010469 100.000000 33.333332
363 0.000110 0.011595 100.000000 32.258064
364 0.000088 0.011276 100.000000 32.258064
365 0.000099 0.010969 100.000000 30.303030
366 0.000102 0.010511 100.000000 28.571428
367 0.000096 0.010512 100.000000 28.571428
368 0.000103 0.009513 100.000000 28.571428
369 0.000055 0.009917 100.000000 27.777779
370 0.000049 0.009998 100.000000 27.777779
371 0.000032 0.008503 100.000000 27.027027
372 0.000040 0.008114 100.000000 27.027027
373 0.000063 0.008013 100.000000 26.315790
374 0.000072 0.007907 100.000000 25.641026
375 0.000073 0.007680 100.000000 25.000000
376 0.000087 0.007565 100.000000 24.390244
377 0.000094 0.007291 100.000000 24.390244
378 0.000080 0.007402 100.000000 23.809525
