1 1.19763e-11 1.70464e-10 5.55111e-17 1.19763e-11 1 3.5625e-10 0 1.70464e-10 3.5625e-10 1 2.22045e-16 
0.999851 -0.0118584 0.0125396 0.0705324 0.0118954 0.999925 -0.0028753 -0.0288315 -0.0125046 0.00302403 0.999917 1.50086 
0.99936 -0.00884888 -0.0346539 0.0349382 0.00867917 0.99995 -0.00504468 -0.05404 0.0346968 0.00474069 0.999387 2.51677 
0.995456 -0.0059497 -0.0950316 -0.0713028 0.00537901 0.999966 -0.00626034 -0.0774298 0.0950656 0.00572072 0.995455 3.63071 
0.986685 -0.00375923 -0.1626 -0.355562 0.0031539 0.999987 -0.00398076 -0.113755 0.162613 0.00341493 0.986684 5.24872 
0.981204 -0.00817602 -0.192802 -0.622388 0.00656866 0.999938 -0.00897463 -0.139892 0.192863 0.00753949 0.981197 6.58694 
0.976306 -0.0114973 -0.216088 -0.941959 0.00848762 0.999854 -0.0148511 -0.172982 0.216227 0.0126651 0.976261 8.04159 
0.97239 -0.0188226 -0.232603 -1.17809 0.0151187 0.999729 -0.0176965 -0.201607 0.232874 0.0136913 0.972411 9.07598 
0.965998 -0.013826 -0.258178 -1.60092 0.00693571 0.999595 -0.0275799 -0.273656 0.258454 0.0248515 0.965704 10.6997 
0.959127 -0.0154908 -0.282551 -2.07322 0.00560377 0.999344 -0.0357666 -0.356684 0.28292 0.0327214 0.958585 12.4111 
0.954999 -0.017963 -0.296066 -2.43094 0.00386345 0.998833 -0.0481395 -0.414923 0.296585 0.0448293 0.953954 13.6035 
0.952471 -0.018583 -0.304062 -2.81937 -0.00121639 0.997898 -0.0647976 -0.478137 0.304627 0.0620877 0.950446 14.8415 
0.948193 -0.0153812 -0.317321 -3.47158 -0.0130072 0.99611 -0.0871505 -0.630815 0.317428 0.086763 0.944305 16.7949 
0.944906 -0.012224 -0.327113 -3.95102 -0.0211499 0.994935 -0.098274 -0.769005 0.326657 0.0997781 0.939861 18.1139 
0.934288 -0.00752904 -0.35644 -5.28531 -0.0295075 0.994714 -0.098355 -1.17489 0.355297 0.10241 0.929127 21.6551 
0.927739 -0.00507723 -0.373195 -5.89573 -0.0307004 0.995481 -0.0898626 -1.35312 0.371964 0.0948263 0.923391 23.1412 
0.916801 0.00348662 -0.39933 -6.89367 -0.0379648 0.996194 -0.0784635 -1.60697 0.397536 0.0870958 0.913444 25.3849 
0.908864 0.00326854 -0.417081 -7.60633 -0.0387532 0.996305 -0.0766397 -1.76197 0.415289 0.0858182 0.905632 26.9144 
0.897202 0.00400336 -0.441603 -8.75708 -0.0382014 0.996914 -0.068576 -1.99023 0.439966 0.0783964 0.894586 29.2614 
0.889627 0.00652417 -0.456641 -9.5807 -0.0373265 0.997591 -0.0584665 -2.13002 0.45516 0.0690582 0.887728 30.8642 
0.882564 0.00476447 -0.470168 -10.4443 -0.034988 0.997842 -0.0555652 -2.25826 0.468888 0.06549 0.880826 32.4921 
0.876405 0.0044446 -0.481554 -11.3541 -0.0336562 0.998078 -0.0520406 -2.38108 0.480397 0.0618159 0.87487 34.1521 
0.870192 0.00231948 -0.492707 -12.7925 -0.0326558 0.998062 -0.0529764 -2.57088 0.491629 0.0621894 0.868581 36.722 
0.869635 0.00297516 -0.493686 -13.7845 -0.0319506 0.998225 -0.0502656 -2.70734 0.492661 0.0594863 0.868186 38.5166 
0.868773 1.96643e-05 -0.49521 -14.808 -0.0285815 0.998335 -0.0501023 -2.84176 0.494385 0.0576814 0.867327 40.3431 
0.866109 -0.00315282 -0.499846 -15.8674 -0.0247012 0.998488 -0.0490991 -2.97659 0.499245 0.0548719 0.864722 42.1904 
0.861212 -0.00251556 -0.508239 -16.9452 -0.0211271 0.998946 -0.0407442 -3.1089 0.507806 0.045827 0.860251 44.0351 
0.852081 -0.00580495 -0.523377 -18.0467 -0.0181624 0.999008 -0.0406495 -3.23564 0.523094 0.0441424 0.851131 45.8569 
0.839803 -0.0103353 -0.542793 -19.2123 -0.0160177 0.998912 -0.0438028 -3.35651 0.542655 0.04548 0.838724 47.6623 
0.828712 -0.00160584 -0.559674 -20.4338 -0.0205063 0.999237 -0.0332308 -3.46527 0.5593 0.0390155 0.828047 49.4334 
0.820883 -0.00430657 -0.57108 -21.6751 -0.0222318 0.998973 -0.0394898 -3.57473 0.570664 0.0451126 0.819944 51.1581 
0.81458 -0.00693314 -0.580009 -22.9253 -0.0249219 0.998587 -0.0469375 -3.69662 0.579515 0.0526893 0.813257 52.8739 
0.807862 -0.00279969 -0.589364 -24.2013 -0.0243917 0.998973 -0.03818 -3.82252 0.588866 0.0452197 0.806965 54.5969 
0.80164 -0.000716807 -0.597807 -25.4948 -0.0255765 0.999043 -0.0354952 -3.92143 0.59726 0.0437442 0.800854 56.3134 
0.794043 -0.00449012 -0.607845 -26.809 -0.0246916 0.998909 -0.0396343 -4.0193 0.607359 0.04648 0.793066 58.0151 
0.785123 -0.00569829 -0.619313 -28.1597 -0.0235569 0.998959 -0.0390552 -4.12609 0.618891 0.0452522 0.784172 59.6958 
0.774757 -0.0065275 -0.632225 -29.5412 -0.0236716 0.998946 -0.039322 -4.24826 0.631815 0.0454308 0.773787 61.3609 
0.757811 -0.0105098 -0.65239 -31.6783 -0.0222484 0.998873 -0.0419351 -4.43169 0.652095 0.0462935 0.756722 63.8405 
0.739035 -0.0135369 -0.673531 -33.9024 -0.0196637 0.998939 -0.0416532 -4.62179 0.67338 0.0440272 0.737985 66.2939 
0.726076 -0.015436 -0.687442 -35.4526 -0.017872 0.998987 -0.0413079 -4.75947 0.687383 0.0422787 0.725064 67.891 
0.713385 -0.0164426 -0.70058 -37.0546 -0.019198 0.998891 -0.0429928 -4.90623 0.700509 0.0441201 0.712278 69.473 
0.702843 -0.0150363 -0.711187 -38.6925 -0.0208797 0.99891 -0.0417542 -5.05786 0.711039 0.044196 0.701762 71.0526 
0.687532 -0.020307 -0.72587 -41.1928 -0.0211282 0.998626 -0.0479499 -5.29236 0.725846 0.0483034 0.686159 73.4057 
0.677418 -0.0202918 -0.735318 -42.9145 -0.0214254 0.998651 -0.047297 -5.44397 0.735286 0.0477944 0.676069 74.9579 
0.667116 -0.0212421 -0.744651 -44.6583 -0.0199325 0.998726 -0.046347 -5.60232 0.744687 0.0457616 0.665843 76.5097 
0.657692 -0.0232386 -0.752929 -46.4323 -0.0180077 0.998753 -0.0465557 -5.7518 0.753072 0.0441778 0.656453 78.0513 
0.649816 -0.0259303 -0.759649 -48.239 -0.0145525 0.99881 -0.0465424 -5.89842 0.759953 0.0412988 0.648665 79.5962 
0.640457 -0.0354895 -0.767173 -50.076 -0.00685873 0.998628 -0.0519224 -6.06436 0.767963 0.0385159 0.639335 81.1292 
0.616297 -0.0442673 -0.786269 -52.8957 0.00631046 0.998664 -0.051279 -6.32682 0.787489 0.0266414 0.615753 83.3966 
0.588564 -0.043998 -0.807253 -55.8416 0.005492 0.998713 -0.0504291 -6.57787 0.808432 0.0252473 0.588047 85.5773 
0.558199 -0.0482677 -0.828302 -58.8809 0.00899574 0.9986 -0.0521292 -6.83733 0.829659 0.0216472 0.557851 87.6763 
0.526713 -0.0496383 -0.848592 -62.0219 0.0103153 0.998593 -0.0520099 -7.10298 0.849981 0.0186408 0.526484 89.6838 
0.487756 -0.0491068 -0.871598 -66.3733 0.00582533 0.998577 -0.0530011 -7.46567 0.872961 0.0207743 0.487348 92.2009 
0.464232 -0.0505598 -0.884269 -69.7287 0.00832206 0.998574 -0.0527264 -7.73132 0.885675 0.0171184 0.463991 93.9987 
0.445296 -0.06019 -0.893358 -73.1306 0.0138246 0.998081 -0.0603549 -8.01191 0.895277 0.0145255 0.445274 95.7283 
0.432213 -0.0565396 -0.899997 -76.5802 0.0211231 0.998393 -0.0525769 -8.30801 0.901524 0.00371369 0.432713 97.4151 
0.423285 -0.0552364 -0.904311 -79.9353 0.0262915 0.998468 -0.0486813 -8.57492 0.905615 -0.00316968 0.424089 99.0067 
0.41603 -0.0555315 -0.907654 -83.2801 0.0324628 0.998404 -0.0462042 -8.828 0.908771 -0.0102426 0.417169 100.563 
0.40792 -0.0562215 -0.911285 -87.6204 0.0410825 0.998222 -0.0431952 -9.14951 0.912093 -0.0198177 0.409504 102.509 
0.413915 -0.057771 -0.90848 -91.8228 0.0356433 0.998247 -0.0472399 -9.46262 0.909617 -0.0128279 0.415249 104.327 
0.431814 -0.0570946 -0.900154 -94.8824 0.0322541 0.998334 -0.0478493 -9.68029 0.901386 -0.00837171 0.432935 105.733 
0.458354 -0.0547039 -0.887084 -97.8684 0.0295935 0.99849 -0.0462831 -9.88676 0.888277 -0.00503785 0.459281 107.211 
0.490094 -0.0574627 -0.869774 -100.755 0.0249701 0.998341 -0.0518867 -10.0936 0.871312 0.00371105 0.490715 108.779 
0.527775 -0.0508167 -0.847863 -103.56 0.0203956 0.998679 -0.0471601 -10.2764 0.849139 0.00759722 0.528114 110.48 
0.551244 -0.0509488 -0.832787 -105.378 0.0209941 0.998665 -0.0472005 -10.3773 0.83408 0.00853542 0.551577 111.659 
0.573517 -0.053129 -0.817469 -107.124 0.0231514 0.998547 -0.0486552 -10.4838 0.818866 0.00897901 0.573914 112.86 
0.595181 -0.051216 -0.801958 -108.816 0.0230414 0.998644 -0.0466768 -10.5997 0.803261 0.00930296 0.595554 114.087 
0.615348 -0.0466776 -0.786873 -110.448 0.0219338 0.998873 -0.0421009 -10.7145 0.787951 0.00864758 0.615678 115.333 
0.635275 -0.0458613 -0.770923 -112.022 0.0183267 0.998849 -0.0443183 -10.8275 0.772069 0.0140258 0.635384 116.59 
0.653929 -0.043555 -0.755301 -113.542 0.0179591 0.998954 -0.0420567 -10.9407 0.756342 0.0139376 0.654027 117.859 
0.671133 -0.0409619 -0.740205 -115.015 0.0183221 0.999084 -0.0386755 -11.0507 0.741111 0.0123943 0.671269 119.133 
0.68663 -0.0393402 -0.725942 -116.434 0.016544 0.999122 -0.0384962 -11.1556 0.726819 0.0144227 0.686678 120.414 
0.701959 -0.0341544 -0.711398 -117.79 0.014903 0.999335 -0.0332731 -11.2426 0.712061 0.0127543 0.702001 121.689 
0.717465 -0.0317896 -0.695869 -119.079 0.0132068 0.999399 -0.0320393 -11.3261 0.69647 0.0137969 0.717454 122.948 
0.734817 -0.0258078 -0.677774 -120.305 0.0094602 0.999569 -0.0278045 -11.4058 0.678199 0.0140194 0.734744 124.211 
0.764701 -0.0196025 -0.644088 -122.023 0.00465687 0.999679 -0.0248959 -11.5109 0.644369 0.0160385 0.764547 126.144 
0.794839 -0.0183472 -0.606542 -123.611 0.00402513 0.99968 -0.0249645 -11.6082 0.606807 0.0174014 0.794659 128.115 
0.83237 -0.0129699 -0.554069 -125.557 0.00531622 0.999867 -0.0154189 -11.7356 0.554195 0.00988868 0.832328 130.849 
0.86639 -0.009696 -0.499274 -127.751 0.00422119 0.999918 -0.0120936 -11.8933 0.49935 0.00837023 0.86636 134.424 
0.888738 -0.0102415 -0.458302 -129.799 0.00630721 0.999929 -0.0101141 -11.9762 0.458373 0.00609818 0.888739 138.221 
0.905145 0.00265696 -0.425095 -131.85 -0.00098345 0.999991 0.00415619 -12.017 0.425102 -0.00334389 0.905139 142.308 
0.923746 -0.00241959 -0.382998 -133.832 0.00489341 0.999973 0.005485 -12.025 0.382974 -0.00694091 0.923733 146.748 
0.9395 0.00116569 -0.342548 -134.944 -1.171e-05 0.999994 0.00337087 -12.0506 0.34255 -0.00316292 0.939494 149.597 
0.959268 0.0100817 -0.282318 -135.912 -0.00781379 0.999927 0.00915806 -12.0754 0.28239 -0.00657905 0.959277 152.613 
0.971037 0.0117623 -0.23864 -136.447 -0.00900955 0.99988 0.0126226 -12.0932 0.23876 -0.0101069 0.971026 154.717 
0.98514 0.0177017 -0.170839 -137.094 -0.0138115 0.999618 0.023933 -12.0954 0.171197 -0.0212178 0.985008 158 
0.99432 0.0183433 -0.104843 -137.536 -0.016294 0.99966 0.0203701 -12.0652 0.105181 -0.0185461 0.99428 161.425 
0.997808 0.0175376 -0.0638029 -137.716 -0.0160158 0.999577 0.0242858 -12.0363 0.0642018 -0.0232107 0.997667 163.797 
0.999566 0.0189688 -0.022535 -137.802 -0.0183825 0.999494 0.0259496 -11.9995 0.0230159 -0.0255241 0.999409 166.228 
0.998961 0.022794 0.0394624 -137.76 -0.0237843 0.999409 0.0248089 -11.9608 -0.0388736 -0.0257217 0.998913 169.938 
0.994869 0.0249369 0.0980525 -137.488 -0.0268326 0.999477 0.0180628 -11.9371 -0.0975508 -0.0206011 0.995017 173.74 
0.987625 0.0277097 0.154369 -136.98 -0.0285562 0.999587 0.0032683 -11.965 -0.154215 -0.00763604 0.988008 177.606 
0.977574 0.034351 0.207773 -136.257 -0.033116 0.999407 -0.00942041 -12.0426 -0.207973 0.00232853 0.978132 181.545 
0.965142 0.0326489 0.259682 -135.291 -0.0299421 0.999448 -0.0143735 -12.1685 -0.260008 0.00609709 0.965587 185.551 
0.949969 0.0378993 0.310036 -134.118 -0.0334572 0.999247 -0.0196349 -12.3157 -0.310547 0.00827957 0.950522 189.577 
0.93129 0.0436519 0.361655 -132.704 -0.0354524 0.998942 -0.0292802 -12.4735 -0.36255 0.0144468 0.931852 193.619 
0.907064 0.0499974 0.418013 -131.035 -0.0348534 0.998433 -0.04379 -12.6947 -0.419547 0.0251511 0.907385 197.647 
0.869333 0.0618831 0.490337 -129.061 -0.0424778 0.997814 -0.0506192 -12.973 -0.492398 0.0231765 0.870062 201.617 
0.825168 0.0684833 0.56072 -126.731 -0.0432265 0.997369 -0.0582001 -13.2946 -0.56323 0.0237869 0.825957 205.446 
0.793555 0.0726658 0.604145 -124.994 -0.0391401 0.996884 -0.0684927 -13.5373 -0.607239 0.0307063 0.793925 207.898 
0.746315 0.0763897 0.661195 -122.129 -0.0339956 0.99647 -0.076753 -13.9531 -0.664724 0.0348042 0.746278 211.424 
0.716494 0.0777793 0.693243 -120.073 -0.0296529 0.996262 -0.0811294 -14.2463 -0.696963 0.0375721 0.716123 213.663 
0.687314 0.0810311 0.721827 -117.911 -0.0243741 0.995771 -0.088575 -14.5546 -0.725951 0.0432849 0.686383 215.82 
0.657112 0.0839609 0.749102 -115.657 -0.0218451 0.995481 -0.0924131 -14.8897 -0.753476 0.0443616 0.655977 217.895 
0.623725 0.0860337 0.776895 -113.327 -0.0241943 0.995573 -0.090826 -15.2293 -0.78127 0.037854 0.623045 219.882 
0.588341 0.0884689 0.803759 -110.946 -0.0295791 0.995686 -0.0879427 -15.5659 -0.808072 0.0279659 0.58842 221.745 
0.552815 0.0950467 0.827866 -108.535 -0.0319238 0.99516 -0.0929363 -15.8986 -0.832692 0.0249479 0.553173 223.465 
0.513424 0.0942652 0.852942 -106.071 -0.0329122 0.99538 -0.0901958 -16.2328 -0.857504 0.0182365 0.514155 225.055 
0.471096 0.091264 0.877348 -103.583 -0.0333863 0.995765 -0.0856552 -16.5541 -0.88145 0.0110605 0.472149 226.502 
0.428665 0.0896088 0.899009 -101.071 -0.031666 0.995948 -0.0841723 -16.8614 -0.902909 0.00761373 0.429766 227.793 
0.387206 0.089209 0.917667 -98.5491 -0.0266526 0.995975 -0.0855756 -17.1616 -0.921608 0.00867709 0.388025 228.935 
0.345936 0.0866898 0.934245 -96.0257 -0.0203263 0.996181 -0.0849105 -17.4558 -0.938038 0.0103839 0.346377 229.936 
0.305397 0.0904669 0.947918 -93.5117 -0.0191822 0.995859 -0.0888622 -17.749 -0.952032 0.00895509 0.305868 230.819 
0.266852 0.108134 0.957652 -91.0401 -0.0216851 0.994107 -0.106208 -18.0604 -0.963494 0.00757505 0.267624 231.573 
0.2269 0.112763 0.967368 -88.5775 -0.0268599 0.993621 -0.109523 -18.3936 -0.973548 -0.00113258 0.228481 232.223 
0.187395 0.113145 0.975747 -86.1384 -0.0321106 0.993519 -0.109039 -18.7242 -0.98176 -0.0108985 0.189813 232.764 
0.149539 0.111724 0.982423 -83.7128 -0.0316205 0.993628 -0.108185 -19.0486 -0.98825 -0.0148868 0.152119 233.199 
0.111784 0.115377 0.987012 -81.3171 -0.0332629 0.993115 -0.112324 -19.3698 -0.993176 -0.0202749 0.114852 233.532 
0.0600304 0.110194 0.992096 -77.7781 -0.0313674 0.993605 -0.108464 -19.8473 -0.997704 -0.0246083 0.063103 233.86 
0.02258 0.102634 0.994463 -74.3374 -0.0276361 0.9944 -0.102 -20.295 -0.999363 -0.0251799 0.02529 234.018 
0.0011021 0.110341 0.993893 -71.0234 -0.0293055 0.99347 -0.110262 -20.7249 -0.99957 -0.029005 0.0043285 234.086 
-0.0127112 0.114916 0.993294 -67.8108 -0.0295388 0.992897 -0.115248 -21.1677 -0.999483 -0.0308057 -0.00922648 234.097 
-0.0165002 0.100636 0.994786 -65.6953 -0.0272839 0.994506 -0.10106 -21.4353 -0.999492 -0.0288092 -0.0136638 234.082 
-0.014548 0.108023 0.994042 -62.6125 -0.0294356 0.99367 -0.108413 -21.818 -0.999461 -0.0308374 -0.0112762 234.073 
-0.0058541 0.110999 0.993803 -59.5852 -0.0353475 0.993176 -0.111137 -22.2049 -0.999358 -0.035779 -0.00189063 234.093 
0.00492835 0.112802 0.993605 -57.59 -0.0383704 0.992907 -0.112532 -22.4645 -0.999251 -0.0375704 0.00922164 234.13 
0.0191743 0.109927 0.993755 -55.6126 -0.0354265 0.993388 -0.109203 -22.723 -0.999188 -0.0331114 0.0229419 234.183 
0.0336 0.110685 0.993287 -53.6495 -0.034713 0.993378 -0.109521 -22.976 -0.998832 -0.0308001 0.0372197 234.267 
0.0538402 0.105298 0.992982 -50.7175 -0.0373327 0.993942 -0.103375 -23.353 -0.997852 -0.0315049 0.057445 234.447 
0.0746412 0.110376 0.991083 -47.8287 -0.0369629 0.993479 -0.107859 -23.7182 -0.996525 -0.0285825 0.0782342 234.685 
0.0877187 0.112992 0.989716 -45.9147 -0.0409743 0.993114 -0.109749 -23.9657 -0.995302 -0.0309259 0.0917445 234.881 
0.107395 0.108327 0.988297 -43.0566 -0.0436042 0.993603 -0.10417 -24.3358 -0.99326 -0.0319065 0.111432 235.221 
0.128276 0.109404 0.985685 -40.2266 -0.04158 0.993616 -0.104873 -24.6872 -0.990866 -0.0275321 0.132006 235.615 
0.156337 0.114613 0.981031 -37.4365 -0.040405 0.993155 -0.109591 -25.0356 -0.986877 -0.0225054 0.159898 236.072 
0.173534 0.112132 0.978423 -34.6718 -0.0469443 0.993309 -0.105512 -25.3786 -0.983708 -0.0276215 0.177637 236.603 
0.179136 0.11591 0.976972 -32.8112 -0.0470737 0.992908 -0.10917 -25.6026 -0.982698 -0.0264334 0.183322 236.971 
0.185396 0.114956 0.975917 -30.928 -0.0446095 0.993094 -0.108505 -25.8331 -0.981651 -0.0234187 0.189244 237.349 
0.192539 0.116576 0.97434 -29.03 -0.0436867 0.992952 -0.11017 -26.0741 -0.980316 -0.0213536 0.196275 237.739 
0.199995 0.11096 0.973494 -27.1205 -0.0411431 0.993641 -0.104804 -26.3238 -0.978933 -0.0190923 0.203288 238.152 
0.209656 0.111422 0.971406 -25.2064 -0.0396639 0.993637 -0.105411 -26.5759 -0.97697 -0.0164296 0.212742 238.575 
0.222471 0.112559 0.96842 -23.2884 -0.0379311 0.99356 -0.106768 -26.8181 -0.974201 -0.0129805 0.225308 239.015 
0.238246 0.11015 0.964938 -21.3629 -0.0365136 0.993861 -0.104436 -27.0613 -0.970518 -0.0103518 0.240806 239.49 
0.270045 0.110181 0.956523 -18.5276 -0.0303682 0.993911 -0.105914 -27.4226 -0.962369 -0.000446302 0.271747 240.269 
0.30268 0.108349 0.946914 -15.7165 -0.0345995 0.994112 -0.10269 -27.7835 -0.952464 -0.00168056 0.304646 241.163 
0.333613 0.111125 0.936138 -12.9442 -0.0406579 0.9938 -0.103481 -28.1455 -0.941833 -0.00353884 0.336063 242.152 
0.358309 0.107849 0.927353 -10.2022 -0.0432927 0.994156 -0.0988904 -28.5052 -0.932599 -0.00471423 0.360884 243.217 
0.381873 0.108034 0.917879 -7.50411 -0.0468517 0.994131 -0.0975161 -28.855 -0.923027 -0.00576542 0.384693 244.352 
0.406594 0.107192 0.907299 -4.8639 -0.0481803 0.994227 -0.0958707 -29.1959 -0.912338 -0.00473348 0.409411 245.543 
0.432472 0.0993495 0.896157 -2.27928 -0.0491877 0.99503 -0.0865736 -29.5182 -0.900305 -0.00663932 0.435209 246.794 
0.45758 0.098787 0.883664 0.218328 -0.0541054 0.995061 -0.0832235 -29.8129 -0.887521 -0.00972959 0.460665 248.106 
0.48258 0.0984124 0.870305 2.67098 -0.0562045 0.995099 -0.0813587 -30.095 -0.874047 -0.00965297 0.485746 249.481 
0.506995 0.0963701 0.856545 5.06951 -0.0569139 0.995304 -0.0782943 -30.3632 -0.860068 -0.00905455 0.510099 250.915 
0.52242 0.090227 0.847901 7.45074 -0.0591806 0.995825 -0.0695048 -30.6179 -0.850632 -0.0138685 0.525579 252.416 
0.530069 0.0830575 0.843877 9.80162 -0.0596197 0.996379 -0.060618 -30.8879 -0.845856 -0.01818 0.533101 254.032 
0.533178 0.0859192 0.841629 11.3695 -0.0603145 0.996158 -0.0634849 -31.0576 -0.84385 -0.0169137 0.536312 255.107 
0.536706 0.085185 0.839458 12.9533 -0.059276 0.996239 -0.0631965 -31.2265 -0.841684 -0.0158418 0.539737 256.177 
0.5398 0.0789024 0.838087 14.5484 -0.054663 0.996782 -0.0586352 -31.3919 -0.840017 -0.0141611 0.542376 257.244 
0.542098 0.0727815 0.837158 16.1492 -0.0547312 0.997185 -0.0512532 -31.5397 -0.838531 -0.0180344 0.544555 258.322 
0.543359 0.0722412 0.836386 17.751 -0.0544838 0.997225 -0.0507378 -31.6777 -0.83773 -0.0180006 0.545787 259.4 
0.544199 0.0701377 0.83602 19.3692 -0.0558322 0.997318 -0.0473264 -31.815 -0.837097 -0.0209218 0.546655 260.486 
0.545397 0.0652764 0.835632 21.0087 -0.0552106 0.997595 -0.0418937 -31.9445 -0.836357 -0.023287 0.54769 261.577 
0.547454 0.0626292 0.834488 22.6477 -0.0545284 0.997746 -0.0391093 -32.0667 -0.835057 -0.0240928 0.549636 262.667 
0.550167 0.0581159 0.83303 24.2841 -0.0537142 0.997972 -0.034148 -32.1828 -0.833325 -0.0259584 0.552173 263.758 
0.557091 0.0542615 0.828677 26.7183 -0.0529627 0.998153 -0.0297538 -32.3453 -0.828761 -0.0273134 0.558936 265.404 
0.564641 0.0472749 0.823982 28.3374 -0.0503485 0.998472 -0.0227842 -32.4411 -0.8238 -0.0286213 0.566158 266.511 
0.576728 0.0433417 0.815786 29.9363 -0.0459838 0.998731 -0.0205526 -32.5292 -0.815641 -0.0256597 0.577989 267.632 
0.588496 0.044873 0.807254 31.5154 -0.0489166 0.998606 -0.0198491 -32.6112 -0.807019 -0.027807 0.589871 268.787 
0.601943 0.0390396 0.797584 33.0674 -0.0479605 0.998769 -0.0126909 -32.681 -0.797097 -0.0306133 0.603075 269.951 
0.617583 0.0377524 0.785599 34.6062 -0.0446984 0.998918 -0.0128649 -32.7432 -0.785235 -0.0271699 0.618602 271.144 
0.635902 0.0351635 0.770968 36.1231 -0.0416152 0.99907 -0.0112425 -32.796 -0.770647 -0.0249349 0.636774 272.38 
0.654068 0.0316858 0.755772 37.619 -0.0401563 0.999168 -0.00713776 -32.8471 -0.755369 -0.0256804 0.654796 273.665 
0.672123 0.0294513 0.739854 39.0971 -0.0407179 0.999167 -0.00278336 -32.8903 -0.739319 -0.0282545 0.672762 274.998 
0.689751 0.0241462 0.723644 40.5627 -0.040219 0.999178 0.00499519 -32.9224 -0.722929 -0.0325497 0.690155 276.384 
0.707249 0.0144253 0.706818 42.011 -0.0345938 0.9993 0.0142204 -32.9405 -0.706118 -0.0345089 0.707253 277.814 
0.726589 0.0090017 0.687013 43.4393 -0.0265977 0.999533 0.0150334 -32.9423 -0.686557 -0.0291961 0.726489 279.297 
0.745738 0.00318813 0.666231 44.8305 -0.0236353 0.999486 0.021673 -32.9389 -0.66582 -0.0319089 0.74543 280.834 
0.76424 0.000115799 0.644932 46.188 -0.0220929 0.999418 0.0260005 -32.9205 -0.644553 -0.034119 0.763798 282.426 
0.782149 -0.00393819 0.62308 47.5142 -0.01879 0.999376 0.0299036 -32.8956 -0.622809 -0.0350968 0.781587 284.071 
0.796905 -0.00181212 0.604102 48.8009 -0.021343 0.999287 0.0311522 -32.867 -0.603727 -0.0377187 0.796298 285.763 
0.808479 0.00259819 0.588519 50.0565 -0.0266213 0.999128 0.0321601 -32.8339 -0.587923 -0.041668 0.807843 287.501 
0.819505 0.00664819 0.573033 51.2941 -0.0308874 0.998992 0.0325826 -32.8014 -0.572239 -0.0444012 0.818884 289.274 
0.829154 0.00997911 0.558932 52.5038 -0.0388397 0.998453 0.039791 -32.7584 -0.55767 -0.0547016 0.828259 291.092 
0.83698 0.0155114 0.547013 53.6939 -0.0468585 0.997958 0.0433992 -32.7041 -0.545223 -0.0619565 0.835998 292.94 
0.841744 0.022007 0.539429 54.8752 -0.0521235 0.997814 0.0406277 -32.6516 -0.537355 -0.0623151 0.841051 294.81 
0.843591 0.0323464 0.536011 56.0538 -0.0576123 0.997874 0.0304538 -32.6091 -0.533887 -0.0565714 0.843661 296.691 
0.844685 0.0328333 0.534256 57.2467 -0.0587194 0.997777 0.0315188 -32.5763 -0.532034 -0.0579947 0.844735 298.599 
0.845655 0.0314004 0.532805 58.4455 -0.0576465 0.997802 0.0326907 -32.5429 -0.530607 -0.0583594 0.845607 300.513 
0.846979 0.0311971 0.530711 59.6482 -0.0558093 0.997978 0.0304032 -32.5121 -0.528689 -0.0553694 0.847008 302.439 
0.849588 0.0283791 0.526683 60.8558 -0.052109 0.998182 0.0302718 -32.4882 -0.524867 -0.0531635 0.849523 304.377 
0.855331 0.0260421 0.517427 62.0439 -0.0499537 0.998228 0.0323348 -32.4637 -0.515668 -0.0535043 0.855116 306.331 
0.865464 0.0231134 0.500438 63.2007 -0.0458112 0.998401 0.0331141 -32.441 -0.498872 -0.0515847 0.865139 308.299 
0.877811 0.0239362 0.478409 64.3056 -0.0460108 0.998346 0.034473 -32.416 -0.476792 -0.0522727 0.87746 310.296 
0.890032 0.0250621 0.455209 65.3499 -0.0473087 0.998174 0.0375429 -32.3861 -0.453437 -0.0549497 0.889593 312.312 
0.901886 0.0232722 0.431348 66.3362 -0.0452686 0.998141 0.0407981 -32.3494 -0.429596 -0.0563217 0.901263 314.343 
0.913344 0.0239146 0.406486 67.2617 -0.0449973 0.998088 0.0423854 -32.3085 -0.404695 -0.0570032 0.912673 316.393 
0.923714 0.0306715 0.381853 68.1161 -0.0504824 0.997843 0.0419689 -32.2656 -0.379742 -0.0580441 0.92327 318.458 
0.931221 0.0401163 0.362241 68.9112 -0.0594466 0.997332 0.0423714 -32.2196 -0.359575 -0.0609911 0.931121 320.538 
0.935952 0.042535 0.349549 69.6814 -0.0612842 0.997204 0.0427493 -32.1709 -0.346753 -0.0614331 0.935942 322.62 
0.93936 0.0398119 0.340613 70.4443 -0.0576238 0.99744 0.0423342 -32.1238 -0.338055 -0.0593945 0.93925 324.702 
0.943082 0.0372062 0.330473 71.1851 -0.0537316 0.997713 0.0410083 -32.0804 -0.328192 -0.056431 0.942924 326.783 
0.946629 0.0381883 0.320056 71.8974 -0.053136 0.99786 0.0380982 -32.0425 -0.317916 -0.0530713 0.946632 328.869 
0.952977 0.0402406 0.300358 72.9073 -0.0555747 0.997542 0.0426815 -31.9887 -0.297902 -0.0573668 0.952871 332.015 
0.957991 0.0396536 0.284045 73.8468 -0.0536511 0.99769 0.0416671 -31.9283 -0.281736 -0.055156 0.957905 335.152 
0.959984 0.0359468 0.277737 74.4568 -0.0492177 0.997948 0.0409566 -31.8909 -0.275695 -0.0529872 0.959784 337.228 
0.958282 0.0407414 0.282906 75.0417 -0.0547301 0.997629 0.0417169 -31.8601 -0.280536 -0.05546 0.95824 339.278 
0.951383 0.0475674 0.304315 75.6466 -0.0633685 0.997095 0.0422537 -31.8304 -0.301421 -0.0594834 0.951634 341.266 
0.944591 0.0458603 0.325031 76.2867 -0.0631094 0.997092 0.0427209 -31.8026 -0.322126 -0.0608662 0.944738 343.179 
0.940157 0.0420844 0.338131 76.9406 -0.0597743 0.997325 0.0420708 -31.7755 -0.335456 -0.0597647 0.940158 345.02 
0.93907 0.0400968 0.341379 77.588 -0.056207 0.997717 0.0374276 -31.7489 -0.339099 -0.054335 0.93918 346.811 
0.940185 0.0379668 0.338542 77.9057 -0.0535242 0.997891 0.036734 -31.7352 -0.336433 -0.052657 0.940234 347.705 
0.942534 0.0358614 0.33218 78.2171 -0.0508838 0.998032 0.0366333 -31.7223 -0.330213 -0.0514307 0.942504 348.599 
0.945726 0.0327766 0.323308 78.5169 -0.0469942 0.998237 0.0362649 -31.7069 -0.32155 -0.0494902 0.945599 349.49 
0.954039 0.0282855 0.298344 79.0765 -0.0409278 0.998506 0.0362116 -31.6729 -0.296874 -0.0467579 0.953771 351.282 
0.964625 0.0216156 0.262737 79.5717 -0.0326206 0.99876 0.0375962 -31.6409 -0.261599 -0.0448369 0.964135 353.078 
0.975557 0.0187498 0.218947 79.9816 -0.0273287 0.99897 0.0362198 -31.6084 -0.218042 -0.0413179 0.975064 354.876 
0.985553 0.0190285 0.168297 80.2892 -0.0251812 0.999087 0.0345 -31.5773 -0.167487 -0.0382395 0.985132 356.68 
0.993433 0.022638 0.112153 80.4873 -0.0262634 0.999176 0.0309544 -31.5418 -0.11136 -0.0336967 0.993209 358.514 
0.998429 0.0224357 0.0513339 80.5779 -0.0241229 0.999181 0.0324869 -31.5089 -0.0505629 -0.0336742 0.998153 360.347 
0.999653 0.024178 -0.010437 80.554 -0.023848 0.999245 0.0306638 -31.4812 0.0111705 -0.0304043 0.999475 362.182 
0.997447 0.0278688 -0.0657493 80.4224 -0.0261127 0.999283 0.0274182 -31.4585 0.0664663 -0.0256313 0.997459 364.022 
0.993888 0.0356711 -0.104475 80.2083 -0.0326203 0.998994 0.0307662 -31.43 0.105468 -0.0271701 0.994051 365.886 
0.991494 0.0466837 -0.121488 79.9483 -0.0424367 0.998402 0.0373153 -31.3969 0.123036 -0.0318423 0.991891 367.765 
0.990911 0.0527084 -0.12376 79.5529 -0.0501812 0.998465 0.0234515 -31.3423 0.124806 -0.017028 0.992035 370.624 
0.991654 0.052528 -0.117741 79.3057 -0.050011 0.998455 0.0242328 -31.3244 0.118832 -0.0181422 0.992749 372.585 
0.992793 0.0450163 -0.111064 78.9618 -0.0439078 0.998958 0.0124078 -31.3058 0.111507 -0.00744183 0.993736 375.591 
0.993207 0.0460982 -0.10684 78.6094 -0.0449313 0.998901 0.0133051 -31.3039 0.107336 -0.00841431 0.994187 378.714 
0.99292 0.0523491 -0.106627 78.2369 -0.0510949 0.998589 0.014462 -31.2977 0.107234 -0.00891147 0.994194 381.936 
0.992644 0.0539043 -0.108405 77.9805 -0.0528826 0.998525 0.0122808 -31.2953 0.108907 -0.00645769 0.994031 384.12 
0.992315 0.0499864 -0.113195 77.7243 -0.0495175 0.998749 0.00695231 -31.3122 0.113401 -0.00129375 0.993548 386.332 
0.991343 0.0409603 -0.124742 77.4537 -0.0401437 0.999153 0.00905375 -31.336 0.125007 -0.00396778 0.992148 388.562 
0.989042 0.0327088 -0.143963 77.1443 -0.0318782 0.999459 0.00807251 -31.3627 0.14415 -0.00339475 0.98955 390.785 
0.986162 0.0289146 -0.163242 76.7857 -0.0284082 0.999582 0.00543655 -31.3927 0.16333 -0.000723926 0.986571 392.998 
0.982921 0.0274968 -0.181962 76.3813 -0.0267002 0.99962 0.00682635 -31.4246 0.18208 -0.00185134 0.983282 395.209 
0.97945 0.0266276 -0.199923 75.9369 -0.0260102 0.999645 0.00571452 -31.4571 0.200004 -0.000397053 0.979795 397.401 
0.975848 0.02682 -0.216798 75.4531 -0.0268934 0.999635 0.00261256 -31.4923 0.216789 0.00328097 0.976213 399.564 
0.972544 0.02735 -0.231105 74.9473 -0.0275637 0.999617 0.00230466 -31.5408 0.231079 0.00412871 0.972926 401.713 
0.969834 0.0213734 -0.242828 74.425 -0.0222054 0.999753 -0.000689482 -31.5892 0.242753 0.00606077 0.970069 403.843 
0.967085 0.0119735 -0.254172 73.8806 -0.014917 0.999842 -0.0096563 -31.6441 0.254016 0.0131299 0.967111 405.96 
0.964225 0.00966536 -0.26491 73.3004 -0.0120392 0.999901 -0.00733877 -31.6999 0.264813 0.0102655 0.964245 408.08 
0.961945 0.00648045 -0.273167 72.6958 -0.00877244 0.999936 -0.00716983 -31.749 0.273103 0.00929332 0.96194 410.2 
0.960369 0.00814162 -0.278613 72.077 -0.0098749 0.99994 -0.0048182 -31.8039 0.278557 0.00737853 0.960391 412.325 
0.959611 0.00507931 -0.281286 71.4523 -0.00485955 0.999987 0.00147885 -31.8418 0.28129 -5.21939e-05 0.959623 414.455 
0.959022 -0.00510013 -0.283284 70.8311 0.00582576 0.999981 0.00171911 -31.8719 0.28327 -0.00329901 0.959035 416.589 
0.958384 -0.0115053 -0.285252 70.1995 0.0123743 0.999923 0.00124416 -31.9002 0.285215 -0.00472217 0.958452 418.733 
0.957619 -0.0143205 -0.287683 69.5554 0.0155612 0.999877 0.00202619 -31.9304 0.287618 -0.00641699 0.957724 420.879 
0.956934 -0.0103718 -0.290122 68.8972 0.0127763 0.999898 0.00639487 -31.9587 0.290026 -0.00982613 0.956968 423.028 
0.9566 -0.00533712 -0.291356 68.2361 0.0089361 0.999899 0.0110233 -31.9793 0.291268 -0.0131484 0.956551 425.167 
0.957076 -0.00208391 -0.28983 67.5828 0.0063983 0.999882 0.0139392 -31.9908 0.289767 -0.0151953 0.956977 427.297 
0.95809 -0.00107637 -0.286464 66.9449 0.00650288 0.999817 0.0179924 -31.9984 0.286392 -0.0191012 0.957922 429.428 
0.958979 0.00269273 -0.283463 66.3132 0.00393023 0.999733 0.0227932 -32.0034 0.283448 -0.0229723 0.958712 431.553 
0.960261 0.0051698 -0.279056 65.3917 0.00160655 0.99971 0.0240489 -32.0079 0.279099 -0.0235416 0.959974 434.718 
0.961188 0.00188303 -0.275888 64.5017 0.00720436 0.999464 0.0319215 -32.0015 0.2758 -0.0326702 0.96066 437.857 
0.962059 -0.00428424 -0.272808 63.6349 0.0139431 0.999342 0.0334765 -31.9743 0.272485 -0.0360102 0.961486 440.951 
0.962095 -0.0107514 -0.272501 63.0684 0.0209441 0.999184 0.0345231 -31.9518 0.271907 -0.0389218 0.961536 442.995 
0.961939 -0.0134534 -0.272931 62.235 0.0243094 0.99904 0.0364327 -31.9228 0.272179 -0.0416809 0.961343 446.017 
0.961573 -0.0133531 -0.274224 61.4055 0.0249738 0.99893 0.0389293 -31.887 0.273411 -0.0442818 0.960878 448.987 
0.961222 -0.0143817 -0.275401 60.5885 0.0266867 0.998803 0.0409851 -31.8394 0.274482 -0.0467453 0.960455 451.906 
0.96075 -0.0148161 -0.277021 59.7736 0.0275126 0.998739 0.0420016 -31.7727 0.27605 -0.0479746 0.959945 454.771 
0.9609 -0.00955592 -0.276731 58.9594 0.023352 0.998641 0.046601 -31.6879 0.27591 -0.0512411 0.959817 457.599 
0.960765 -0.00655818 -0.277285 58.1387 0.0226788 0.99823 0.0549701 -31.5928 0.276434 -0.0591018 0.959214 460.379 
0.959803 -0.00596861 -0.28061 57.5952 0.0244655 0.997748 0.06246 -31.5162 0.279605 -0.0668146 0.957787 462.219 
0.958704 -0.00830628 -0.284283 57.0547 0.0282909 0.997401 0.0662648 -31.4303 0.282994 -0.071571 0.956448 464.035 
0.957625 -0.00937175 -0.287866 56.5131 0.0303643 0.997186 0.0685466 -31.3505 0.286413 -0.0743828 0.955214 465.838 
0.957107 -0.0115958 -0.289504 55.9752 0.0331265 0.997026 0.0695817 -31.2685 0.287836 -0.0761874 0.954644 467.616 
0.957609 -0.0113001 -0.287849 55.4431 0.0328739 0.996989 0.0702253 -31.1895 0.286189 -0.0767111 0.955098 469.359 
0.958089 -0.0170345 -0.285963 54.6862 0.0392712 0.996616 0.0722067 -31.0678 0.283765 -0.0804106 0.955516 471.908 
0.958565 -0.0202761 -0.284151 53.9577 0.040953 0.996911 0.0670158 -30.9514 0.281914 -0.0758758 0.956435 474.335 
0.959316 -0.0200649 -0.281621 53.2567 0.0399396 0.997085 0.0650104 -30.8419 0.279495 -0.0736133 0.957321 476.667 
0.961049 -0.0224695 -0.275465 52.5824 0.0413894 0.997151 0.0630634 -30.7371 0.273263 -0.0720082 0.959241 478.964 
0.964293 -0.0244932 -0.263703 52.159 0.042038 0.997246 0.0610962 -30.6725 0.261481 -0.0700001 0.962667 480.495 
0.97339 -0.0155141 -0.22863 51.5794 0.0330471 0.99678 0.0730588 -30.5647 0.226761 -0.0786702 0.970768 482.808 
0.980884 -0.0147041 -0.194039 51.2648 0.0306584 0.996365 0.0794773 -30.4834 0.192165 -0.0839069 0.977769 484.35 
0.988603 -0.0107329 -0.150166 51.0139 0.023514 0.996222 0.0835985 -30.3874 0.148701 -0.0861767 0.98512 485.899 
0.994989 -0.0116668 -0.0992985 50.8561 0.0203664 0.995995 0.0870533 -30.2904 0.0978853 -0.0886394 0.991242 487.456 
0.998858 -0.0149869 -0.0453684 50.7896 0.0187796 0.996258 0.0843608 -30.1898 0.0439343 -0.0851164 0.995402 489.04 
0.999795 -0.0185178 0.00821824 50.7981 0.0177601 0.996285 0.0842635 -30.0926 -0.00974808 -0.0841002 0.99641 490.61 
0.997861 -0.0242696 0.0606976 50.8958 0.018913 0.996001 0.0873174 -29.9942 -0.062574 -0.0859826 0.99433 492.187 
0.993405 -0.0293888 0.110828 51.0769 0.0195127 0.995826 0.0891655 -29.889 -0.112986 -0.0864149 0.989832 493.768 
0.986342 -0.0346798 0.161016 51.3453 0.0203927 0.995773 0.0895501 -29.7821 -0.163441 -0.0850435 0.982881 495.368 
0.977274 -0.0381445 0.208522 51.6902 0.0202457 0.995976 0.0873073 -29.6766 -0.211013 -0.0811014 0.974113 496.954 
0.967529 -0.0423354 0.249188 52.1039 0.021622 0.996122 0.0852826 -29.566 -0.251832 -0.0771255 0.964693 498.538 
0.957328 -0.0421914 0.285909 52.5773 0.0187873 0.996279 0.0841137 -29.4588 -0.288394 -0.0751529 0.954558 500.13 
0.946159 -0.0436213 0.32075 53.115 0.0176635 0.99636 0.0833986 -29.3487 -0.32322 -0.0732428 0.943485 501.727 
0.933372 -0.0448906 0.356091 53.7184 0.0159963 0.996364 0.0836777 -29.2429 -0.358553 -0.0724063 0.930697 503.31 
0.919318 -0.0505148 0.390261 54.397 0.0176039 0.996013 0.0874539 -29.1344 -0.393123 -0.0735278 0.916541 504.885 
0.904549 -0.0503895 0.423382 55.1285 0.0153299 0.996193 0.0858115 -29.0295 -0.426094 -0.0711303 0.901878 506.441 
0.888878 -0.048348 0.455585 55.92 0.0125411 0.996611 0.0812947 -28.921 -0.457972 -0.0665475 0.886472 507.988 
0.858799 -0.0439808 0.510422 57.2209 0.00300788 0.996724 0.0808225 -28.7695 -0.512304 -0.067875 0.856118 510.261 
0.818779 -0.0480727 0.572093 58.7036 -0.000923859 0.996376 0.0850473 -28.6201 -0.574108 -0.0701635 0.815768 512.434 
0.768688 -0.0537149 0.637364 60.3569 -0.000936108 0.996372 0.0850999 -28.4656 -0.639623 -0.0660119 0.765849 514.474 
0.716285 -0.0623702 0.695015 62.148 0.00201241 0.996178 0.0873225 -28.3133 -0.697805 -0.0611491 0.713673 516.349 
0.684684 -0.0638312 0.726039 63.41 0.00253721 0.99636 0.0852044 -28.2152 -0.728835 -0.056496 0.682354 517.523 
0.655881 -0.0697424 0.751635 64.7264 0.00273223 0.995936 0.0900263 -28.1095 -0.754859 -0.0569929 0.653406 518.668 
0.626682 -0.0677932 0.77632 66.0813 -0.00102509 0.996136 0.0878164 -28.003 -0.779274 -0.0558288 0.624191 519.763 
0.579397 -0.0770061 0.811399 68.2267 -0.00326804 0.995299 0.0967928 -27.8248 -0.815039 -0.0587331 0.576422 521.333 
0.522391 -0.0802358 0.848923 70.4901 -0.00688308 0.995134 0.0982905 -27.6319 -0.852678 -0.0571893 0.519297 522.775 
0.457994 -0.085595 0.884825 72.882 -0.00277062 0.995211 0.0977076 -27.4317 -0.888951 -0.047201 0.455564 524.054 
0.38832 -0.0909325 0.917027 75.4026 -0.000981455 0.995078 0.0990876 -27.2269 -0.921524 -0.0393777 0.386319 525.153 
0.314972 -0.0870086 0.945104 78.0489 -0.00831795 0.995498 0.0944201 -27.0258 -0.949064 -0.037601 0.31283 526.099 
0.237766 -0.0880954 0.967319 80.8123 -0.0146621 0.99544 0.0942603 -26.8293 -0.971212 -0.0365948 0.23539 526.846 
0.184423 -0.0893801 0.978774 82.7154 -0.0123426 0.995567 0.0932393 -26.6943 -0.982769 -0.0292761 0.182502 527.212 
0.132089 -0.0921512 0.986945 84.662 -0.0115584 0.995458 0.094493 -26.5521 -0.99117 -0.0238891 0.130424 527.496 
0.0815332 -0.0899164 0.992606 86.6344 -0.0115447 0.99577 0.0911513 -26.4093 -0.996604 -0.0188912 0.0801502 527.669 
0.0313321 -0.0926842 0.995202 88.6443 -0.0134752 0.995562 0.0931419 -26.2693 -0.999418 -0.0163288 0.0299441 527.749 
-0.0172363 -0.0971677 0.995119 90.686 -0.0157703 0.995169 0.0968995 -26.1243 -0.999727 -0.0140231 -0.0186854 527.745 
-0.0667737 -0.0952386 0.993212 92.7424 -0.0209662 0.995348 0.0940339 -25.9789 -0.997548 -0.0145448 -0.0684599 527.632 
-0.116931 -0.0929672 0.988779 94.8118 -0.0232653 0.995592 0.0908564 -25.8355 -0.992868 -0.0123804 -0.118578 527.412 
-0.164627 -0.0949003 0.98178 96.8923 -0.022649 0.995462 0.092425 -25.6915 -0.986096 -0.00702067 -0.166029 527.084 
-0.207728 -0.0902972 0.97401 98.9759 -0.019421 0.995915 0.088186 -25.5494 -0.977994 -0.000597577 -0.208633 526.669 
-0.24807 -0.0896357 0.964586 101.063 -0.0223753 0.995975 0.0867981 -25.4125 -0.968484 -5.09108e-05 -0.249077 526.158 
-0.309121 -0.0831082 0.947384 104.195 -0.0299898 0.996531 0.0776342 -25.2245 -0.95055 -0.00441353 -0.310541 525.225 
-0.367657 -0.0864269 0.925937 107.306 -0.0365716 0.996246 0.0784682 -25.0472 -0.929242 -0.00501366 -0.369437 524.079 
-0.410357 -0.0870865 0.907757 110.385 -0.0350061 0.9962 0.0797467 -24.855 -0.911253 0.000947573 -0.411847 522.744 
-0.430787 -0.0798693 0.898912 113.46 -0.0211811 0.996696 0.0784069 -24.6615 -0.902205 0.0147367 -0.431056 521.282 
-0.437589 -0.0809387 0.895525 116.567 -0.0131784 0.996411 0.0836175 -24.4551 -0.899078 0.0247886 -0.437085 519.769 
-0.440884 -0.0903899 0.893001 119.739 -0.0169685 0.995578 0.0923952 -24.226 -0.897404 0.0255827 -0.440468 518.237 
-0.44386 -0.0856858 0.89199 122.982 -0.0139579 0.995958 0.0887276 -23.9808 -0.895988 0.0269323 -0.443262 516.641 
-0.445947 -0.0836997 0.891137 125.078 -0.0118467 0.996083 0.0876283 -23.8307 -0.894981 0.0285205 -0.445192 515.601 
-0.448051 -0.0879835 0.889668 127.26 -0.012906 0.995678 0.0919676 -23.6728 -0.893915 0.0297241 -0.44725 514.516 
-0.450409 -0.0917926 0.888091 129.459 -0.0140146 0.995305 0.0957664 -23.5003 -0.892712 0.0306879 -0.449581 513.419 
-0.452194 -0.092258 0.887135 131.674 -0.0137644 0.995239 0.0964843 -23.321 -0.891814 0.0314187 -0.451311 512.304 
-0.453639 -0.0859985 0.887027 133.9 -0.00835828 0.9957 0.09226 -23.1418 -0.891146 0.0344387 -0.452407 511.172 
-0.452968 -0.0901139 0.886961 136.165 -0.00957589 0.995313 0.0962319 -22.9628 -0.891476 0.0350965 -0.451707 510.03 
-0.452964 -0.0878117 0.887194 138.449 -0.0124565 0.995664 0.092188 -22.7822 -0.891442 0.0307066 -0.452094 508.889 
-0.452354 -0.0806272 0.888186 140.757 -0.0108998 0.99633 0.084893 -22.6106 -0.891772 0.0287207 -0.451573 507.73 
-0.452994 -0.0859236 0.887363 143.11 -0.0101675 0.995778 0.091231 -22.4397 -0.891455 0.0323049 -0.451955 506.549 
-0.453415 -0.0856968 0.88717 145.478 -0.0111271 0.995834 0.0905063 -22.2564 -0.89123 0.0311652 -0.452479 505.36 
-0.454241 -0.0879536 0.886527 149.083 -0.0132343 0.995671 0.0920009 -21.9825 -0.890781 0.030058 -0.453438 503.55 
-0.455406 -0.0850305 0.886214 152.738 -0.0112176 0.995897 0.08979 -21.7056 -0.890213 0.0309497 -0.454491 501.704 
-0.455962 -0.0878414 0.885654 155.205 -0.0115797 0.995619 0.0927864 -21.5136 -0.889924 0.0320515 -0.454982 500.459 
-0.456369 -0.0882759 0.885401 157.696 -0.0187912 0.995801 0.0895973 -21.3178 -0.889592 0.0242516 -0.456111 499.214 
-0.456845 -0.0930563 0.884666 160.202 -0.0275439 0.995516 0.0904927 -21.125 -0.88912 0.016974 -0.45736 497.968 
-0.456738 -0.0882971 0.885208 163.964 -0.0196126 0.99582 0.0892108 -20.8348 -0.889385 0.0233848 -0.456561 496.056 
-0.456289 -0.0899243 0.885276 167.729 -0.0149824 0.995516 0.0933999 -20.5489 -0.889706 0.0293538 -0.45559 494.14 
-0.45577 -0.0913949 0.885393 170.241 -0.0172243 0.995434 0.0938874 -20.3576 -0.889931 0.0275407 -0.455263 492.866 
-0.456077 -0.086223 0.885753 172.746 -0.0120484 0.995802 0.090732 -20.1696 -0.889859 0.0307089 -0.455202 491.587 
-0.454192 -0.0810711 0.887208 175.255 -0.00703131 0.996146 0.0874261 -19.9835 -0.890876 0.03347 -0.453012 490.315 
-0.452041 -0.0949428 0.88693 177.785 -0.0153859 0.995001 0.0986698 -19.7919 -0.891864 0.0309565 -0.451242 489.062 
-0.448204 -0.0922009 0.889164 180.295 -0.0181094 0.995399 0.0940884 -19.5851 -0.893748 0.0260685 -0.447811 487.82 
-0.444164 -0.0891414 0.8915 182.791 -0.0187305 0.995745 0.0902329 -19.4004 -0.89575 0.02338 -0.443944 486.582 
-0.442504 -0.0905358 0.892185 185.287 -0.0208381 0.99566 0.0907009 -19.2213 -0.896524 0.0215441 -0.44247 485.358 
-0.441699 -0.0923674 0.892396 187.779 -0.020733 0.995471 0.0927742 -19.0325 -0.896924 0.0224763 -0.441614 484.136 
-0.443498 -0.0900646 0.891739 190.26 -0.0211989 0.995714 0.090023 -18.8396 -0.896025 0.0210212 -0.443507 482.92 
-0.447044 -0.0857247 0.890395 192.73 -0.0173639 0.996041 0.0871781 -18.659 -0.894343 0.0235117 -0.446763 481.695 
-0.452424 -0.0869494 0.887554 195.18 -0.0149274 0.995835 0.089948 -18.4817 -0.891678 0.0274458 -0.451837 480.47 
-0.458575 -0.0900409 0.884082 197.613 -0.0157679 0.995521 0.0932118 -18.2966 -0.888516 0.0288046 -0.457941 479.239 
-0.46692 -0.0822254 0.880468 201.204 -0.0108134 0.996124 0.0872919 -18.0212 -0.884234 0.0312374 -0.465999 477.375 
-0.474966 -0.0880495 0.875588 204.75 -0.0172382 0.995722 0.0907793 -17.7613 -0.879835 0.0280235 -0.474452 475.503 
-0.481833 -0.092414 0.871376 208.185 -0.0220624 0.995387 0.0933665 -17.5038 -0.875985 0.0257624 -0.481649 473.649 
-0.486687 -0.0956476 0.868325 211.46 -0.0260823 0.995136 0.0949973 -17.2566 -0.873187 0.0235861 -0.486814 471.853 
-0.487778 -0.0990082 0.867335 214.577 -0.0336724 0.994942 0.0946379 -17.0231 -0.872318 0.016957 -0.488644 470.138 
-0.483425 -0.0996881 0.869691 216.564 -0.0357062 0.994913 0.0941941 -16.8765 -0.874657 0.0144824 -0.484525 469.05 
-0.471996 -0.100188 0.87589 218.489 -0.0363675 0.994889 0.0942017 -16.7327 -0.88085 0.0126089 -0.473227 468.019 
-0.451055 -0.100099 0.886865 220.383 -0.0348613 0.994908 0.0945632 -16.5918 -0.891815 0.0117359 -0.452248 467.052 
-0.421935 -0.0974797 0.90137 222.267 -0.0325789 0.995191 0.0923757 -16.4518 -0.906041 0.00961086 -0.423081 466.158 
-0.388563 -0.0977402 0.916223 224.157 -0.0401848 0.995209 0.0891241 -16.3166 -0.920545 -0.00218788 -0.39063 465.368 
-0.353069 -0.0933144 0.930932 226.038 -0.0410068 0.995601 0.0842443 -16.1878 -0.934698 -0.00843051 -0.355342 464.645 
-0.314426 -0.0942341 0.944593 227.947 -0.040324 0.995488 0.0858888 -16.0577 -0.948425 -0.011084 -0.316808 463.994 
-0.275061 -0.100416 0.956168 229.883 -0.0426174 0.994827 0.092216 -15.9188 -0.960482 -0.0153844 -0.277917 463.425 
-0.234543 -0.10607 0.966302 231.845 -0.046761 0.99411 0.0977723 -15.7683 -0.97098 -0.0222534 -0.238122 462.947 
-0.194117 -0.107011 0.975124 233.802 -0.0527985 0.993731 0.098543 -15.6106 -0.979556 -0.0323562 -0.198551 462.551 
-0.151858 -0.107344 0.982556 235.78 -0.0528291 0.993546 0.100379 -15.4526 -0.986989 -0.0366641 -0.156549 462.243 
-0.103429 -0.100298 0.989567 237.775 -0.0452588 0.994347 0.0960516 -15.296 -0.993607 -0.0348521 -0.107383 462.014 
-0.0501458 -0.0926378 0.994436 239.802 -0.0355468 0.995224 0.0909187 -15.1487 -0.998109 -0.0307898 -0.0531993 461.909 
0.00612622 -0.0918557 0.995753 241.848 -0.0318234 0.99525 0.092005 -15.0087 -0.999475 -0.0322519 0.00317395 461.906 
0.0650496 -0.0919173 0.99364 243.922 -0.031174 0.995075 0.094091 -14.8679 -0.997395 -0.0370962 0.0618638 462.025 
0.125157 -0.093933 0.98768 246.015 -0.0360416 0.99442 0.0991411 -14.7172 -0.991482 -0.0480058 0.121073 462.301 
0.211805 -0.0842779 0.973671 249.116 -0.0451468 0.994367 0.0958901 -14.4728 -0.976269 -0.0642681 0.206807 462.905 
0.295103 -0.0773656 0.952328 252.218 -0.0481942 0.994242 0.0957049 -14.2421 -0.954249 -0.0741394 0.289675 463.815 
0.37702 -0.0749883 0.923165 255.284 -0.0469716 0.993887 0.0999162 -13.9985 -0.925013 -0.0810329 0.371192 464.992 
0.427651 -0.0708043 0.901167 257.288 -0.0415638 0.994333 0.0978486 -13.8328 -0.902988 -0.0793009 0.422285 465.915 
0.474232 -0.0732488 0.877348 259.272 -0.0430048 0.993416 0.106185 -13.6606 -0.879349 -0.0880863 0.467959 466.974 
0.538033 -0.0763426 0.83946 262.167 -0.0381327 0.992666 0.114716 -13.3658 -0.842061 -0.0937317 0.531176 468.728 
0.589097 -0.0696665 0.805054 264.95 -0.0407553 0.992447 0.115706 -13.047 -0.807034 -0.100972 0.581808 470.682 
0.625561 -0.0631104 0.777619 267.665 -0.0463134 0.991961 0.117763 -12.7088 -0.778799 -0.109682 0.617609 472.817 
0.654227 -0.0568438 0.754159 270.327 -0.0446172 0.992534 0.113516 -12.3719 -0.754981 -0.107914 0.646806 475.066 
0.668675 -0.0545287 0.741552 272.08 -0.042629 0.992856 0.111447 -12.1617 -0.742332 -0.106134 0.661573 476.625 
0.676311 -0.0549713 0.734563 273.82 -0.0431685 0.99254 0.114022 -11.967 -0.735351 -0.108825 0.668892 478.207 
0.683193 -0.0579032 0.727939 276.385 -0.0421938 0.992056 0.118512 -11.6556 -0.729018 -0.111681 0.675322 480.591 
0.687089 -0.0545471 0.724523 278.074 -0.0438596 0.992246 0.116297 -11.4421 -0.725248 -0.111684 0.679369 482.184 
0.689275 -0.0538172 0.722499 279.748 -0.0396231 0.992945 0.111763 -11.2369 -0.723416 -0.105663 0.682279 483.771 
0.688847 -0.0554917 0.722779 281.391 -0.0378981 0.992945 0.112353 -11.0423 -0.723915 -0.104786 0.681885 485.347 
0.683938 -0.0569196 0.727316 283.007 -0.0407318 0.992417 0.115969 -10.8506 -0.728402 -0.10894 0.676434 486.882 
0.674578 -0.0572631 0.73598 284.6 -0.0450702 0.991932 0.118487 -10.6566 -0.736827 -0.1131 0.666554 488.362 
0.661794 -0.0532373 0.747793 286.166 -0.0490533 0.992263 0.114054 -10.4756 -0.748079 -0.112162 0.654062 489.76 
0.64317 -0.0518463 0.763966 287.71 -0.0496342 0.992784 0.109161 -10.3041 -0.764113 -0.108128 0.635956 491.075 
0.621865 -0.0532379 0.781313 289.24 -0.0460991 0.993468 0.104385 -10.1526 -0.781767 -0.100931 0.615348 492.294 
0.598599 -0.0561291 0.79908 290.753 -0.0416528 0.994012 0.101024 -10.0172 -0.799965 -0.0937567 0.592676 493.425 
0.572796 -0.0536601 0.81794 292.232 -0.0324068 0.995592 0.088009 -9.90145 -0.819057 -0.076918 0.568532 494.446 
0.544667 -0.0326163 0.838018 293.652 -0.03474 0.997508 0.0614029 -9.81724 -0.837932 -0.0625569 0.542177 495.367 
0.487937 -0.0226563 0.872585 295.756 -0.042515 0.99786 0.0496828 -9.72877 -0.871843 -0.0613399 0.485929 496.606 
0.407443 -0.0351532 0.912554 297.85 -0.0409607 0.99755 0.0567158 -9.66776 -0.912312 -0.0604872 0.405005 497.573 
0.297486 -0.0258773 0.954376 299.973 -0.0265743 0.999021 0.0353712 -9.62531 -0.954356 -0.0358843 0.296507 498.248 
0.176091 -0.0131424 0.984286 302.158 -0.0247127 0.999537 0.0177671 -9.61293 -0.984064 -0.027453 0.175684 498.68 
0.0501923 -0.0296213 0.9983 304.383 -0.0263324 0.999173 0.0309712 -9.60902 -0.998392 -0.0278421 0.0493708 498.847 
-0.122223 -0.0247997 0.992193 307.25 -0.0159841 0.999607 0.0230161 -9.56395 -0.992374 -0.0130462 -0.122572 498.551 
-0.245508 -0.0221233 0.969142 310.083 -0.00378766 0.999754 0.0218626 -9.53397 -0.969387 0.00169667 -0.245532 497.866 
-0.30233 -0.0214468 0.952962 312.168 0.00269043 0.999724 0.0233528 -9.49048 -0.953199 0.00962412 -0.302189 497.17 
-0.354384 -0.0208757 0.934867 314.243 0.00960199 0.999617 0.0259614 -9.43471 -0.935051 0.0181769 -0.354047 496.345 
-0.417568 -0.0217128 0.908386 316.287 0.00609262 0.999625 0.0266943 -9.38986 -0.908625 0.0166811 -0.417279 495.404 
-0.498565 -0.0151185 0.866721 318.242 0.00563942 0.99977 0.0206833 -9.36405 -0.866834 0.0151998 -0.498365 494.294 
-0.596102 -0.0184164 0.802697 320.068 0.00894212 0.999523 0.0295728 -9.33721 -0.802859 0.0248062 -0.595653 492.959 
-0.661369 -0.0126535 0.749954 321.17 0.0127258 0.999525 0.028087 -9.31891 -0.749953 0.0281196 -0.660894 491.942 
-0.778943 -0.00500714 0.627075 323.028 0.0205962 0.999224 0.0335629 -9.25277 -0.626757 0.0390589 -0.778236 489.68 
-0.903416 0.0158462 0.428473 325.381 0.0317752 0.999043 0.030049 -9.20397 -0.427587 0.0407616 -0.903055 485.451 
-0.956321 0.0256682 0.291191 326.541 0.0389101 0.998451 0.0397746 -9.16363 -0.289719 0.0493676 -0.955838 482.161 
-0.985862 0.0381966 0.163146 327.058 0.0449626 0.998266 0.0379812 -9.11675 -0.161412 0.0447797 -0.985871 479.387 
-0.997282 0.0396603 0.0621018 327.218 0.0426998 0.997915 0.0484051 -9.08442 -0.0600525 0.0509252 -0.996895 477.249 
-0.996697 0.0460674 -0.0668825 327.083 0.0430928 0.998045 0.0452575 -8.99858 0.0688367 0.0422259 -0.996734 474.331 
-0.984553 0.0532708 -0.166789 326.613 0.0465234 0.997943 0.0441066 -8.90079 0.168796 0.0356657 -0.985006 471.313 
-0.971826 0.0482837 -0.230699 325.911 0.0401793 0.998403 0.0397025 -8.82954 0.232248 0.0293146 -0.972215 468.195 
-0.963738 0.0499003 -0.262145 325.253 0.0397843 0.99825 0.0437596 -8.78419 0.263869 0.0317435 -0.964036 465.771 
-0.96069 0.0523416 -0.272646 324.526 0.0434546 0.998312 0.0385368 -8.7195 0.274203 0.0251742 -0.961342 463.283 
-0.958569 0.058039 -0.278884 323.503 0.0472164 0.997854 0.0453742 -8.6176 0.280919 0.0303264 -0.959252 459.821 
-0.956747 0.0569918 -0.285285 322.428 0.0469871 0.998021 0.0417977 -8.47669 0.287103 0.0265851 -0.957531 456.222 
-0.955199 0.0589729 -0.290029 321.582 0.0485973 0.997899 0.042854 -8.39646 0.291946 0.0268395 -0.956058 453.439 
-0.953519 0.061792 -0.294929 320.7 0.0511695 0.997738 0.0436075 -8.31766 0.296956 0.0264892 -0.954524 450.59 
-0.952578 0.061175 -0.298081 320.102 0.0501914 0.997753 0.0443719 -8.27599 0.300126 0.0273066 -0.953509 448.673 
-0.951233 0.0571196 -0.30314 319.195 0.0448056 0.997869 0.0474279 -8.1992 0.305203 0.0315326 -0.951765 445.777 
-0.950243 0.0609509 -0.30549 317.934 0.0486307 0.997673 0.0477862 -8.09335 0.307692 0.0305523 -0.950995 441.902 
-0.95783 0.0413472 -0.284346 316.159 0.0332713 0.998896 0.0331755 -7.97629 0.285404 0.0223159 -0.958147 436.053 
-0.96866 0.0233445 -0.24729 314.867 0.015406 0.999304 0.0339884 -7.9723 0.247912 0.0291134 -0.968345 431.133 
-0.981427 0.0266766 -0.189971 314.024 0.0206646 0.999223 0.0335581 -7.96158 0.190719 0.0290091 -0.981216 427.175 
-0.988698 0.0206046 -0.148498 313.546 0.0165795 0.999462 0.0282925 -7.94233 0.149001 0.0255107 -0.988508 424.189 
-0.993986 0.0238475 -0.106882 313.186 0.0205413 0.999279 0.0319282 -7.93433 0.107566 0.0295407 -0.993759 421.192 
-0.997625 0.0128203 -0.0676802 312.967 0.0102776 0.999233 0.0377848 -7.91651 0.0681127 0.0369995 -0.996991 418.184 
-0.999545 0.0079571 -0.0290915 312.865 0.00684236 0.999246 0.0382195 -7.88221 0.0293736 0.0380031 -0.998846 415.18 
-0.999959 0.00846416 -0.00330604 312.854 0.00832231 0.999133 0.0407943 -7.83679 0.00364846 0.0407651 -0.999162 413.168 
-0.99974 0.00603881 0.022001 312.9 0.00703123 0.998948 0.0453129 -7.78816 -0.0217042 0.0454558 -0.998731 411.16 
-0.999371 0.00810722 0.0345197 312.938 0.00965693 0.998942 0.0449659 -7.77085 -0.0341186 0.0452709 -0.998392 410.161 
-0.998234 0.009877 0.0585714 313.048 0.0122262 0.999129 0.0398871 -7.72747 -0.0581264 0.0405328 -0.997486 408.161 
-0.996565 0.00858996 0.0823649 313.204 0.0117607 0.999205 0.0380886 -7.68043 -0.0819723 0.0389265 -0.995874 406.159 
-0.993638 0.00606982 0.112454 313.52 0.00993501 0.999378 0.0338427 -7.61797 -0.112179 0.0347447 -0.99308 403.163 
-0.991347 0.00377698 0.131216 313.782 0.00812378 0.999435 0.0326075 -7.59084 -0.131019 0.0333913 -0.990817 401.177 
-0.988961 0.00230399 0.148161 314.076 0.00759853 0.999352 0.035179 -7.56483 -0.147984 0.0359164 -0.988337 399.207 
-0.984907 -0.00208964 0.17307 314.583 0.00440624 0.9993 0.0371406 -7.53343 -0.173026 0.0373426 -0.984209 396.281 
-0.982174 -0.00687455 0.187849 314.957 0.000531135 0.999225 0.0393449 -7.50906 -0.187974 0.0387432 -0.98141 394.351 
-0.979392 -0.00930626 0.201752 315.357 -0.000935856 0.999136 0.0415443 -7.48027 -0.201964 0.0404994 -0.978555 392.439 
-0.976448 -0.0114838 0.215446 315.779 -0.00182837 0.998987 0.0449618 -7.4469 -0.215744 0.043509 -0.97548 390.542 
-0.973357 -0.0110108 0.229032 316.211 -0.0018761 0.999195 0.0400634 -7.39784 -0.229289 0.0385663 -0.972594 388.683 
-0.970111 -0.0110666 0.242408 316.649 -0.00280674 0.999404 0.0343929 -7.3478 -0.242644 0.0326846 -0.969565 386.861 
-0.966533 -0.00971696 0.256358 317.106 -0.00187393 0.999523 0.0308206 -7.31197 -0.256535 0.0293087 -0.96609 385.095 
-0.962424 -0.00598589 0.271485 317.575 8.3163e-05 0.99975 0.022338 -7.30338 -0.271551 0.0215212 -0.962183 383.412 
-0.958651 -0.00388969 0.284556 318.049 -0.0033247 0.999991 0.00246847 -7.3157 -0.284564 0.00142034 -0.958656 381.841 
-0.955718 -0.00509842 0.294239 318.502 -0.00930089 0.999874 -0.0128849 -7.32689 -0.294136 -0.0150511 -0.955645 380.353 
-0.953807 -0.0019984 0.300414 318.941 -0.0103106 0.999606 -0.0260866 -7.37578 -0.300243 -0.027979 -0.953452 378.965 
-0.953278 0.00247117 0.302083 319.346 -0.00940954 0.999238 -0.0378677 -7.42868 -0.301947 -0.0389409 -0.952529 377.631 
-0.95658 0.011157 0.291255 319.89 0.00289219 0.999581 -0.0287918 -7.49463 -0.291454 -0.0266993 -0.956212 375.63 
-0.963616 0.0135864 0.266943 320.203 0.00525416 0.999477 -0.0319032 -7.52633 -0.267237 -0.0293399 -0.963184 374.324 
-0.980841 0.0192272 0.193858 320.548 0.0168735 0.999763 -0.0137854 -7.56589 -0.194077 -0.0102502 -0.980933 372.372 
-0.996198 0.0231369 0.0839914 320.698 0.023555 0.999715 0.00399096 -7.60412 -0.0838751 0.00595421 -0.996459 370.459 
-0.995601 0.0298248 -0.0888237 320.471 0.0281315 0.999399 0.0202559 -7.59618 0.0893744 0.017668 -0.995841 367.917 
-0.974186 0.032484 -0.223396 320.019 0.0254832 0.999092 0.0341506 -7.5449 0.224302 0.0275762 -0.974129 366.058 
-0.934134 0.0295815 -0.355695 319.295 0.0151041 0.998943 0.0434106 -7.46419 0.356604 0.0351789 -0.933593 364.228 
-0.87851 0.0391565 -0.476116 318.311 0.019689 0.998756 0.0458099 -7.36972 0.477318 0.0308702 -0.878188 362.48 
-0.837786 0.0472323 -0.543951 317.527 0.0245951 0.998505 0.048821 -7.31545 0.545444 0.027523 -0.837695 361.353 
-0.780941 0.0541101 -0.622257 316.188 0.0334302 0.998433 0.0448663 -7.21221 0.62371 0.0142357 -0.781526 359.728 
-0.738764 0.0617887 -0.671126 314.66 0.0446356 0.998088 0.0427571 -7.12682 0.672485 0.00163133 -0.740109 358.106 
-0.706854 0.0623819 -0.704604 312.996 0.0465339 0.998047 0.0416794 -7.04967 0.705828 -0.00332678 -0.708376 356.444 
-0.69035 0.06369 -0.720667 311.803 0.0498308 0.997938 0.0404598 -6.99547 0.721758 -0.00798 -0.6921 355.326 
-0.688427 0.0702762 -0.721893 309.912 0.0569221 0.99746 0.0428194 -6.90971 0.723069 -0.0116136 -0.690679 353.572 
-0.694634 0.0672192 -0.716216 308.615 0.0514416 0.997717 0.0437476 -6.83478 0.717522 -0.00645469 -0.696506 352.322 
-0.697153 0.0629376 -0.714155 307.282 0.0469054 0.998009 0.0421647 -6.75073 0.715387 -0.00410242 -0.698717 351.031 
-0.69909 0.0621566 -0.712327 305.919 0.0450217 0.998064 0.0429045 -6.67113 0.713615 -0.00207608 -0.700535 349.71 
-0.702588 0.0596894 -0.709089 303.815 0.0438494 0.998214 0.0405798 -6.55662 0.710245 -0.00258224 -0.70395 347.661 
-0.706816 0.0546632 -0.705283 301.671 0.043846 0.998478 0.0334461 -6.48158 0.706038 -0.00728354 -0.708137 345.531 
-0.71023 0.0498876 -0.7022 300.222 0.0425942 0.998704 0.0278713 -6.43475 0.70268 -0.0101147 -0.711434 344.066 
-0.713531 0.0476822 -0.698999 298.768 0.0400179 0.998826 0.0272851 -6.40609 0.69948 -0.00850377 -0.714602 342.576 
-0.71783 0.0514545 -0.694314 297.312 0.0407303 0.998661 0.0318993 -6.38814 0.695026 -0.00538133 -0.718965 341.064 
-0.725174 0.0527931 -0.686539 295.864 0.0398124 0.998603 0.0347372 -6.36572 0.687414 -0.00214228 -0.726263 339.531 
-0.738833 0.0519372 -0.671884 293.721 0.0377989 0.99865 0.0356312 -6.32843 0.672828 0.000928976 -0.739799 337.18 
-0.76058 0.0542937 -0.64697 291.614 0.0440244 0.998517 0.0320404 -6.27952 0.64775 -0.00411318 -0.761842 334.765 
-0.790179 0.0554193 -0.610366 289.625 0.0489897 0.998428 0.0272322 -6.25895 0.610915 -0.00838326 -0.791652 332.265 
-0.809789 0.0506524 -0.584531 288.369 0.044696 0.998697 0.0246216 -6.24678 0.585017 -0.00618793 -0.810998 330.531 
-0.825494 0.0494635 -0.56224 287.171 0.0407792 0.998776 0.0279952 -6.24851 0.562936 0.000182194 -0.8265 328.759 
-0.840221 0.0489535 -0.54003 286.027 0.0391159 0.998794 0.0296807 -6.25457 0.540832 0.00381461 -0.841122 326.96 
-0.853889 0.0478512 -0.518251 284.911 0.0395917 0.998851 0.0269933 -6.25536 0.518947 0.00253088 -0.854803 325.123 
-0.866969 0.0457067 -0.496262 283.831 0.0395651 0.998955 0.0228856 -6.26339 0.496789 0.000206387 -0.867871 323.246 
-0.878544 0.0464624 -0.475395 282.783 0.0422848 0.998916 0.0194848 -6.26655 0.475785 -0.0029837 -0.879556 321.333 
-0.890065 0.0533764 -0.452698 281.254 0.0479344 0.998574 0.0234939 -6.2532 0.453306 -0.000788703 -0.891355 318.389 
-0.893975 0.0523476 -0.445049 280.262 0.0462873 0.998628 0.024483 -6.24511 0.44572 0.00128709 -0.895171 316.387 
-0.895412 0.0495951 -0.442468 279.274 0.0437021 0.998768 0.0235106 -6.23733 0.443089 0.00171495 -0.896476 314.371 
-0.898395 0.0492817 -0.436415 277.775 0.0444202 0.998785 0.0213443 -6.21907 0.436937 -0.000210017 -0.899492 311.309 
-0.901147 0.0561475 -0.429862 276.767 0.049774 0.99842 0.0260668 -6.20222 0.430647 0.00209407 -0.902518 309.235 
-0.903314 0.0579936 -0.425042 275.761 0.055187 0.998297 0.0189243 -6.17887 0.425415 -0.00636223 -0.904976 307.144 
-0.904094 0.0597794 -0.423132 274.757 0.0566198 0.998194 0.0200454 -6.16746 0.423567 -0.00583469 -0.905846 305.022 
-0.904101 0.0663325 -0.42214 273.733 0.0597007 0.997797 0.0289263 -6.13289 0.423129 0.000950192 -0.906069 302.874 
-0.903242 0.0748683 -0.422551 272.682 0.0695619 0.997185 0.027988 -6.07492 0.423457 -0.0041135 -0.905907 300.715 
-0.902159 0.0782843 -0.424241 271.62 0.0743245 0.996898 0.0259025 -6.03126 0.424953 -0.00816334 -0.905179 298.532 
-0.900808 0.0737034 -0.427916 270.558 0.0679644 0.997275 0.0286965 -5.99582 0.428865 -0.00323305 -0.903363 296.319 
-0.897539 0.0633489 -0.436361 269.481 0.0554738 0.997986 0.0307804 -5.95029 0.437432 0.00341995 -0.899245 294.085 
-0.892321 0.0536685 -0.4482 268.364 0.0444603 0.998529 0.0310501 -5.89128 0.449207 0.00777948 -0.893394 291.836 
-0.885418 0.0474764 -0.462365 267.209 0.0393481 0.998855 0.0272136 -5.84399 0.463128 0.0059022 -0.886272 289.597 
-0.877349 0.0550759 -0.476682 266 0.0443697 0.998447 0.0336969 -5.79889 0.477798 0.00841371 -0.87843 287.361 
-0.868271 0.0642723 -0.491908 264.728 0.0550828 0.997931 0.0331617 -5.73585 0.493022 0.00169768 -0.870015 285.132 
-0.860322 0.06562 -0.505509 263.426 0.0604277 0.997816 0.0266847 -5.69938 0.506156 -0.00758929 -0.862409 282.914 
-0.852222 0.0707503 -0.518375 262.085 0.0606685 0.997494 0.0364022 -5.6505 0.519651 -0.000426256 -0.854378 280.682 
-0.843677 0.0834042 -0.530333 260.008 0.0736072 0.9965 0.0396196 -5.55291 0.531782 -0.00561021 -0.846863 277.379 
-0.841562 0.0788666 -0.534373 258.62 0.0704594 0.996859 0.0361601 -5.50785 0.535546 -0.00722066 -0.844475 275.176 
-0.840385 0.0724927 -0.537121 257.219 0.0624367 0.997366 0.0369208 -5.44158 0.538382 -0.00250842 -0.842697 272.951 
-0.839312 0.0735551 -0.53865 255.789 0.061282 0.99729 0.0406964 -5.36927 0.540184 0.00114748 -0.841546 270.72 
-0.839175 0.0744023 -0.538749 254.344 0.0615656 0.997226 0.0418222 -5.30915 0.540366 0.00192775 -0.841428 268.488 
-0.83939 0.071756 -0.538773 252.9 0.0586542 0.997417 0.041459 -5.23864 0.540356 0.00319904 -0.84143 266.234 
-0.838196 0.0702582 -0.540824 251.438 0.0557081 0.99751 0.0432469 -5.15609 0.542516 0.00612112 -0.840023 263.958 
-0.835145 0.0727104 -0.545202 249.194 0.0580274 0.99734 0.0441225 -5.00673 0.54696 0.00521207 -0.837143 260.542 
-0.83407 0.0705781 -0.547125 247.697 0.0552423 0.997483 0.0444587 -4.92363 0.548886 0.00685715 -0.835869 258.254 
-0.834191 0.0715216 -0.546818 246.199 0.0553454 0.997406 0.0460253 -4.84906 0.548692 0.00813001 -0.835985 255.959 
-0.834965 0.0726364 -0.545489 243.945 0.0585098 0.99735 0.0432461 -4.75782 0.547184 0.0041925 -0.837002 252.494 
-0.835477 0.0715144 -0.544853 242.433 0.0562191 0.997417 0.0447094 -4.70039 0.546643 0.00672253 -0.837339 250.163 
-0.835902 0.0716019 -0.544188 240.122 0.0572385 0.99742 0.0433149 -4.60965 0.545886 0.0050585 -0.837844 246.649 
-0.836031 0.0715983 -0.543991 238.557 0.0578631 0.997426 0.0423514 -4.53326 0.545623 0.00393007 -0.838022 244.277 
-0.835608 0.0764973 -0.543974 236.175 0.0623023 0.997064 0.0445103 -4.37287 0.545782 0.00330232 -0.837921 240.691 
-0.8348 0.0793084 -0.544811 234.567 0.066698 0.99685 0.0429123 -4.25628 0.546498 -0.000514567 -0.83746 238.291 
-0.83366 0.080387 -0.546397 232.955 0.0694212 0.996756 0.0407259 -4.1554 0.547898 -0.00397997 -0.836536 235.883 
-0.831541 0.0775652 -0.550021 231.333 0.0653151 0.996987 0.0418518 -4.04461 0.55161 -0.00112324 -0.834101 233.458 
-0.828503 0.0774327 -0.554605 229.678 0.0616039 0.996985 0.0471691 -3.93558 0.556585 0.00491398 -0.830776 231.025 
-0.826111 0.0759552 -0.558365 228.011 0.0622576 0.997111 0.0435272 -3.82823 0.560058 0.00119574 -0.828452 228.6 
-0.824476 0.0736808 -0.561079 226.343 0.0604731 0.997282 0.0421007 -3.73017 0.562656 0.000780869 -0.826691 226.169 
-0.823023 0.0784323 -0.562567 224.66 0.0626972 0.996913 0.0472636 -3.64259 0.564538 0.00362766 -0.825399 223.74 
-0.821958 0.0826832 -0.563515 222.973 0.0673268 0.996575 0.0480205 -3.55337 0.565555 0.0015311 -0.824709 221.322 
-0.820861 0.087017 -0.56446 221.286 0.0709565 0.996206 0.050387 -3.46221 0.566703 0.00130862 -0.823921 218.901 
-0.820671 0.0898796 -0.564288 219.599 0.0742739 0.995953 0.050615 -3.36542 0.566553 -0.000373588 -0.824025 216.482 
-0.821488 0.0875485 -0.563465 217.915 0.0725795 0.99616 0.0489634 -3.29483 0.565588 -0.000673117 -0.824688 214.053 
-0.823088 0.0860285 -0.56136 216.25 0.0700651 0.996291 0.0499497 -3.2287 0.563575 0.00178129 -0.826063 211.635 
-0.825183 0.0850793 -0.558421 214.589 0.0676347 0.996362 0.0518584 -3.15316 0.560801 0.00502407 -0.827935 209.212 
-0.827593 0.0801881 -0.555571 212.944 0.0649973 0.996776 0.0470475 -3.07215 0.557552 0.00282562 -0.830137 206.787 
-0.830624 0.0717889 -0.552186 211.317 0.0576461 0.997412 0.0429581 -3.00856 0.553841 0.00385069 -0.832613 204.351 
-0.833644 0.0702248 -0.547819 209.697 0.0527625 0.997473 0.0475744 -2.92641 0.549776 0.0107558 -0.835243 201.903 
-0.836483 0.0727459 -0.543143 208.091 0.055092 0.997292 0.0487264 -2.83039 0.545217 0.0108359 -0.838225 199.449 
-0.839941 0.0776855 -0.537088 206.508 0.0594087 0.996915 0.0512878 -2.73947 0.539416 0.011171 -0.841965 196.99 
-0.848251 0.0813525 -0.523309 204.178 0.0651865 0.996656 0.0492749 -2.60998 0.525568 0.00768479 -0.850717 193.291 
-0.855892 0.0749121 -0.511701 202.671 0.0614004 0.997174 0.043284 -2.52567 0.513498 0.00562774 -0.858073 190.802 
-0.863246 0.0716552 -0.499673 201.191 0.0568589 0.997377 0.0447975 -2.46314 0.501572 0.0102604 -0.865055 188.29 
-0.87021 0.0729911 -0.487245 199.74 0.0566149 0.997228 0.0482755 -2.39652 0.489418 0.0144245 -0.87193 185.759 
-0.876537 0.0699819 -0.476219 198.335 0.0575389 0.997514 0.0406808 -2.33214 0.477882 0.00825708 -0.878385 183.227 
-0.881043 0.0718892 -0.467541 196.938 0.058747 0.997361 0.0426505 -2.25971 0.469373 0.0101103 -0.882942 180.671 
-0.883859 0.0767145 -0.46142 195.568 0.0629007 0.996992 0.04527 -2.19234 0.463505 0.0109887 -0.886026 178.119 
-0.886004 0.0761217 -0.457387 194.226 0.0648482 0.99708 0.040324 -2.14047 0.459121 0.00606648 -0.888353 175.567 
-0.888617 0.0737581 -0.452681 192.911 0.0621427 0.997245 0.0405006 -2.09719 0.454422 0.00785868 -0.890752 172.993 
-0.889906 0.073526 -0.450179 192.262 0.0613311 0.997248 0.0416387 -2.07417 0.452002 0.00944456 -0.891967 171.701 
-0.892491 0.0727954 -0.445151 190.982 0.0602879 0.997288 0.042214 -2.03491 0.447017 0.0108384 -0.89446 169.115 
-0.894687 0.0755967 -0.44025 189.717 0.0639082 0.997099 0.0413391 -2.0017 0.442099 0.00884996 -0.896923 166.528 
-0.896752 0.0789 -0.435444 188.444 0.067894 0.996858 0.0408044 -1.9432 0.437295 0.00702738 -0.899291 163.927 
-0.898755 0.0733157 -0.432278 187.197 0.0629439 0.997283 0.0382748 -1.89717 0.433909 0.0071904 -0.900928 161.312 
-0.900271 0.0685548 -0.429897 185.959 0.0548269 0.997515 0.0442556 -1.83014 0.431863 0.0162721 -0.901792 158.682 
-0.901169 0.067171 -0.428233 184.717 0.0533754 0.997598 0.0441568 -1.75965 0.43017 0.0169356 -0.902589 156.053 
-0.901894 0.0690111 -0.42641 183.475 0.0553331 0.99748 0.0444003 -1.69101 0.4284 0.0164498 -0.90344 153.423 
-0.902676 0.0673912 -0.42501 182.24 0.0557914 0.997653 0.0396964 -1.62824 0.426688 0.0121211 -0.904318 150.794 
-0.903651 0.0659146 -0.423167 181.008 0.0541961 0.997742 0.0396803 -1.5676 0.424827 0.0129231 -0.905182 148.161 
-0.905 0.0655706 -0.420327 179.791 0.0540097 0.997764 0.0393627 -1.51302 0.421969 0.0129215 -0.906518 145.532 
-0.906389 0.0666217 -0.417157 178.592 0.0549819 0.997691 0.0398721 -1.46918 0.41885 0.0132036 -0.907959 142.9 
-0.907388 0.0677225 -0.414801 177.399 0.057705 0.997661 0.0366519 -1.42939 0.416313 0.00932141 -0.909173 140.261 
-0.907104 0.0693271 -0.415159 176.191 0.0596011 0.99756 0.0363561 -1.37819 0.416666 0.00823483 -0.909022 137.609 
-0.904757 0.0669714 -0.420631 174.975 0.0567602 0.997711 0.0367638 -1.33982 0.42213 0.0093872 -0.906487 134.968 
-0.900583 0.0637324 -0.429986 173.757 0.0510709 0.997856 0.0409366 -1.33309 0.431673 0.014907 -0.901907 132.355 
-0.897712 0.0631893 -0.436028 173.137 0.0489833 0.997841 0.0437587 -1.31991 0.437852 0.0179246 -0.898868 131.052 
-0.890462 0.0623443 -0.450767 171.869 0.0456831 0.997814 0.0477608 -1.30164 0.452759 0.0219367 -0.891363 128.47 
-0.881579 0.0565108 -0.468642 170.56 0.0406038 0.998207 0.0439866 -1.26915 0.470288 0.019749 -0.882292 125.923 
-0.871646 0.0522225 -0.487345 169.204 0.034771 0.998391 0.0447948 -1.22526 0.4889 0.0220998 -0.87206 123.404 
-0.860935 0.0539393 -0.505847 167.789 0.0359597 0.998328 0.0452512 -1.14743 0.507442 0.0207682 -0.861435 120.925 
-0.849468 0.0563312 -0.524624 166.313 0.0375919 0.998219 0.0463146 -1.05042 0.526299 0.0196211 -0.850073 118.48 
-0.836371 0.0592696 -0.544951 164.779 0.0411777 0.998122 0.045359 -0.955916 0.546616 0.0154971 -0.83724 116.076 
-0.815102 0.0709388 -0.574958 162.369 0.0505859 0.997399 0.0513457 -0.797009 0.577105 0.0127673 -0.81657 112.525 
-0.801702 0.0739179 -0.593136 160.696 0.0545722 0.997231 0.0505157 -0.674005 0.595227 0.00812978 -0.803516 110.207 
-0.791018 0.0740581 -0.607294 158.986 0.0570665 0.99725 0.0472817 -0.576553 0.609126 0.00274457 -0.793069 107.936 
-0.781781 0.0832687 -0.617968 157.244 0.0693211 0.996506 0.0465782 -0.492787 0.619688 -0.00642436 -0.784822 105.701 
-0.769802 0.0842912 -0.632693 154.586 0.0711692 0.996396 0.0461539 -0.367982 0.634303 -0.00949891 -0.773026 102.373 
-0.763102 0.0822969 -0.641016 152.774 0.0684495 0.996572 0.0464588 -0.289215 0.642643 -0.00842449 -0.76612 100.171 
-0.757102 0.0848714 -0.647761 150.925 0.0668953 0.996385 0.0523621 -0.197316 0.649863 -0.00368869 -0.760042 97.9833 
-0.752578 0.0804233 -0.653574 149.065 0.063786 0.99675 0.0492032 -0.124271 0.655407 -0.00465968 -0.755262 95.8122 
-0.746005 0.0819872 -0.660874 147.172 0.0606675 0.996633 0.0551586 -0.0487024 0.663171 0.00105501 -0.748467 93.6529 
-0.735462 0.0818394 -0.672606 145.244 0.062445 0.996641 0.052986 0.033542 0.674683 -0.00303169 -0.738102 91.5336 
-0.723823 0.0811798 -0.685194 143.29 0.0639431 0.996673 0.050535 0.106228 0.687016 -0.00723498 -0.726606 89.4389 
-0.717478 0.0832711 -0.691586 141.308 0.0654876 0.996495 0.0520446 0.177119 0.693496 -0.0079494 -0.720417 87.3582 
-0.714015 0.0833459 -0.695152 139.314 0.0624286 0.996513 0.0553552 0.261725 0.697342 -0.00387292 -0.716728 85.2743 
-0.714837 0.08419 -0.694205 137.315 0.0620158 0.996447 0.0569856 0.356784 0.696536 -0.00231625 -0.717518 83.1885 
-0.717935 0.082868 -0.69116 135.31 0.0595376 0.99656 0.0576405 0.45662 0.693559 0.000232142 -0.720399 81.0849 
-0.721019 0.0731719 -0.689041 132.298 0.0575963 0.997296 0.0456375 0.615377 0.690518 -0.00678074 -0.723284 77.9098 
-0.722112 0.0830479 -0.686773 129.267 0.0658703 0.996511 0.0512432 0.749166 0.688633 -0.0082346 -0.725063 74.7374 
-0.721754 0.0809867 -0.687396 127.25 0.0650523 0.996672 0.049121 0.840489 0.689086 -0.00926342 -0.72462 72.6257 
-0.720701 0.0782897 -0.688811 125.224 0.0623544 0.996896 0.0480652 0.929862 0.690436 -0.00830972 -0.723346 70.5101 
-0.719031 0.079846 -0.690376 123.19 0.0612046 0.996794 0.0515401 1.0227 0.692277 -0.00519524 -0.721613 68.3876 
-0.716609 0.0796791 -0.692909 121.153 0.0601026 0.996812 0.0524674 1.12007 0.694881 -0.00404703 -0.719114 66.2694 
-0.71241 0.0778366 -0.697434 119.104 0.0594089 0.996951 0.0505796 1.20975 0.699245 -0.00540044 -0.714862 64.1512 
-0.708654 0.0799184 -0.701015 117.037 0.0590541 0.996796 0.053941 1.30269 0.70308 -0.0031723 -0.711103 62.0394 
-0.705329 0.0796904 -0.704387 114.964 0.0567603 0.996819 0.0559385 1.39661 0.706604 -0.000526225 -0.707609 59.9307 
-0.7014 0.0806212 -0.708194 111.799 0.0591869 0.996739 0.0548503 1.55784 0.710307 -0.00344385 -0.703884 56.7627 
-0.699585 0.0827571 -0.709741 108.609 0.0592415 0.996568 0.0578079 1.7239 0.71209 -0.0016046 -0.702087 53.5948 
-0.699162 0.078971 -0.710589 106.495 0.0530379 0.996872 0.0586019 1.81809 0.712994 0.00328407 -0.701163 51.4689 
-0.698308 0.0837905 -0.710877 104.355 0.0561607 0.996477 0.0622863 1.92999 0.713591 0.00357173 -0.700553 49.3379 
-0.699618 0.0765545 -0.710404 102.241 0.06054 0.99702 0.0478199 2.03821 0.711947 -0.00955216 -0.702168 47.2502 
-0.700185 0.0766455 -0.709835 100.126 0.0549725 0.997057 0.0534336 2.12695 0.711842 -0.00160797 -0.702338 45.1325 
-0.700712 0.080451 -0.708894 98.0075 0.0592534 0.996751 0.0545499 2.23233 0.71098 -0.00378067 -0.703202 43.0268 
-0.700673 0.0832553 -0.708609 95.8835 0.0637267 0.996502 0.0540672 2.33626 0.710631 -0.00727391 -0.703527 40.9226 
-0.700501 0.0858812 -0.708465 93.7393 0.067809 0.996251 0.0537203 2.45732 0.710422 -0.0104091 -0.703699 38.8038 
-0.702433 0.0854728 -0.706599 90.5678 0.0653932 0.996314 0.0555102 2.61426 0.708739 -0.00721455 -0.705433 35.6321 
-0.704003 0.0819488 -0.705453 87.4158 0.0587378 0.996636 0.057157 2.7936 0.707764 -0.00119804 -0.706448 32.459 
-0.705921 0.0803927 -0.703714 84.26 0.0599205 0.996754 0.0537614 3.00369 0.705752 -0.00421562 -0.708447 29.2959 
-0.707692 0.0772175 -0.702288 81.1235 0.0566864 0.997011 0.0525001 3.18464 0.704243 -0.00265629 -0.709954 26.1294 
-0.708744 0.0798312 -0.700934 77.9927 0.057414 0.996808 0.0554754 3.36162 0.703126 -0.000925592 -0.711065 22.958 
-0.709553 0.0727347 -0.700889 75.9224 0.0507083 0.99735 0.0521648 3.47427 0.702826 0.00147282 -0.711361 20.8392 
-0.710594 0.0671679 -0.700389 73.8539 0.0416954 0.997703 0.0533777 3.57986 0.702366 0.00872683 -0.711763 18.7078 
-0.711423 0.0692405 -0.699345 71.7804 0.0435873 0.997566 0.0544267 3.69061 0.701411 0.00823792 -0.71271 16.5904 
-0.711805 0.0691221 -0.698967 69.6806 0.0436658 0.997576 0.0541842 3.81262 0.701018 0.0080476 -0.713098 14.4654 
-0.7124 0.0667375 -0.698593 66.5237 0.0427706 0.997746 0.0517001 4.00121 0.700469 0.00695195 -0.713649 11.2666 
-0.712901 0.0699162 -0.697771 64.4091 0.0472057 0.997545 0.0517242 4.11777 0.699674 0.0039354 -0.714451 9.13901 
-0.714053 0.0703486 -0.696548 62.3143 0.0467132 0.997509 0.0528573 4.23005 0.698531 0.005205 -0.715561 7.00737 
-0.715195 0.0645185 -0.695941 60.2406 0.0412413 0.997891 0.050129 4.3358 0.697708 0.00715045 -0.716347 4.8748 
-0.715786 0.0593063 -0.695796 58.1672 0.0359227 0.998195 0.0481267 4.44165 0.697395 0.00945357 -0.716625 2.73356 
-0.716929 0.0554058 -0.694941 55.056 0.032892 0.998415 0.0456683 4.61163 0.696369 0.00988294 -0.717615 -0.486019 
-0.717541 0.0527886 -0.694513 51.9874 0.0338601 0.998589 0.040918 4.73028 0.695693 0.00584406 -0.718316 -3.6922 
-0.717866 0.046808 -0.694606 49.9557 0.0303662 0.998893 0.0359302 4.79262 0.695519 0.00470046 -0.718492 -5.82235 
-0.717541 0.0352996 -0.695622 47.9425 0.0205225 0.999353 0.0295434 4.83281 0.696214 0.00692275 -0.717801 -7.95047 
-0.717616 0.0322568 -0.695691 45.9188 0.013691 0.999387 0.0322156 4.86804 0.696304 0.0135937 -0.717618 -10.1029 
-0.721408 0.0306521 -0.691832 42.8996 0.0138502 0.999459 0.0298395 4.97114 0.692372 0.0119445 -0.721442 -13.251 
-0.724702 0.034084 -0.688219 40.9293 0.0249939 0.999419 0.0231774 5.00031 0.688609 -0.000404553 -0.725133 -15.2937 
-0.729334 0.0465257 -0.682573 39.0101 0.0369936 0.998907 0.0285597 5.01981 0.683156 -0.00442129 -0.730259 -17.3137 
-0.734565 0.0460465 -0.676974 37.1854 0.0328521 0.998938 0.032299 5.02335 0.677743 0.0014857 -0.735298 -19.3181 
-0.73916 0.0409975 -0.672281 35.4188 0.0315253 0.999158 0.0262699 5.03635 0.672791 -0.00177616 -0.73983 -21.2916 
-0.743061 0.0408265 -0.667977 33.7049 0.0378991 0.999103 0.0189057 5.03507 0.668149 -0.0112676 -0.743942 -23.203 
-0.746213 0.0325488 -0.664911 32.073 0.0269092 0.999462 0.0187263 5.03663 0.665163 -0.00391843 -0.746688 -25.0975 
-0.748179 0.0210305 -0.663163 30.5116 0.0115847 0.999759 0.0186349 5.03058 0.663396 0.00625969 -0.748243 -26.943 
-0.750484 -0.00601418 -0.660862 27.5944 -0.0210064 0.99967 0.0147576 4.98812 0.660555 0.0249576 -0.750363 -30.3827 
-0.721447 -0.0401486 -0.691304 24.4065 -0.072457 0.997214 0.0177015 4.8686 0.688668 0.0628606 -0.722347 -34.1191 
-0.58104 -0.0612361 -0.811568 20.3033 -0.109484 0.993983 0.00338464 4.8217 0.806477 0.0908202 -0.584249 -37.8209 
-0.313265 -0.0301627 -0.949187 16.3966 -0.0876386 0.996149 -0.00273118 4.68482 0.945613 0.0823298 -0.314702 -39.5977 
0.0853845 0.020873 -0.996129 12.6343 -0.0755721 0.997036 0.0144142 4.5725 0.993478 0.0740488 0.0867089 -39.6724 
0.413262 0.0236276 -0.910306 9.7897 -0.0772457 0.99697 -0.00919105 4.55807 0.90733 0.0741155 0.413834 -38.6298 
0.604923 0.038198 -0.795368 8.08843 -0.0742931 0.997199 -0.008613 4.55406 0.792811 0.0643005 0.606066 -37.3899 
0.724448 0.0448762 -0.687867 6.93825 -0.0747341 0.99711 -0.0136573 4.57977 0.685267 0.0613011 0.725708 -36.1987 
0.820378 0.040752 -0.570367 5.94633 -0.0658611 0.997553 -0.0234563 4.5892 0.568016 0.056808 0.821055 -34.7882 
0.911671 0.0329895 -0.409593 4.88555 -0.0488865 0.998401 -0.0283981 4.55825 0.408002 0.0459133 0.911826 -32.5899 
0.950943 0.0263868 -0.30824 4.28511 -0.0394688 0.998562 -0.0362821 4.49291 0.30684 0.0466681 0.950616 -30.7379 
0.972119 0.0189369 -0.233723 3.80557 -0.0305128 0.998475 -0.046012 4.36048 0.232495 0.0518606 0.971214 -28.7509 
0.982489 0.0106749 -0.186015 3.42857 -0.0193694 0.9988 -0.044986 4.20151 0.185311 0.0478013 0.981517 -26.637 
0.986037 0.000528603 -0.166528 3.07053 -0.0069709 0.999249 -0.0381039 4.06798 0.166382 0.0387327 0.9853 -24.4287 
0.986933 0.00185895 -0.161122 2.70384 -0.00780612 0.999311 -0.0362859 3.92528 0.160943 0.0370695 0.986267 -22.1388 
0.987776 -0.000919711 -0.155881 2.35584 -0.00420605 0.999461 -0.0325496 3.79089 0.155826 0.0328074 0.98724 -19.7548 
0.988405 -0.00546154 -0.15174 2.00101 0.000824712 0.999531 -0.0306039 3.67074 0.151836 0.0301239 0.987947 -17.2839 
0.989134 -0.0114773 -0.146568 1.65178 0.00818219 0.9997 -0.0230648 3.54818 0.146789 0.0216149 0.988932 -14.7331 
0.989835 -0.0217359 -0.14055 1.22906 0.0194766 0.999658 -0.0174306 3.35758 0.140881 0.0145159 0.98992 -11.3742 
0.989901 -0.0250605 -0.139525 0.914029 0.0241557 0.999675 -0.00817467 3.25586 0.139684 0.0047218 0.990185 -8.93495 
0.989092 -0.0253824 -0.145095 0.572467 0.023488 0.999615 -0.0147554 3.19854 0.145414 0.0111864 0.989308 -6.59143 
0.987865 -0.0182412 -0.154241 0.172462 0.0172727 0.999822 -0.00761724 3.1664 0.154352 0.00486065 0.988004 -4.32852 
0.986127 -0.0131641 -0.165471 -0.233814 0.0126548 0.999911 -0.00413146 3.11987 0.165511 0.00198014 0.986206 -2.1481 
0.98317 -0.00958007 -0.182444 -0.6525 0.0110107 0.999916 0.00682988 3.09423 0.182363 -0.00872375 0.983193 -0.0272375 
0.980117 -0.0106141 -0.198135 -0.957504 0.0115578 0.999927 0.0036069 3.08582 0.198082 -0.00582519 0.980168 1.34924 
0.975552 -0.0145543 -0.219286 -1.30448 0.0137029 0.999892 -0.00540307 3.09801 0.219341 0.00226611 0.975646 2.71178 
0.967298 -0.0146364 -0.253221 -1.89071 0.0152808 0.999883 0.000578022 3.07722 0.253183 -0.00442853 0.967408 4.78315 
0.958163 -0.0140921 -0.285874 -2.54969 0.0132912 0.9999 -0.00474175 3.0713 0.285913 0.000743756 0.958255 6.84153 
0.951924 -0.0189812 -0.305746 -3.00658 0.0157555 0.999791 -0.0130146 3.04573 0.30593 0.00757176 0.952024 8.22265 
