1 1.19763e-11 1.70464e-10 5.55111e-17 1.19763e-11 1 3.5625e-10 0 1.70464e-10 3.5625e-10 1 2.22045e-16 
0.999809 -0.0104076 0.0165497 0.0424855 0.0104377 0.999944 -0.00173159 -0.0199298 -0.0165307 0.001904 0.999862 1.19079 
0.999728 -0.0133959 -0.0190694 0.0276711 0.0133071 0.9999 -0.00477344 -0.0394402 0.0191314 0.00451838 0.999807 2.16251 
0.998341 -0.00459307 -0.0574006 -0.0438089 0.00426178 0.999974 -0.00589254 -0.0486608 0.0574261 0.00563813 0.998334 2.87144 
0.996957 -0.00511641 -0.0777883 -0.0930182 0.0046364 0.999969 -0.00635009 -0.0526243 0.0778184 0.00597011 0.99695 3.24159 
0.992861 -0.009827 -0.118874 -0.220288 0.00935843 0.999946 -0.00449932 -0.0690896 0.118912 0.00335472 0.992899 4.01096 
0.988321 -0.0082446 -0.152165 -0.370118 0.0078218 0.999964 -0.00337696 -0.0803959 0.152187 0.00214731 0.988349 4.81551 
0.983771 -0.00990722 -0.179157 -0.513709 0.0092347 0.999947 -0.0045874 -0.0926805 0.179193 0.00285849 0.98381 5.67461 
0.980979 -0.00741431 -0.19397 -0.67347 0.00578637 0.999943 -0.00895798 -0.113148 0.194025 0.00766522 0.980967 6.58218 
0.977872 -0.00848402 -0.20903 -0.918625 0.00592982 0.9999 -0.012843 -0.147785 0.209118 0.0113193 0.977825 7.54452 
0.973766 -0.0233057 -0.226355 -1.15494 0.020202 0.999668 -0.016019 -0.165875 0.226653 0.0110259 0.973913 8.54375 
0.969598 -0.0201819 -0.243871 -1.4338 0.0151479 0.999632 -0.0224997 -0.197571 0.244236 0.0181215 0.969547 9.59461 
0.967434 -0.0166924 -0.252574 -1.58237 0.0105823 0.999618 -0.0255306 -0.216381 0.252903 0.0220263 0.967241 10.1344 
0.965703 -0.0173811 -0.259066 -1.76876 0.0108513 0.999587 -0.0266139 -0.248208 0.259421 0.02289 0.965493 10.6693 
0.961456 -0.0184146 -0.27434 -2.12543 0.0102834 0.999465 -0.0310481 -0.301854 0.274765 0.0270302 0.961131 11.7823 
0.955308 -0.0215849 -0.294823 -2.74657 0.00821384 0.998884 -0.0465163 -0.387608 0.295498 0.0420158 0.954419 13.5553 
0.954318 -0.0223233 -0.297959 -2.97488 0.00642653 0.998508 -0.0542258 -0.425823 0.298724 0.0498338 0.953037 14.1543 
0.952627 -0.0239708 -0.303194 -3.16651 0.00491675 0.997973 -0.0634524 -0.457427 0.3041 0.0589557 0.950814 14.7806 
0.951405 -0.0229675 -0.307084 -3.38222 0.000783832 0.997392 -0.0721687 -0.504652 0.307941 0.0684209 0.948942 15.4125 
0.950107 -0.0223549 -0.311123 -3.6052 -0.00257295 0.996833 -0.0794821 -0.550645 0.311914 0.0763169 0.94704 16.0564 
0.948342 -0.0209707 -0.316557 -3.82147 -0.00674192 0.996255 -0.0861958 -0.613091 0.317179 0.0838772 0.944649 16.7317 
0.946842 -0.0188188 -0.321147 -4.04358 -0.0113782 0.995704 -0.0918935 -0.679965 0.321496 0.0906627 0.942561 17.381 
0.945533 -0.0159614 -0.325136 -4.30454 -0.016615 0.995129 -0.0971706 -0.748921 0.325103 0.0972801 0.940662 18.0484 
0.944124 -0.012432 -0.329355 -4.5672 -0.0217825 0.99475 -0.0999898 -0.828798 0.328869 0.101577 0.938897 18.7318 
0.941756 -0.0127433 -0.336055 -4.79939 -0.0228446 0.994549 -0.101733 -0.90283 0.33552 0.103485 0.936332 19.4362 
0.938433 -0.0145445 -0.345154 -5.01491 -0.0220243 0.994562 -0.101792 -0.972449 0.344758 0.103126 0.93301 20.1606 
0.935981 -0.0149262 -0.351733 -5.28419 -0.0218569 0.99471 -0.100374 -1.05397 0.351371 0.101636 0.930703 20.8781 
0.929614 -0.0162752 -0.368174 -5.86845 -0.0207524 0.995127 -0.096388 -1.20074 0.367949 0.0972442 0.924747 22.3385 
0.926517 -0.0139315 -0.375994 -6.20019 -0.0217573 0.995658 -0.0905053 -1.28372 0.375623 0.0920353 0.922192 23.0859 
0.919491 -0.00695293 -0.393049 -6.85808 -0.0271858 0.996325 -0.0812227 -1.43894 0.39217 0.0853689 0.915923 24.5763 
0.90812 -0.00943901 -0.418603 -8.01709 -0.0254518 0.996653 -0.0776885 -1.63855 0.417935 0.0812047 0.90484 26.8034 
0.89583 -0.0105379 -0.444271 -9.11386 -0.0228779 0.9973 -0.0697867 -1.85691 0.443807 0.072681 0.89317 29.1568 
0.886223 -0.00979973 -0.463156 -9.83 -0.0212209 0.997868 -0.0617184 -2.0037 0.462773 0.0645248 0.884125 30.7944 
0.878027 -0.0117737 -0.478466 -10.5767 -0.019384 0.998002 -0.0601294 -2.11767 0.478218 0.0620698 0.876045 32.3188 
0.872006 -0.0134274 -0.489311 -11.5456 -0.0167571 0.998219 -0.0572555 -2.22378 0.489209 0.0581265 0.870228 33.9406 
0.866127 -0.0165143 -0.49955 -12.4549 -0.0146427 0.998187 -0.0583861 -2.35076 0.499609 0.0578846 0.864315 35.6407 
0.865082 -0.0167875 -0.50135 -13.5904 -0.0142443 0.998215 -0.0580034 -2.47414 0.501428 0.0573191 0.863298 37.2993 
0.864602 -0.0170886 -0.502167 -14.6408 -0.0116523 0.998471 -0.05404 -2.66509 0.502322 0.0525745 0.863081 39.092 
0.863163 -0.0217399 -0.504458 -15.7637 -0.00741007 0.99842 -0.0557065 -2.78099 0.504872 0.0518219 0.861638 40.8832 
0.859681 -0.0210423 -0.510398 -16.8863 -0.00511873 0.998746 -0.0497972 -2.91671 0.510806 0.0454223 0.858495 42.7018 
0.853629 -0.019021 -0.520535 -18.0251 -0.00433098 0.999039 -0.0436087 -3.05345 0.520864 0.03948 0.852726 44.5066 
0.841936 -0.0262799 -0.538937 -19.1549 -0.000327788 0.998788 -0.0492154 -3.18362 0.539577 0.0416129 0.840907 46.3191 
0.830575 -0.0219595 -0.556474 -20.3848 -0.00276803 0.999047 -0.0435558 -3.30962 0.5569 0.0377167 0.829723 48.0845 
0.826103 -0.0162328 -0.563286 -21.0234 -0.00708812 0.999207 -0.0391905 -3.37241 0.563475 0.036368 0.825332 48.9453 
0.822835 -0.0162004 -0.568049 -21.6937 -0.00866507 0.99912 -0.0410459 -3.41767 0.568214 0.0386962 0.821971 49.77 
0.8184 -0.0156241 -0.574436 -22.9768 -0.0177618 0.998465 -0.0524625 -3.50555 0.574374 0.0531384 0.816866 51.4212 
0.812546 -0.0149128 -0.582706 -24.27 -0.0176041 0.998589 -0.0501039 -3.63239 0.582631 0.0509697 0.811137 53.1146 
0.809749 -0.0118174 -0.586658 -24.9176 -0.0182743 0.998804 -0.0453431 -3.68847 0.586492 0.0474372 0.808565 53.9733 
0.806842 -0.00963616 -0.590688 -25.5545 -0.0187175 0.998948 -0.0418632 -3.75775 0.59047 0.0448332 0.805813 54.8365 
0.80405 -0.0092389 -0.59449 -26.2203 -0.0198687 0.998903 -0.0423964 -3.81389 0.594229 0.0459006 0.802985 55.6809 
0.80099 -0.00957199 -0.598601 -26.8842 -0.0210145 0.998806 -0.0440911 -3.87798 0.598309 0.0478958 0.799833 56.528 
0.797021 -0.0121242 -0.60383 -27.5346 -0.0202487 0.9987 -0.0467798 -3.9336 0.603612 0.0495113 0.795739 57.3807 
0.79282 -0.0129096 -0.609319 -28.1924 -0.0200447 0.998682 -0.0472404 -3.99938 0.609126 0.0496667 0.791517 58.2393 
0.787736 -0.0145345 -0.615841 -28.8486 -0.0179258 0.998757 -0.046501 -4.05939 0.615752 0.04767 0.786497 59.0844 
0.783292 -0.0130928 -0.621516 -29.5309 -0.0195981 0.998761 -0.0457392 -4.1242 0.621345 0.0480076 0.782065 59.9222 
0.777955 -0.0140339 -0.628164 -30.2096 -0.0198595 0.998702 -0.0469072 -4.188 0.628006 0.0489667 0.776666 60.7659 
0.773044 -0.0146816 -0.634183 -30.9158 -0.0204076 0.998639 -0.047995 -4.2511 0.634025 0.0500444 0.771692 61.5935 
0.767224 -0.0167124 -0.641161 -31.6243 -0.0191632 0.998617 -0.0489608 -4.30806 0.641093 0.0498506 0.765843 62.4228 
0.761346 -0.0189605 -0.648069 -32.3372 -0.017796 0.998585 -0.0501221 -4.3707 0.648102 0.0496933 0.75993 63.2494 
0.756496 -0.0187774 -0.653728 -33.0885 -0.0191993 0.998519 -0.0508985 -4.45078 0.653716 0.0510556 0.755016 64.0645 
0.744233 -0.0198556 -0.667625 -34.5619 -0.0175163 0.998634 -0.0492262 -4.58299 0.667691 0.0483301 0.742868 65.709 
0.733005 -0.0176318 -0.679995 -36.0989 -0.021586 0.998558 -0.0491607 -4.75893 0.679881 0.0507134 0.731567 67.3392 
0.720543 -0.0184887 -0.693163 -37.6505 -0.0230162 0.998456 -0.050557 -4.89902 0.693028 0.0523825 0.719005 68.9626 
0.710508 -0.0174347 -0.703473 -39.2941 -0.0242447 0.998493 -0.0492335 -5.03249 0.703272 0.0520363 0.709014 70.5706 
0.699606 -0.0208933 -0.714224 -40.8978 -0.0242396 0.998303 -0.052947 -5.16321 0.714118 0.0543545 0.697912 72.16 
0.689976 -0.0235365 -0.723449 -42.5942 -0.0248014 0.998116 -0.0561263 -5.31202 0.723407 0.0566684 0.688092 73.743 
0.680014 -0.0222467 -0.732862 -44.2903 -0.0249524 0.998258 -0.053456 -5.47257 0.732775 0.0546375 0.678274 75.342 
0.670185 -0.0252606 -0.741764 -46.0375 -0.0219562 0.998308 -0.0538345 -5.61682 0.741869 0.0523654 0.668496 76.8906 
0.666285 -0.0263709 -0.74523 -46.9455 -0.0208629 0.998324 -0.0539798 -5.68117 0.745405 0.0515136 0.664619 77.6429 
0.658428 -0.0290821 -0.752081 -48.7164 -0.0183534 0.998336 -0.0546724 -5.84962 0.75242 0.0498011 0.656799 79.227 
0.654795 -0.0337416 -0.755053 -49.6354 -0.0157345 0.998178 -0.0582516 -5.91789 0.755643 0.0500232 0.653071 79.983 
0.649362 -0.0385785 -0.7595 -50.5366 -0.0108589 0.99814 -0.0599843 -5.99315 0.760402 0.0471989 0.647736 80.7772 
0.643632 -0.0415092 -0.764209 -51.4791 -0.00591841 0.998228 -0.0592049 -6.09602 0.765312 0.0426291 0.642246 81.5173 
0.626764 -0.0459994 -0.77785 -53.3671 0.00187734 0.998342 -0.0575258 -6.27704 0.779207 0.0345948 0.625811 83.0221 
0.609505 -0.0439127 -0.791565 -55.312 0.00108281 0.99851 -0.0545593 -6.4433 0.792782 0.0323971 0.608644 84.4961 
0.5906 -0.0472366 -0.805581 -57.2987 0.000771614 0.998318 -0.0579724 -6.60551 0.806964 0.0336169 0.589643 85.9241 
0.571689 -0.0491066 -0.819 -59.3317 0.00325536 0.998335 -0.0575871 -6.77518 0.820464 0.0302558 0.570897 87.3229 
0.551165 -0.0513397 -0.832815 -61.4055 0.00709992 0.998358 -0.056846 -6.92913 0.834366 0.0254186 0.550624 88.6548 
0.53096 -0.0523752 -0.845777 -63.5145 0.00519903 0.998271 -0.0585547 -7.10549 0.847381 0.026693 0.530314 89.987 
0.511343 -0.0534173 -0.857715 -65.6598 0.00375295 0.998196 -0.0599289 -7.28551 0.859369 0.0274252 0.510621 91.2646 
0.494435 -0.049573 -0.8678 -67.8517 0.00352475 0.998478 -0.0550298 -7.46602 0.869208 0.0241499 0.493857 92.5331 
0.473561 -0.0570164 -0.878914 -71.2544 0.00936098 0.998172 -0.0597091 -7.72023 0.880711 0.0200484 0.473229 94.2962 
0.461502 -0.0634427 -0.884868 -73.4978 0.0126784 0.997809 -0.0649279 -7.9048 0.887049 0.0187457 0.461296 95.4827 
0.453124 -0.0615177 -0.889322 -75.7525 0.0164322 0.998023 -0.0606645 -8.10541 0.891296 0.012875 0.453239 96.6049 
0.440807 -0.0549559 -0.895918 -79.0347 0.0154782 0.998441 -0.0536292 -8.40783 0.897468 0.00977295 0.44097 98.4736 
0.434972 -0.0535307 -0.898852 -81.2626 0.0189621 0.998555 -0.0502923 -8.56889 0.900244 0.00483162 0.435358 99.5929 
0.429576 -0.054552 -0.901381 -84.5952 0.027002 0.998503 -0.0475614 -8.79809 0.902627 -0.00390781 0.430407 101.132 
0.421946 -0.0574331 -0.9048 -87.7767 0.0319226 0.998314 -0.0484821 -8.98163 0.906059 -0.00842672 0.423068 102.735 
0.416936 -0.0597249 -0.906972 -90.8608 0.0290902 0.998204 -0.0523599 -9.19444 0.90847 -0.00455321 0.417925 104.367 
0.422687 -0.0595528 -0.904317 -92.8071 0.0260744 0.998225 -0.0535496 -9.36169 0.905901 -0.000944765 0.423489 105.338 
0.430539 -0.0565562 -0.900798 -94.7172 0.0168053 0.998364 -0.0546497 -9.46876 0.902416 0.00839067 0.430785 106.505 
0.444496 -0.0546214 -0.894114 -96.6601 0.0123992 0.998419 -0.0548293 -9.60022 0.895695 0.0132852 0.444471 107.581 
0.459155 -0.056354 -0.886567 -98.5926 0.0121142 0.99829 -0.0571816 -9.74007 0.888274 0.0155152 0.459053 108.663 
0.480558 -0.0618977 -0.874776 -100.504 0.00904427 0.997803 -0.0656344 -9.84081 0.876917 0.0236294 0.480061 109.714 
0.50708 -0.0607631 -0.859755 -102.394 0.005572 0.997722 -0.0672277 -9.96174 0.861881 0.0292992 0.506263 110.79 
0.536216 -0.0597799 -0.841961 -104.325 0.00924987 0.997845 -0.0649569 -10.119 0.84403 0.0270429 0.535613 111.754 
0.550558 -0.0564773 -0.832884 -105.984 0.00221625 0.997804 -0.0661954 -10.2914 0.834794 0.0345985 0.549474 113.062 
0.573654 -0.0511794 -0.817497 -107.649 -0.00482183 0.997818 -0.0658519 -10.4633 0.819083 0.041718 0.572155 114.249 
0.586446 -0.049815 -0.808455 -108.518 -0.00381436 0.997926 -0.0642567 -10.5421 0.809979 0.0407668 0.58504 114.819 
0.606371 -0.0484024 -0.793707 -110.193 -8.26594e-05 0.998142 -0.0609325 -10.6943 0.795181 0.0370133 0.605241 116 
0.627859 -0.0498309 -0.77673 -111.806 0.000353466 0.997967 -0.0637385 -10.8512 0.778327 0.0397442 0.6266 117.195 
0.648901 -0.0469279 -0.759424 -113.361 -0.000466961 0.998071 -0.0620738 -11.0029 0.760873 0.0406344 0.647628 118.423 
0.66593 -0.0445357 -0.744683 -114.816 0.000597906 0.998248 -0.0591654 -11.1621 0.746014 0.0389548 0.66479 119.73 
0.680148 -0.0422144 -0.731858 -116.186 -0.00162117 0.998252 -0.0590869 -11.3026 0.733073 0.0413743 0.67889 121.06 
0.696129 -0.0357827 -0.717024 -117.559 -0.00428246 0.998532 -0.0539888 -11.4402 0.717904 0.0406538 0.694954 122.321 
0.711007 -0.0338718 -0.702369 -118.837 -0.00483088 0.99858 -0.0530469 -11.576 0.703169 0.0411098 0.709834 123.598 
0.727831 -0.0279942 -0.685185 -120.042 -0.00774501 0.998767 -0.0490331 -11.7084 0.685713 0.0409946 0.726717 124.876 
0.758366 -0.0192948 -0.651544 -121.785 -0.0140329 0.998847 -0.0459135 -11.8982 0.651678 0.0439623 0.75722 126.795 
0.788392 -0.0168439 -0.614943 -123.356 -0.0148012 0.998816 -0.0463345 -12.0655 0.614995 0.0456316 0.787209 128.782 
0.8199 -0.0115062 -0.572391 -124.974 -0.0131267 0.999157 -0.0388878 -12.2369 0.572357 0.0393977 0.819058 130.793 
0.849862 -0.00875194 -0.526933 -126.875 -0.0116948 0.999303 -0.0354596 -12.4401 0.526876 0.0362982 0.849167 133.642 
0.876814 -0.00604372 -0.480793 -128.695 -0.0125782 0.999291 -0.0355001 -12.6346 0.480666 0.0371745 0.876115 136.457 
0.8919 0.000163111 -0.452232 -130.365 -0.0145658 0.999491 -0.0283663 -12.793 0.451998 0.0318871 0.891449 139.53 
0.908719 0.0084955 -0.417321 -132.361 -0.017495 0.999689 -0.0177445 -12.9161 0.417041 0.0234258 0.908586 143.705 
0.923556 0.00216561 -0.383458 -133.897 -0.0103372 0.999761 -0.0192507 -13.0166 0.383325 0.021743 0.923358 147.303 
0.93952 0.00664042 -0.342429 -135.027 -0.0150637 0.999646 -0.021945 -13.1027 0.342162 0.025776 0.939287 150.151 
0.953047 0.0180457 -0.302284 -135.712 -0.0246728 0.999531 -0.018119 -13.1637 0.301815 0.0247264 0.953046 152.018 
0.97096 0.0221645 -0.238211 -136.578 -0.0263831 0.999546 -0.0145355 -13.2243 0.237781 0.0203982 0.971105 155.131 
0.980843 0.0298021 -0.192506 -137.088 -0.0318897 0.999461 -0.00775417 -13.2703 0.192171 0.0137446 0.981265 157.273 
0.991598 0.0329106 -0.125099 -137.668 -0.0341874 0.999383 -0.00807235 -13.3281 0.124756 0.0122813 0.992111 160.647 
0.995924 0.031312 -0.0845849 -137.853 -0.0320735 0.999456 -0.00765833 -13.3595 0.0842991 0.01034 0.996387 162.993 
0.998497 0.031337 -0.0449578 -137.977 -0.031619 0.999484 -0.0055769 -13.4102 0.0447598 0.00699004 0.998973 165.393 
0.99927 0.0344966 0.0164124 -138.041 -0.0344103 0.999393 -0.00551357 -13.4578 -0.0165926 0.00494478 0.99985 169.094 
0.997681 0.0375942 0.0567361 -137.961 -0.0371258 0.999267 -0.00928707 -13.5201 -0.0570437 0.00715916 0.998346 171.594 
0.994877 0.0367499 0.094177 -137.851 -0.0356291 0.999273 -0.0135556 -13.6146 -0.0946068 0.0101307 0.995463 174.133 
0.990511 0.0384481 0.131942 -137.591 -0.0357846 0.999106 -0.0224999 -13.682 -0.13269 0.0175649 0.991002 176.704 
0.982216 0.0420189 0.182993 -136.938 -0.0356498 0.998643 -0.0379581 -13.8787 -0.18434 0.0307593 0.982381 180.618 
0.970965 0.0401588 0.235827 -136.259 -0.0314613 0.998683 -0.04053 -14.151 -0.237144 0.0319338 0.97095 184.624 
0.96313 0.0373346 0.266433 -135.562 -0.0249027 0.998444 -0.0498887 -14.3119 -0.267881 0.0414144 0.962562 187.245 
0.952884 0.042092 0.3004 -134.752 -0.0280364 0.998308 -0.0509496 -14.4534 -0.302036 0.0401269 0.952451 189.931 
0.941321 0.0459761 0.334366 -133.826 -0.0280328 0.997906 -0.0582953 -14.6272 -0.336346 0.0455014 0.940639 192.611 
0.927181 0.0521341 0.370967 -132.909 -0.0298015 0.997395 -0.0656846 -14.8413 -0.373425 0.0498462 0.92632 195.18 
0.909029 0.060981 0.412248 -131.848 -0.0327901 0.996635 -0.0751215 -15.0867 -0.415442 0.05477 0.907969 197.866 
0.872107 0.0712953 0.484093 -129.852 -0.035895 0.995984 -0.0820188 -15.5157 -0.487996 0.0541527 0.871164 201.792 
0.842959 0.0774401 0.532375 -128.353 -0.0363009 0.995518 -0.0873309 -15.7951 -0.536751 0.0542907 0.841992 204.361 
0.809474 0.0841382 0.581096 -126.832 -0.0355308 0.994885 -0.0945568 -16.0913 -0.58608 0.0558945 0.808323 206.92 
0.777607 0.088689 0.622464 -125.016 -0.0308833 0.994194 -0.103073 -16.4196 -0.627991 0.0609264 0.775832 209.313 
0.744989 0.0922772 0.660664 -123.116 -0.0273243 0.993776 -0.107992 -16.7656 -0.666517 0.0624009 0.742874 211.662 
0.71581 0.0933531 0.692027 -121.031 -0.0214339 0.993494 -0.11185 -17.1419 -0.697966 0.0652303 0.713154 213.856 
0.687705 0.0973697 0.719431 -118.835 -0.0163868 0.992795 -0.118703 -17.5542 -0.725805 0.0698437 0.684345 215.933 
0.655654 0.102682 0.748047 -116.659 -0.0151248 0.992297 -0.122953 -17.9262 -0.75491 0.0693008 0.652157 218.058 
0.623031 0.104536 0.77518 -114.316 -0.0158939 0.992517 -0.12107 -18.3442 -0.782035 0.0631101 0.62003 220.012 
0.588139 0.107477 0.801587 -111.913 -0.0208628 0.992817 -0.11781 -18.7759 -0.808491 0.0525652 0.586156 221.832 
0.553082 0.113788 0.825319 -109.486 -0.0221984 0.99229 -0.121933 -19.1905 -0.832831 0.0491181 0.551344 223.529 
0.514078 0.112438 0.850342 -107.005 -0.0215364 0.992751 -0.118248 -19.6147 -0.857473 0.0424754 0.512772 225.099 
0.471815 0.109147 0.874916 -104.517 -0.0206034 0.993402 -0.112818 -20.0076 -0.881457 0.0352029 0.470951 226.536 
0.428648 0.108197 0.896969 -101.989 -0.0187508 0.993655 -0.110899 -20.393 -0.903277 0.0307176 0.427957 227.855 
0.387743 0.107922 0.915428 -99.4723 -0.0127099 0.993654 -0.111761 -20.7587 -0.92168 0.0316995 0.386654 228.993 
0.346782 0.10548 0.931996 -96.9531 -0.00576345 0.993877 -0.110339 -21.1193 -0.937928 0.0328922 0.345267 229.999 
0.306921 0.109721 0.945389 -94.4512 -0.00343495 0.993454 -0.114184 -21.4814 -0.951729 0.0317981 0.305289 230.883 
0.268678 0.126974 0.954824 -91.9766 -0.0061209 0.991479 -0.130126 -21.8351 -0.963211 0.0291175 0.267166 231.612 
0.229295 0.132141 0.964346 -89.52 -0.00990785 0.991008 -0.133439 -22.2201 -0.973307 0.0210422 0.228542 232.249 
0.190581 0.132475 0.972692 -87.0959 -0.0133305 0.99111 -0.132372 -22.5922 -0.981581 0.0122612 0.190653 232.785 
0.152867 0.130829 0.979549 -84.6824 -0.0126044 0.991376 -0.130442 -22.966 -0.988166 0.00759363 0.153198 233.245 
0.114651 0.135169 0.984167 -82.2936 -0.0147869 0.990822 -0.134361 -23.3161 -0.993296 0.000851767 0.115598 233.595 
0.0789884 0.133819 0.987853 -79.9297 -0.0139513 0.991 -0.133129 -23.6874 -0.996778 -0.00326614 0.0801444 233.851 
0.0503269 0.125575 0.990807 -77.5892 -0.0102632 0.992077 -0.125214 -24.0308 -0.99868 -0.00386722 0.051217 233.991 
0.0269658 0.121977 0.992167 -75.3451 -0.00714972 0.992526 -0.121827 -24.373 -0.999611 -0.00380855 0.0276364 234.093 
0.0117392 0.12571 0.991998 -73.1284 -0.00755269 0.992049 -0.125627 -24.699 -0.999903 -0.00601748 0.0125953 234.156 
-0.00389757 0.14084 0.990025 -69.8964 -0.00761517 0.989999 -0.140866 -25.1815 -0.999963 -0.00808824 -0.00278607 234.207 
-0.00788222 0.123123 0.99236 -67.7673 -0.00387324 0.99238 -0.123156 -25.4979 -0.999961 -0.00481439 -0.00734527 234.171 
-0.00894356 0.122007 0.992489 -65.6872 -0.00444201 0.992514 -0.12205 -25.7772 -0.99995 -0.00550021 -0.00833466 234.159 
-0.00756442 0.127643 0.991791 -63.6425 -0.00674297 0.991791 -0.127694 -26.0706 -0.999949 -0.00765355 -0.00664163 234.186 
-0.00264137 0.129874 0.991527 -61.6218 -0.0100122 0.991477 -0.129894 -26.3673 -0.999946 -0.0102705 -0.00131854 234.202 
0.00612585 0.132581 0.991153 -59.6262 -0.0147532 0.991076 -0.132479 -26.6563 -0.999872 -0.0138111 0.00802717 234.221 
0.0193308 0.130021 0.991323 -57.6411 -0.0145928 0.991439 -0.129752 -26.9549 -0.999707 -0.011958 0.0210627 234.277 
0.0264693 0.129114 0.991276 -56.6669 -0.0127253 0.991587 -0.128815 -27.1086 -0.999569 -0.00920466 0.0278896 234.325 
0.0338587 0.130028 0.990932 -55.6877 -0.0116244 0.991485 -0.129703 -27.251 -0.999359 -0.00712744 0.0350819 234.363 
0.0477715 0.128809 0.990518 -53.7317 -0.0135597 0.991643 -0.128301 -27.5308 -0.998766 -0.00730203 0.0491188 234.45 
0.0617687 0.125268 0.990198 -51.7845 -0.0134353 0.992107 -0.124671 -27.8027 -0.998 -0.00560283 0.0629642 234.582 
0.0753465 0.127931 0.988917 -49.8614 -0.0135186 0.991776 -0.12727 -28.078 -0.997066 -0.00377938 0.0764563 234.739 
0.0895481 0.130806 0.987356 -47.9461 -0.0141138 0.991405 -0.130062 -28.3586 -0.995882 -0.00228849 0.0906246 234.918 
0.103107 0.131375 0.985956 -46.0442 -0.0175626 0.991325 -0.130254 -28.6305 -0.994515 -0.00388589 0.10452 235.12 
0.117251 0.127196 0.984923 -44.1509 -0.0177337 0.991874 -0.125983 -28.9117 -0.992944 -0.00269478 0.118554 235.326 
0.129691 0.128471 0.983197 -42.2679 -0.0193703 0.99171 -0.127028 -29.1711 -0.991365 -0.00257041 0.131104 235.613 
0.143004 0.131625 0.980931 -40.3845 -0.018828 0.9913 -0.130272 -29.4272 -0.989543 0.00016042 0.144238 235.957 
0.162544 0.135407 0.977366 -38.5376 -0.0190648 0.990785 -0.134095 -29.6946 -0.986517 0.00316301 0.163628 236.27 
0.177893 0.133491 0.974953 -35.7956 -0.0263882 0.991047 -0.13088 -30.1031 -0.983696 -0.00244468 0.179823 236.806 
0.18328 0.136672 0.973514 -33.9401 -0.0257452 0.990616 -0.134226 -30.37 -0.982724 -0.000462236 0.185079 237.187 
0.18989 0.135946 0.972348 -32.0649 -0.0232008 0.990712 -0.133983 -30.647 -0.981531 0.00288275 0.19128 237.551 
0.197905 0.137349 0.970551 -30.1875 -0.0215173 0.990505 -0.135786 -30.9302 -0.979985 0.00598902 0.198981 237.947 
0.205644 0.131284 0.969781 -28.2791 -0.0182182 0.991303 -0.130334 -31.2091 -0.978457 0.00913472 0.206247 238.328 
0.215467 0.132158 0.967527 -26.3994 -0.0186907 0.991176 -0.131226 -31.483 -0.976332 0.0101911 0.216036 238.73 
0.228336 0.133342 0.964408 -24.4982 -0.0179632 0.990985 -0.132763 -31.7665 -0.973417 0.0129908 0.228673 239.18 
0.243162 0.130029 0.961231 -22.5972 -0.0162068 0.991381 -0.130008 -32.0713 -0.96985 0.0160345 0.243174 239.705 
0.274281 0.129989 0.952824 -19.7799 -0.0111835 0.991186 -0.132004 -32.5033 -0.961585 0.0255501 0.273317 240.511 
0.306053 0.128651 0.943282 -16.9763 -0.0176352 0.991423 -0.129495 -32.9285 -0.951851 0.0229975 0.305697 241.403 
0.326794 0.131457 0.935908 -15.1288 -0.0213396 0.991053 -0.131752 -33.2068 -0.944855 0.0230838 0.326675 242.053 
0.346279 0.129737 0.929117 -13.2896 -0.0254123 0.991325 -0.128952 -33.4935 -0.937787 0.0210426 0.346572 242.714 
0.361953 0.127854 0.923387 -11.4683 -0.0274532 0.991582 -0.126536 -33.7722 -0.931792 0.0204502 0.362417 243.414 
0.376546 0.127625 0.917565 -9.66835 -0.0324012 0.991673 -0.124637 -34.0442 -0.925831 0.0172013 0.377546 244.165 
0.392302 0.130393 0.910548 -7.88836 -0.0342154 0.991285 -0.127213 -34.3192 -0.9192 0.0187513 0.393344 244.935 
0.408302 0.127762 0.903862 -6.15114 -0.0344156 0.991608 -0.124618 -34.5906 -0.912198 0.019775 0.409272 245.754 
0.424783 0.121838 0.897059 -4.45448 -0.0342403 0.992355 -0.118567 -34.8615 -0.904647 0.0196498 0.425708 246.614 
0.440577 0.119668 0.889703 -2.77054 -0.0384233 0.992681 -0.114492 -35.1056 -0.896892 0.0162574 0.441951 247.495 
0.456869 0.117801 0.881699 -1.11802 -0.0399455 0.992909 -0.111961 -35.3466 -0.888636 0.0159318 0.458335 248.382 
0.473081 0.117073 0.873206 0.520423 -0.0423455 0.993008 -0.110193 -35.5941 -0.88 0.0151541 0.474731 249.289 
0.489774 0.117758 0.86386 2.13457 -0.0434353 0.992902 -0.110722 -35.8253 -0.870767 0.0167069 0.491412 250.206 
0.505198 0.114069 0.855432 3.72042 -0.0427443 0.993317 -0.107212 -36.0533 -0.861944 0.0175986 0.506697 251.183 
0.515511 0.109886 0.849808 5.30012 -0.0433496 0.993818 -0.102211 -36.2646 -0.855786 0.0158519 0.517087 252.18 
0.522972 0.104852 0.845876 6.90078 -0.0445793 0.994411 -0.0957018 -36.4727 -0.851183 0.0123408 0.524724 253.165 
0.5271 0.100701 0.843816 8.51363 -0.0450104 0.994869 -0.0906112 -36.6738 -0.848611 0.00978064 0.528927 254.18 
0.530074 0.103664 0.841591 10.1114 -0.045851 0.994551 -0.0936262 -36.8735 -0.846711 0.0110411 0.531939 255.212 
0.534163 0.10246 0.839149 11.7223 -0.0445963 0.994661 -0.0930601 -37.073 -0.844204 0.0122864 0.535881 256.235 
0.536178 0.0968513 0.83853 13.3223 -0.042288 0.99523 -0.0879104 -37.2746 -0.843045 0.0116759 0.537717 257.294 
0.538737 0.0905071 0.837598 14.9269 -0.0408224 0.995849 -0.0813503 -37.4618 -0.841484 0.00963364 0.540196 258.359 
0.539729 0.0898251 0.837033 16.5407 -0.0419111 0.995925 -0.0798517 -37.653 -0.840795 0.00801738 0.541295 259.425 
0.538936 0.0894392 0.837585 18.1458 -0.0452071 0.995985 -0.0772655 -37.8327 -0.841133 0.00377639 0.540816 260.529 
0.540862 0.0841814 0.836888 19.7934 -0.0447108 0.99645 -0.0713358 -38.0122 -0.839922 0.00116488 0.542705 261.602 
0.541709 0.0818615 0.836571 21.4208 -0.0444752 0.996644 -0.0687261 -38.1791 -0.839389 2.28567e-05 0.543531 262.708 
0.54445 0.0767899 0.835271 23.0485 -0.0427144 0.997047 -0.0638203 -38.34 -0.837705 -0.000931141 0.546122 263.803 
0.550337 0.074121 0.831646 24.6902 -0.0415068 0.997249 -0.0614136 -38.4992 -0.83391 -0.000720738 0.5519 264.865 
0.554686 0.0707164 0.829049 26.2858 -0.0428564 0.997487 -0.0564103 -38.645 -0.830955 -0.00424002 0.556323 265.983 
0.565561 0.0647615 0.82216 27.9008 -0.0393856 0.997895 -0.051511 -38.7915 -0.823766 -0.00324862 0.566921 267.096 
0.57704 0.0650355 0.814123 29.4717 -0.0399112 0.997879 -0.0514261 -38.9187 -0.81574 -0.0028177 0.578411 268.244 
0.58954 0.0624552 0.805321 31.0385 -0.0411316 0.998034 -0.0472901 -39.0456 -0.806691 -0.00524479 0.59095 269.417 
0.603479 0.0570853 0.795333 32.5672 -0.0391099 0.998353 -0.0419815 -39.1649 -0.796419 -0.00577046 0.604718 270.613 
0.621114 0.0561932 0.781703 34.1069 -0.0365882 0.998418 -0.0427002 -39.2814 -0.782866 -0.00207942 0.622187 271.809 
0.629205 0.056201 0.775205 34.8394 -0.0365879 0.998418 -0.0426866 -39.3372 -0.776378 -0.00150443 0.630266 272.443 
0.638994 0.0531993 0.76737 35.6125 -0.0337909 0.998584 -0.0410907 -39.394 -0.768469 0.000326584 0.639887 273.071 
0.646579 0.0533116 0.760982 36.3252 -0.0368242 0.998573 -0.0386681 -39.4452 -0.761958 -0.00302056 0.64762 273.725 
0.664543 0.0513136 0.745486 37.8091 -0.0384538 0.998666 -0.034462 -39.5548 -0.74626 -0.00576529 0.66563 275.041 
0.682511 0.0456287 0.72945 39.2882 -0.0382271 0.998912 -0.0267169 -39.6467 -0.729875 -0.00965019 0.683512 276.413 
0.700039 0.0373609 0.713127 40.7481 -0.0347861 0.999229 -0.0182022 -39.7317 -0.713257 -0.0120646 0.700799 277.823 
0.719647 0.0323647 0.693585 42.177 -0.0282053 0.999451 -0.0173722 -39.7943 -0.693767 -0.00706091 0.720165 279.293 
0.72975 0.0302515 0.683045 42.8956 -0.0281658 0.999503 -0.0141755 -39.8326 -0.683134 -0.00889395 0.730239 280.035 
0.739339 0.0268917 0.672797 43.5942 -0.0262223 0.999594 -0.0111381 -39.8623 -0.672823 -0.00940744 0.739744 280.806 
0.748058 0.0255959 0.663139 44.27 -0.02678 0.999606 -0.00837346 -39.8879 -0.663092 -0.011495 0.748449 281.598 
0.757273 0.025102 0.652616 44.9499 -0.0271237 0.999608 -0.00697518 -39.9144 -0.652535 -0.0124193 0.757657 282.398 
0.766268 0.0212743 0.642168 45.6159 -0.0243129 0.999696 -0.00410735 -39.9374 -0.64206 -0.0124656 0.766553 283.215 
0.774724 0.0229571 0.631883 46.2626 -0.0267772 0.999635 -0.0034876 -39.9458 -0.631732 -0.0142181 0.775056 284.057 
0.782076 0.0234787 0.622741 46.9023 -0.0281708 0.9996 -0.00230852 -39.9649 -0.622546 -0.0157376 0.782425 284.9 
0.794502 0.0281359 0.606609 48.1837 -0.0353715 0.999374 -2.56842e-05 -40.006 -0.60623 -0.0214363 0.795 286.608 
0.799987 0.0307896 0.599227 48.8113 -0.0378646 0.999283 -0.00079482 -40.0259 -0.598822 -0.0220537 0.800579 287.48 
0.805527 0.034504 0.591554 49.4466 -0.0414521 0.999139 -0.00183157 -40.0311 -0.591108 -0.0230458 0.806263 288.352 
0.815502 0.0366964 0.57759 50.6811 -0.048748 0.998797 0.00537022 -40.0589 -0.576698 -0.0325358 0.816309 290.143 
0.823885 0.0424842 0.565162 51.8878 -0.0573642 0.998316 0.00857949 -40.0748 -0.563846 -0.0394886 0.824935 291.97 
0.830273 0.0464685 0.555417 53.1003 -0.0642379 0.997856 0.0125421 -40.0843 -0.553643 -0.0460922 0.831478 293.807 
0.833334 0.0562792 0.549898 54.2954 -0.0688462 0.997625 0.00223017 -40.0964 -0.548466 -0.0397169 0.835229 295.669 
0.834475 0.0623255 0.547509 55.4973 -0.0730681 0.997325 -0.00216466 -40.1153 -0.546179 -0.0381991 0.836797 297.547 
0.835298 0.0609194 0.546412 56.7081 -0.0729886 0.997333 0.000385004 -40.1576 -0.544931 -0.0402034 0.837517 299.456 
0.836716 0.0590407 0.544445 57.9371 -0.0698157 0.99756 -0.000882797 -40.198 -0.543169 -0.0372722 0.838796 301.361 
0.838969 0.0573813 0.541146 59.1619 -0.0665362 0.997781 -0.00264669 -40.2413 -0.540097 -0.0337853 0.840924 303.283 
0.840874 0.0549269 0.538437 59.7846 -0.0639205 0.997953 -0.00197875 -40.2566 -0.537444 -0.0327533 0.842663 304.24 
0.843999 0.0523576 0.533784 60.4055 -0.061603 0.998101 -0.000497048 -40.2816 -0.532796 -0.0324632 0.845621 305.202 
0.852832 0.0527013 0.519519 61.6396 -0.0614229 0.998112 -0.000420397 -40.3101 -0.51856 -0.0315518 0.854459 307.122 
0.858588 0.0508996 0.510133 62.2142 -0.059795 0.99821 0.00104046 -40.3308 -0.509167 -0.0313967 0.860095 308.108 
0.864684 0.0508528 0.499736 62.7708 -0.0601095 0.998189 0.0024313 -40.346 -0.498707 -0.0321412 0.866174 309.106 
0.877544 0.0525323 0.476609 63.8713 -0.0613207 0.998114 0.00289217 -40.3868 -0.475558 -0.031764 0.879111 311.11 
0.883775 0.0515927 0.465059 64.3814 -0.061448 0.998092 0.00604653 -40.3985 -0.463859 -0.0339207 0.885259 312.119 
0.8898 0.0504109 0.453557 64.8869 -0.0608889 0.998108 0.008518 -40.4133 -0.452269 -0.0351959 0.891187 313.133 
0.901821 0.0494367 0.429273 65.849 -0.0594574 0.998181 0.00995418 -40.4369 -0.428001 -0.0345004 0.90312 315.166 
0.907912 0.048668 0.416325 66.3156 -0.0586247 0.998218 0.0111567 -40.4411 -0.41504 -0.0345363 0.909147 316.188 
0.913017 0.0535072 0.404398 66.7557 -0.0635348 0.997914 0.0114063 -40.452 -0.402944 -0.0361075 0.914512 317.216 
0.918045 0.0574345 0.392294 67.179 -0.0670007 0.997695 0.0107253 -40.4564 -0.390774 -0.0361303 0.919777 318.249 
0.925124 0.0687531 0.373388 68.0039 -0.0788735 0.996814 0.0118743 -40.4698 -0.371382 -0.0404356 0.927599 320.318 
0.929539 0.0714094 0.361744 68.7863 -0.0814018 0.996604 0.0124376 -40.4855 -0.359627 -0.0410078 0.932195 322.393 
0.933092 0.0688671 0.352982 69.5583 -0.0781847 0.996864 0.0121888 -40.4929 -0.351036 -0.0389711 0.935551 324.474 
0.935334 0.0654902 0.34765 69.9359 -0.0742869 0.997164 0.0120197 -40.5014 -0.345877 -0.0370683 0.937547 325.512 
0.937159 0.0646377 0.342864 70.2949 -0.0727448 0.997292 0.0108228 -40.5084 -0.341236 -0.0350842 0.939323 326.555 
0.939049 0.063293 0.337907 70.6513 -0.0705366 0.997467 0.00918788 -40.5178 -0.336469 -0.0324627 0.941135 327.595 
0.941061 0.063607 0.332201 71.0134 -0.0702051 0.997501 0.00788428 -40.5278 -0.33087 -0.0307418 0.943176 328.637 
0.945484 0.0652259 0.319068 71.7186 -0.0717398 0.997386 0.00869222 -40.5393 -0.317667 -0.0311083 0.947692 330.719 
0.949694 0.0651192 0.306334 72.3751 -0.0733456 0.997188 0.0154075 -40.5582 -0.304469 -0.0371006 0.9518 332.821 
0.952857 0.0641797 0.296556 73.012 -0.0705698 0.997447 0.0108818 -40.5637 -0.2951 -0.0312967 0.954954 334.91 
0.955017 0.0595255 0.290516 73.6459 -0.0652262 0.997821 0.00996973 -40.5805 -0.289289 -0.0284705 0.956818 336.986 
0.952944 0.0644584 0.296214 74.2496 -0.0714121 0.997366 0.0127042 -40.6046 -0.294615 -0.0332596 0.955037 339.031 
0.945425 0.0709907 0.318012 74.8605 -0.0790642 0.996791 0.0125354 -40.6166 -0.316101 -0.0369947 0.948004 341.018 
0.941669 0.071107 0.328942 75.1889 -0.0796071 0.996749 0.012427 -40.6284 -0.326989 -0.0378883 0.944268 341.977 
0.938504 0.069076 0.338287 75.528 -0.0780951 0.99686 0.0131057 -40.6359 -0.33632 -0.0387183 0.940952 342.922 
0.936118 0.0662713 0.345385 75.8795 -0.0753532 0.997073 0.0129194 -40.6481 -0.343517 -0.03812 0.938372 343.842 
0.934342 0.0650148 0.350398 76.2199 -0.0739356 0.997189 0.0121263 -40.6646 -0.348625 -0.037237 0.936522 344.749 
0.933533 0.0623535 0.353028 76.8691 -0.0696289 0.997541 0.00793329 -40.6905 -0.351665 -0.0319869 0.935579 346.533 
0.934668 0.0609565 0.350257 77.1915 -0.0678394 0.997669 0.00740295 -40.7051 -0.34899 -0.0306806 0.936624 347.426 
0.937309 0.058672 0.343524 77.5142 -0.0651453 0.997849 0.00732259 -40.7182 -0.342356 -0.0292425 0.939115 348.315 
0.94051 0.0569288 0.334962 77.8117 -0.0628496 0.997999 0.00685392 -40.7316 -0.333902 -0.0274984 0.942207 349.208 
0.944524 0.0548645 0.323828 78.1031 -0.0604175 0.998148 0.00711125 -40.7466 -0.322838 -0.0262816 0.946089 350.104 
0.954224 0.0508385 0.294739 78.6368 -0.0559677 0.998392 0.00898736 -40.7702 -0.293808 -0.0250718 0.955535 351.901 
0.966572 0.0420446 0.252926 79.1344 -0.0459637 0.998897 0.00960331 -40.7936 -0.252244 -0.0209077 0.967438 353.681 
0.977504 0.0441367 0.206247 79.5112 -0.0469966 0.998855 0.00898544 -40.8038 -0.205614 -0.0184762 0.978459 355.492 
0.987397 0.0432172 0.152249 79.7926 -0.0446896 0.998981 0.00626075 -40.822 -0.151824 -0.0129858 0.988322 357.297 
0.994584 0.0464166 0.0929986 79.9703 -0.0472607 0.998859 0.00689344 -40.8383 -0.0925725 -0.0112513 0.995642 359.13 
0.998397 0.0471032 0.0313775 80.0245 -0.0473929 0.99884 0.00855566 -40.8521 -0.0309381 -0.010029 0.999471 360.971 
0.998471 0.0474227 -0.0284055 79.9674 -0.0472121 0.998853 0.0080412 -40.8618 0.0287542 -0.00668783 0.999564 362.823 
0.995691 0.053315 -0.0758761 79.8238 -0.0529744 0.998575 0.00649606 -40.8691 0.0761142 -0.00244858 0.997096 364.669 
0.993983 0.058682 -0.0924877 79.7148 -0.057938 0.998263 0.0107114 -40.8647 0.0929556 -0.00528837 0.995656 365.606 
0.992538 0.0663593 -0.102296 79.5894 -0.0649498 0.997743 0.0170522 -40.8672 0.103197 -0.0102809 0.994608 366.545 
0.991208 0.0714347 -0.111376 79.35 -0.0707573 0.997443 0.0100276 -40.8583 0.111808 -0.00205873 0.993728 368.43 
0.991074 0.0754101 -0.109936 79.1048 -0.0755237 0.997139 0.00313653 -40.8631 0.109858 0.00519421 0.993934 370.347 
0.991836 0.0751999 -0.102983 78.8663 -0.0752498 0.997159 0.00340595 -40.8781 0.102946 0.00437131 0.994677 372.311 
0.992497 0.0720722 -0.098765 78.7196 -0.072814 0.997338 -0.00392249 -40.8899 0.0982194 0.0110845 0.995103 374.304 
0.993306 0.0674686 -0.0937617 78.398 -0.0687105 0.997586 -0.0100772 -40.945 0.0928554 0.0164522 0.995544 377.391 
0.993102 0.0718613 -0.0926515 78.1867 -0.0727721 0.997328 -0.00648521 -40.9845 0.0919378 0.0131829 0.995677 379.512 
0.992767 0.0756267 -0.0932404 77.9555 -0.0765899 0.99704 -0.00678999 -41.0201 0.0924509 0.0138822 0.99562 381.669 
0.992532 0.0764277 -0.0950711 77.7272 -0.0777063 0.996928 -0.00981424 -41.0465 0.094029 0.0171286 0.995422 383.856 
0.992256 0.0729927 -0.1005 77.5227 -0.0748391 0.997087 -0.014721 -41.1028 0.099133 0.0221284 0.994828 386.07 
0.991554 0.0643684 -0.112591 77.2892 -0.0661686 0.997732 -0.0123212 -41.1638 0.111542 0.0196671 0.993565 388.301 
0.98953 0.0572954 -0.132469 77.0261 -0.0594882 0.998149 -0.0126523 -41.2307 0.131499 0.0204002 0.991106 390.531 
0.986944 0.0531163 -0.152056 76.6917 -0.0559895 0.998324 -0.0146742 -41.2966 0.151022 0.0229962 0.988263 392.746 
0.983889 0.0511511 -0.171309 76.3256 -0.0541427 0.998451 -0.012834 -41.3659 0.170387 0.0219023 0.985134 394.966 
0.982416 0.0502225 -0.179822 76.1143 -0.0533855 0.998492 -0.0127906 -41.3903 0.178909 0.0221656 0.983616 396.065 
0.980825 0.0518067 -0.187877 75.8867 -0.0554763 0.998357 -0.0143226 -41.4153 0.186826 0.0244707 0.982088 397.156 
0.97909 0.0527351 -0.196471 75.6631 -0.0569394 0.998252 -0.0158082 -41.4451 0.195294 0.0266646 0.980382 398.244 
0.977494 0.0517829 -0.204508 75.4298 -0.0564594 0.998259 -0.0170946 -41.478 0.203267 0.0282563 0.978716 399.324 
0.975838 0.0520689 -0.2122 75.1856 -0.0569282 0.998236 -0.0168503 -41.5195 0.210949 0.0285233 0.977081 400.402 
0.974407 0.053434 -0.218348 74.9156 -0.0586084 0.998131 -0.0172859 -41.5529 0.217016 0.0296405 0.975718 401.468 
0.971992 0.0469206 -0.230284 74.4031 -0.0528889 0.998404 -0.0198094 -41.6245 0.228987 0.031434 0.972922 403.598 
0.969723 0.0363396 -0.24149 73.8655 -0.0447771 0.99856 -0.0295422 -41.7039 0.240068 0.0394609 0.969954 405.715 
0.967144 0.0325757 -0.252135 73.3015 -0.0406296 0.998815 -0.0268015 -41.7899 0.250964 0.0361651 0.967321 407.841 
0.964974 0.0308285 -0.260529 72.7549 -0.0389918 0.998895 -0.0262221 -41.8765 0.259433 0.0354621 0.96511 409.974 
0.963509 0.0319915 -0.265757 72.1516 -0.0396549 0.998937 -0.0235192 -41.9652 0.264722 0.0331995 0.963753 412.104 
0.96283 0.0282227 -0.268631 71.5695 -0.0342356 0.999257 -0.0177244 -42.042 0.267931 0.0262623 0.96308 414.245 
0.962792 0.0237801 -0.269196 71.2556 -0.0297247 0.999396 -0.0180276 -42.0742 0.268604 0.0253586 0.962917 415.302 
0.962484 0.0142982 -0.270961 70.6433 -0.0198312 0.999647 -0.0176928 -42.1439 0.270612 0.0224026 0.962428 417.434 
0.962008 0.0114114 -0.272782 70.0328 -0.0168599 0.999702 -0.0176382 -42.2239 0.2725 0.0215672 0.961914 419.584 
0.961008 0.0109367 -0.276305 69.4316 -0.0154711 0.999779 -0.0142365 -42.3031 0.276089 0.0179561 0.960964 421.752 
0.960229 0.0159207 -0.278761 68.7929 -0.0191903 0.999775 -0.00900412 -42.3667 0.278555 0.0139955 0.960318 423.906 
0.960031 0.0219231 -0.279033 68.1627 -0.0243666 0.999689 -0.00529121 -42.4169 0.27883 0.0118788 0.960267 426.047 
0.961082 0.0253038 -0.275102 67.5123 -0.0269565 0.999634 -0.00222805 -42.47 0.274945 0.00955714 0.961412 428.179 
0.961408 0.0263615 -0.273861 67.2162 -0.0273466 0.999626 0.000220366 -42.4964 0.273764 0.0072773 0.961769 429.249 
0.961692 0.0284422 -0.272654 66.9194 -0.0289193 0.999579 0.00226959 -42.5139 0.272604 0.0057023 0.96211 430.316 
0.961921 0.0316049 -0.271493 66.6459 -0.0315553 0.999492 0.00454959 -42.5203 0.271499 0.00419069 0.96243 431.394 
0.962724 0.0329215 -0.268475 66.0313 -0.0325361 0.999453 0.00588582 -42.5434 0.268522 0.00306873 0.963269 433.508 
0.963501 0.0332426 -0.265632 65.4372 -0.0325636 0.999445 0.00696118 -42.5766 0.265716 0.00194282 0.964049 435.605 
0.964029 0.0307468 -0.264013 64.8735 -0.0281789 0.999512 0.0135087 -42.6009 0.2643 -0.00558315 0.964424 437.706 
0.964633 0.0288214 -0.262018 64.3093 -0.0257952 0.999555 0.0149826 -42.6109 0.262333 -0.00769394 0.964947 439.782 
0.965018 0.0235269 -0.261128 63.7738 -0.0203528 0.999683 0.0148537 -42.619 0.261394 -0.00901938 0.96519 441.837 
0.965066 0.0159073 -0.261525 63.2162 -0.0127488 0.999824 0.0137695 -42.6231 0.261698 -0.00995436 0.965099 443.864 
0.965172 0.0147886 -0.261198 62.6621 -0.0108683 0.999806 0.0164473 -42.6359 0.26139 -0.0130357 0.965145 445.876 
0.965084 0.0159925 -0.261453 62.1093 -0.0111969 0.999741 0.0198215 -42.6411 0.261702 -0.016202 0.965013 447.865 
0.964933 0.0155977 -0.262031 61.5686 -0.0110173 0.99976 0.0189405 -42.6458 0.262263 -0.0153895 0.964874 449.828 
0.964672 0.0146684 -0.263044 60.75 -0.0088606 0.99969 0.023252 -42.6586 0.263304 -0.0200998 0.964504 452.727 
0.964589 0.0166337 -0.263234 59.9208 -0.0106858 0.999655 0.0240111 -42.6436 0.263542 -0.0203479 0.964433 455.574 
0.964583 0.019278 -0.263073 59.3952 -0.012417 0.999539 0.027718 -42.6391 0.263486 -0.0234698 0.964378 457.461 
0.964429 0.0215526 -0.263462 58.8823 -0.0134709 0.999383 0.0324433 -42.6191 0.263999 -0.0277402 0.964124 459.329 
0.9639 0.0214335 -0.265402 58.3605 -0.0111521 0.99913 0.0401857 -42.5894 0.266032 -0.0357752 0.9633 461.181 
0.962951 0.0190608 -0.269002 57.8287 -0.00704871 0.998937 0.0455499 -42.5422 0.269585 -0.0419662 0.962062 463.018 
0.96187 0.0164935 -0.27301 57.3371 -0.00344092 0.998831 0.0482198 -42.4925 0.273486 -0.0454418 0.960802 464.843 
0.961406 0.0165235 -0.274638 57.0719 -0.00311626 0.998785 0.0491826 -42.4671 0.275117 -0.0464285 0.960289 465.743 
0.961036 0.0148641 -0.276025 56.5652 -0.00103013 0.998739 0.0501961 -42.4077 0.276423 -0.0479559 0.959839 467.528 
0.961336 0.0158202 -0.274925 56.2874 -0.00209893 0.99874 0.0501319 -42.375 0.275372 -0.0476166 0.960158 468.4 
0.961314 0.0135833 -0.27512 56.0884 -3.89471e-05 0.99879 0.0491765 -42.3167 0.275455 -0.0472633 0.960151 469.282 
0.961983 0.00928791 -0.27295 55.7936 0.00423119 0.998795 0.0488993 -42.3006 0.273075 -0.0481952 0.960785 470.127 
0.962417 0.00792579 -0.271462 55.3087 0.00597339 0.998714 0.0503367 -42.2384 0.271512 -0.0500664 0.961132 471.82 
0.962207 0.00685179 -0.272233 54.9034 0.00591661 0.998921 0.046054 -42.1526 0.272255 -0.0459241 0.961129 473.5 
0.962656 0.00665468 -0.270647 54.4415 0.00548662 0.999013 0.0440789 -42.1252 0.270673 -0.0439178 0.961669 475.084 
0.963114 0.00340253 -0.269073 53.972 0.00844235 0.999046 0.0428516 -42.0977 0.268962 -0.0435426 0.962166 476.62 
0.963886 -0.00088616 -0.266313 53.5414 0.0122182 0.999089 0.0408978 -42.0544 0.266034 -0.0426747 0.963019 478.154 
0.96595 -0.00239404 -0.258719 53.1346 0.013169 0.999116 0.0399222 -42.0475 0.258395 -0.0419699 0.965127 479.68 
0.970673 0.00118115 -0.240399 52.712 0.00864023 0.99917 0.0397963 -42.0039 0.240247 -0.0407064 0.969858 481.231 
0.976138 0.00605252 -0.217069 52.4083 0.00483881 0.998757 0.0496079 -41.9574 0.217099 -0.0494745 0.974895 482.786 
0.983342 0.00681003 -0.181638 52.1049 0.00305917 0.998536 0.0539991 -41.902 0.18174 -0.0536552 0.981882 484.322 
0.990533 0.0114881 -0.13679 51.8622 -0.00364639 0.998342 0.0574399 -41.839 0.137223 -0.0563974 0.988933 485.882 
0.996205 0.00990342 -0.0864748 51.7318 -0.00474204 0.998206 0.0596892 -41.7753 0.0869108 -0.0590526 0.994464 487.453 
0.999437 0.00799224 -0.0325949 51.6773 -0.00618441 0.998457 0.0551919 -41.7251 0.0329857 -0.0549593 0.997944 489.046 
0.999959 0.00742812 -0.00515643 51.6735 -0.00713876 0.998514 0.0540322 -41.702 0.00555013 -0.0539932 0.998526 489.822 
0.999735 0.00609733 0.0222071 51.6932 -0.00728852 0.998516 0.0539601 -41.6689 -0.0218452 -0.0541077 0.998296 490.618 
0.998914 0.00170089 0.0465564 51.7626 -0.00422916 0.998518 0.0542609 -41.6386 -0.0463951 -0.0543989 0.997441 491.41 
0.997365 -0.00182163 0.0725216 51.837 -0.00218044 0.99848 0.0550672 -41.6068 -0.0725117 -0.0550802 0.995845 492.192 
0.995209 -0.00528493 0.097629 51.9186 -0.000131301 0.998465 0.0553881 -41.5687 -0.0977719 -0.0551356 0.99368 492.99 
0.992147 -0.00514446 0.124971 51.9751 -0.00174442 0.998487 0.054952 -41.5391 -0.125064 -0.0547385 0.990637 493.777 
0.988529 -0.00736139 0.150852 52.0957 -0.000908656 0.998504 0.0546799 -41.5072 -0.151029 -0.0541898 0.987043 494.577 
0.984374 -0.00883576 0.175867 52.2408 -0.000710949 0.998533 0.054147 -41.481 -0.176087 -0.0534259 0.982924 495.38 
0.978658 -0.00634163 0.205396 52.3399 -0.00436653 0.998656 0.0516391 -41.4424 -0.205447 -0.0514339 0.977316 496.167 
0.973569 -0.0087094 0.228226 52.5304 -0.00267807 0.998769 0.0495385 -41.4166 -0.228376 -0.0488404 0.972347 496.966 
0.963211 -0.0113607 0.268504 52.9747 -0.00119002 0.998916 0.046534 -41.3648 -0.268742 -0.0451416 0.962154 498.537 
0.953291 -0.0127465 0.301783 53.5262 -0.0011506 0.998949 0.0458275 -41.3426 -0.30205 -0.0440342 0.952275 500.111 
0.947563 -0.0118539 0.319348 53.7959 -0.00285151 0.998958 0.0455413 -41.3258 -0.319555 -0.0440639 0.946543 500.909 
0.935014 -0.0142428 0.354325 54.3906 -0.00147663 0.999028 0.0440545 -41.2723 -0.354608 -0.0417148 0.934084 502.493 
0.921244 -0.018428 0.388548 55.0635 0.000801905 0.998965 0.0454776 -41.226 -0.388984 -0.0415844 0.920306 504.07 
0.906643 -0.0201236 0.421419 55.7835 0.000823616 0.998944 0.0459297 -41.1784 -0.421899 -0.0412948 0.905702 505.64 
0.890796 -0.0197258 0.453975 56.5412 0.00169709 0.999195 0.0400863 -41.1261 -0.4544 -0.0349383 0.890112 507.181 
0.872723 -0.0125795 0.488054 57.3581 -0.00525315 0.999368 0.0351519 -41.0872 -0.488188 -0.0332417 0.872105 508.712 
0.85118 -0.0135056 0.524701 58.2751 -0.00756038 0.99925 0.037985 -41.0678 -0.52482 -0.036299 0.850439 510.218 
0.810244 -0.0172366 0.585839 59.7712 -0.00864555 0.999107 0.041353 -41.0139 -0.586029 -0.0385709 0.809372 512.383 
0.777071 -0.0205959 0.629076 60.8824 -0.00667399 0.999139 0.0409559 -40.9817 -0.629378 -0.0360241 0.776264 513.763 
0.742843 -0.0266975 0.668933 62.0552 -0.00139856 0.99914 0.0414294 -40.9463 -0.669464 -0.0317111 0.742167 515.044 
0.708048 -0.0321166 0.705434 63.2659 0.00263319 0.999078 0.0428426 -40.9108 -0.706159 -0.0284771 0.70748 516.284 
0.675179 -0.0323784 0.736943 64.4958 0.00323224 0.999156 0.0409377 -40.8785 -0.737647 -0.0252583 0.674714 517.458 
0.645655 -0.0379227 0.762687 65.8122 0.00461883 0.998942 0.0457598 -40.8347 -0.763615 -0.0260224 0.645147 518.605 
0.630884 -0.0380403 0.774944 66.4836 0.00420625 0.99895 0.0456119 -40.8162 -0.775865 -0.0255162 0.630382 519.157 
0.602957 -0.0381242 0.796862 67.9083 0.00633163 0.999055 0.0430068 -40.7876 -0.797748 -0.0208858 0.602629 520.168 
0.571119 -0.0462148 0.819565 69.376 0.0044327 0.998573 0.0532201 -40.7348 -0.820855 -0.0267621 0.570509 521.175 
0.534665 -0.0493216 0.843623 70.8882 0.00413397 0.998436 0.0557525 -40.6657 -0.845054 -0.0263214 0.534033 522.136 
0.494039 -0.0502196 0.867988 72.4539 0.00685987 0.998525 0.0538676 -40.5959 -0.869412 -0.0206585 0.493655 523.031 
0.451223 -0.0553619 0.890692 74.0808 0.0139516 0.99839 0.0549882 -40.5376 -0.892302 -0.0123854 0.451269 523.851 
0.405606 -0.0593478 0.912119 75.7525 0.0186428 0.998219 0.0566598 -40.4672 -0.913858 -0.0059771 0.40599 524.594 
0.357222 -0.0593053 0.932135 77.4648 0.0173135 0.998231 0.0568755 -40.4083 -0.933859 -0.00417865 0.357617 525.292 
0.305752 -0.0558864 0.95047 79.2256 0.0115687 0.99842 0.0549843 -40.3418 -0.952041 -0.00581588 0.305916 525.937 
0.25299 -0.0565624 0.965814 81.0677 0.00723798 0.998372 0.0565732 -40.2844 -0.967442 -0.00732195 0.252988 526.464 
0.198575 -0.0573305 0.978407 82.9361 0.00739096 0.998347 0.0569988 -40.2112 -0.980058 -0.00408719 0.198671 526.915 
0.143518 -0.0579438 0.98795 84.8554 0.00789101 0.99832 0.0574057 -40.1289 -0.989616 -0.000442842 0.143734 527.248 
0.0933381 -0.0580467 0.993941 86.8225 0.012068 0.998292 0.0571675 -40.055 -0.995561 0.00665898 0.0938792 527.448 
0.0440015 -0.0575201 0.997374 88.8241 0.014155 0.998277 0.0569477 -39.9784 -0.998931 0.011612 0.0447399 527.547 
0.0197475 -0.0602294 0.997989 89.8344 0.0141857 0.9981 0.0599554 -39.9404 -0.999704 0.0129732 0.0205644 527.566 
-0.00483588 -0.0628951 0.998008 90.8562 0.0141824 0.997915 0.0629579 -39.896 -0.999888 0.0144586 -0.00393379 527.563 
-0.0288205 -0.0638781 0.997541 91.8774 0.012667 0.997853 0.064264 -39.8448 -0.999504 0.014488 -0.0279495 527.53 
-0.0533421 -0.0630051 0.996587 92.904 0.0111612 0.997908 0.063686 -39.799 -0.998514 0.0145202 -0.0525273 527.482 
-0.0784073 -0.0621056 0.994985 93.9358 0.00888591 0.997974 0.0629925 -39.7541 -0.996882 0.0137804 -0.0776966 527.402 
-0.130108 -0.0602189 0.989669 95.9993 0.00516356 0.998099 0.0614107 -39.658 -0.991486 0.0131003 -0.12955 527.196 
-0.153781 -0.0598479 0.986291 97.0345 0.00826907 0.998051 0.0618508 -39.6117 -0.98807 0.0176672 -0.152986 527.035 
-0.178027 -0.0619068 0.982076 98.0835 0.00769909 0.997901 0.0643 -39.5757 -0.983995 0.0190083 -0.177177 526.866 
-0.199307 -0.0603151 0.978079 99.1187 0.0118913 0.997882 0.0639594 -39.5298 -0.979865 0.0243782 -0.198168 526.629 
-0.222005 -0.0573532 0.973357 100.163 0.00986248 0.998085 0.0610597 -39.4814 -0.974996 0.0231553 -0.221014 526.436 
-0.241048 -0.0571313 0.96883 101.19 0.00785554 0.998118 0.0608129 -39.44 -0.970482 0.0222695 -0.240145 526.134 
-0.282139 -0.0558034 0.957749 103.279 0.00497448 0.998208 0.0596261 -39.3427 -0.959361 0.0215872 -0.281356 525.562 
-0.32204 -0.0502688 0.945391 105.353 0.00100153 0.998571 0.0534377 -39.2695 -0.946726 0.0181559 -0.321529 524.894 
-0.34271 -0.0511639 0.938047 106.395 -0.00107723 0.998537 0.0540696 -39.2222 -0.939441 0.0175197 -0.342263 524.541 
-0.361996 -0.052596 0.930695 107.431 -0.0022772 0.998454 0.0555395 -39.183 -0.932177 0.0179857 -0.361556 524.156 
-0.380798 -0.0531623 0.923129 108.46 -0.00317191 0.998415 0.0561896 -39.1469 -0.924653 0.0184688 -0.380363 523.737 
-0.39764 -0.0543796 0.915929 109.491 -0.00456109 0.998347 0.0572928 -39.1052 -0.91753 0.0186043 -0.397231 523.307 
-0.411227 -0.0561022 0.909805 110.495 -0.00583906 0.998246 0.0589166 -39.0617 -0.911514 0.0189157 -0.410833 522.808 
-0.422065 -0.0536878 0.904974 111.52 -0.00226619 0.998304 0.0581676 -39.017 -0.906563 0.0224997 -0.421471 522.343 
-0.430752 -0.0496337 0.901105 112.539 0.00182908 0.998436 0.0558692 -38.9676 -0.902469 0.0257139 -0.429987 521.862 
-0.44132 -0.0459191 0.896174 114.587 0.0123997 0.998282 0.0572572 -38.8727 -0.897264 0.0363811 -0.439992 520.863 
-0.4465 -0.0462421 0.893588 116.657 0.0186217 0.997967 0.0609483 -38.7816 -0.89459 0.0438535 -0.444732 519.84 
-0.448258 -0.0494134 0.892537 118.73 0.0182293 0.997758 0.064394 -38.675 -0.893718 0.0451355 -0.446352 518.802 
-0.450671 -0.0565083 0.8909 120.835 0.0155918 0.997344 0.0711471 -38.5663 -0.892554 0.0459547 -0.448593 517.758 
-0.454282 -0.0521024 0.889333 124.073 0.0166982 0.997615 0.0669758 -38.3646 -0.890702 0.0452762 -0.452328 516.189 
-0.456486 -0.0502157 0.888312 126.141 0.0191698 0.997619 0.0662457 -38.2597 -0.889524 0.047269 -0.454437 515.155 
-0.458949 -0.0545188 0.886789 128.315 0.0178684 0.997347 0.0705635 -38.1455 -0.888283 0.0482305 -0.456757 514.05 
-0.460971 -0.0577195 0.885536 130.507 0.0175181 0.997096 0.0741102 -38.018 -0.887242 0.0496756 -0.458621 512.93 
-0.462695 -0.0580125 0.884617 132.722 0.0174175 0.997069 0.0744971 -37.8759 -0.886346 0.0498772 -0.460329 511.809 
-0.464163 -0.052525 0.884191 134.944 0.0214112 0.997283 0.0704831 -37.7424 -0.885491 0.0516472 -0.461777 510.657 
-0.463822 -0.0539039 0.884287 136.067 0.0206034 0.997221 0.0715949 -37.6769 -0.885689 0.0514266 -0.461423 510.077 
-0.463611 -0.0553116 0.884311 137.201 0.0210507 0.99708 0.0734012 -37.611 -0.885789 0.0526449 -0.461093 509.496 
-0.462469 -0.055869 0.884874 138.32 0.0200853 0.997096 0.0734519 -37.5354 -0.886408 0.0517422 -0.460004 508.887 
-0.462962 -0.0527254 0.884809 139.47 0.018145 0.997456 0.0689321 -37.4693 -0.886193 0.0479678 -0.460827 508.319 
-0.461636 -0.0482595 0.885756 140.61 0.0196163 0.997719 0.0645834 -37.4021 -0.886852 0.0471893 -0.459637 507.719 
-0.461477 -0.0473419 0.885888 142.924 0.0221335 0.99765 0.0648442 -37.2809 -0.886876 0.0495319 -0.459345 506.52 
-0.462346 -0.0508403 0.885241 145.292 0.0213815 0.997425 0.0684504 -37.1406 -0.886442 0.0505756 -0.460069 505.328 
-0.462867 -0.0515209 0.884929 147.671 0.0177879 0.997569 0.0673829 -37.0018 -0.886249 0.0469304 -0.460825 504.124 
-0.463187 -0.052463 0.884706 150.068 0.0173121 0.99752 0.0682165 -36.8633 -0.886091 0.0469131 -0.46113 502.885 
-0.463583 -0.0502923 0.884625 152.484 0.0191023 0.997589 0.0667249 -36.7332 -0.885847 0.0478309 -0.461505 501.623 
-0.464087 -0.0510409 0.884318 154.925 0.0204065 0.997457 0.0682803 -36.6093 -0.885554 0.0497338 -0.461866 500.346 
-0.464522 -0.0531809 0.883963 157.398 0.0164402 0.997505 0.0686512 -36.4638 -0.885409 0.0464226 -0.462489 499.077 
-0.465345 -0.0549395 0.883423 159.896 0.00725542 0.997802 0.0658745 -36.3276 -0.8851 0.0370639 -0.463923 497.82 
-0.465436 -0.0564769 0.883278 162.389 0.00413823 0.997812 0.0659808 -36.1931 -0.885072 0.034365 -0.464184 496.53 
-0.465326 -0.0526969 0.883569 164.89 0.0114668 0.997784 0.0655477 -36.069 -0.885065 0.0406328 -0.46369 495.241 
-0.465154 -0.0524965 0.883672 167.391 0.0170693 0.997523 0.0682451 -35.9403 -0.885065 0.0468281 -0.463105 493.945 
-0.464908 -0.0543173 0.883691 169.898 0.0161775 0.997428 0.0698193 -35.802 -0.885211 0.0467555 -0.462834 492.66 
-0.464973 -0.0512378 0.883841 172.399 0.0186426 0.997536 0.0676365 -35.664 -0.885129 0.0479262 -0.462872 491.374 
-0.465335 -0.0500888 0.883716 173.659 0.0193967 0.997581 0.0667563 -35.5869 -0.884922 0.0482052 -0.463237 490.737 
-0.462896 -0.0445669 0.885292 176.15 0.0251448 0.997673 0.063372 -35.4704 -0.886056 0.0515951 -0.460698 489.441 
-0.461224 -0.0573299 0.88543 178.676 0.0176088 0.997122 0.0737343 -35.3373 -0.887109 0.0495994 -0.458887 488.173 
-0.459446 -0.0584063 0.886283 179.935 0.0132214 0.997275 0.0725746 -35.2635 -0.888107 0.045062 -0.457422 487.548 
-0.457578 -0.0556613 0.887425 181.175 0.0136821 0.99748 0.0696189 -35.1884 -0.889064 0.043998 -0.455664 486.912 
-0.453795 -0.052434 0.889562 183.678 0.0134554 0.99775 0.0656751 -35.0705 -0.891004 0.0417724 -0.452069 485.666 
-0.452097 -0.0534808 0.890364 186.168 0.0118541 0.997752 0.0659504 -34.9447 -0.89189 0.0403704 -0.450447 484.42 
-0.451524 -0.0551332 0.890554 188.667 0.0114428 0.997649 0.067565 -34.8073 -0.892185 0.0406977 -0.449832 483.183 
-0.453871 -0.0520128 0.889548 191.152 0.0120587 0.997845 0.0644977 -34.6891 -0.890986 0.0400004 -0.452266 481.968 
-0.457156 -0.0469262 0.888148 193.614 0.0172387 0.997952 0.061601 -34.5738 -0.88922 0.0434717 -0.45541 480.727 
-0.463144 -0.0492278 0.884915 196.013 0.0172667 0.997766 0.0645427 -34.4698 -0.886115 0.0451721 -0.461259 479.507 
-0.465479 -0.0508914 0.883594 197.222 0.0183171 0.997578 0.0671058 -34.4143 -0.884869 0.0474213 -0.463419 478.873 
-0.470419 -0.0494384 0.881057 199.597 0.0202974 0.997559 0.066813 -34.292 -0.88221 0.0493133 -0.468267 477.595 
-0.474017 -0.0414102 0.879541 201.941 0.0258221 0.99781 0.060895 -34.1269 -0.880137 0.0515769 -0.47191 476.283 
-0.479533 -0.0437426 0.876433 204.32 0.0236658 0.997749 0.062746 -34.0331 -0.877205 0.0508303 -0.477418 475.019 
-0.484539 -0.0483584 0.873432 206.641 0.0180219 0.997707 0.0652367 -33.9133 -0.874584 0.0473506 -0.482557 473.756 
-0.488644 -0.0507855 0.871004 208.919 0.0172781 0.997545 0.067857 -33.8291 -0.872312 0.0482072 -0.486567 472.509 
-0.491578 -0.0522435 0.869265 211.125 0.0155258 0.997514 0.0687314 -33.6957 -0.870695 0.0472829 -0.489545 471.294 
-0.492965 -0.0518701 0.868502 213.245 0.0107914 0.99778 0.0657163 -33.5823 -0.869982 0.0417682 -0.491311 470.098 
-0.492273 -0.053745 0.86878 215.301 0.00615297 0.997852 0.0652162 -33.4582 -0.870419 0.0374497 -0.490885 468.939 
-0.488047 -0.055247 0.871067 217.299 0.00516412 0.997794 0.066178 -33.3976 -0.872802 0.0367962 -0.486685 467.845 
-0.475363 -0.0545228 0.878099 219.216 0.00612908 0.997848 0.0652763 -33.3158 -0.879768 0.0364119 -0.474006 466.8 
-0.466095 -0.054615 0.883047 220.163 0.00718973 0.997826 0.0655088 -33.2814 -0.884705 0.0368822 -0.464689 466.309 
-0.454718 -0.0549196 0.888941 221.106 0.00566809 0.997898 0.0645505 -33.2293 -0.890617 0.0343909 -0.453451 465.833 
-0.441002 -0.0544057 0.895856 222.055 0.00678681 0.99793 0.0639456 -33.1972 -0.89748 0.0342802 -0.43972 465.383 
-0.424524 -0.0516043 0.903945 222.99 0.00793439 0.998124 0.060707 -33.1428 -0.905382 0.0329438 -0.423318 464.933 
-0.408864 -0.0533756 0.911033 223.93 -0.000285489 0.998296 0.0583601 -33.0846 -0.912595 0.0236013 -0.408183 464.527 
-0.391114 -0.0526931 0.918833 224.857 -0.00459509 0.998459 0.0553036 -33.0457 -0.920331 0.0174079 -0.390753 464.113 
-0.373634 -0.0492685 0.926267 225.796 -0.00416512 0.998667 0.0514394 -33.014 -0.927567 0.0153615 -0.373341 463.734 
-0.356723 -0.0503494 0.932852 226.753 -0.00866207 0.998682 0.0505901 -32.9828 -0.93417 0.00996623 -0.356689 463.423 
-0.338307 -0.049214 0.939748 227.711 -0.006808 0.998733 0.0498521 -32.96 -0.941011 0.0104675 -0.338214 463.101 
-0.317264 -0.0496965 0.947034 228.665 -0.00675289 0.998719 0.0501464 -32.9228 -0.948313 0.00951444 -0.317194 462.771 
-0.298961 -0.0513036 0.952885 229.64 -0.00658706 0.998641 0.0517004 -32.8934 -0.954243 0.00917967 -0.298892 462.496 
-0.279253 -0.056004 0.958583 230.615 -0.0101304 0.998414 0.0553799 -32.8614 -0.960164 0.00575415 -0.279377 462.239 
-0.260038 -0.0589572 0.963797 231.6 -0.0112748 0.998252 0.0580229 -32.8333 -0.965533 0.00422157 -0.260248 462 
-0.240721 -0.06213 0.968604 232.587 -0.017675 0.998064 0.0596271 -32.7965 -0.970433 -0.00276657 -0.241353 461.779 
-0.221954 -0.0628851 0.973027 233.567 -0.0217882 0.997989 0.0595283 -32.7563 -0.974814 -0.00798801 -0.222878 461.58 
-0.201418 -0.0625508 0.977506 234.547 -0.0252321 0.997959 0.0586604 -32.7101 -0.97918 -0.0128493 -0.202585 461.393 
-0.181982 -0.0632483 0.981266 235.54 -0.0300036 0.997822 0.058751 -32.6779 -0.982844 -0.0187499 -0.183483 461.256 
-0.159434 -0.062705 0.985215 236.527 -0.0262986 0.997896 0.0592563 -32.6449 -0.986858 -0.0164623 -0.160747 461.083 
-0.109213 -0.055573 0.992464 238.526 -0.018426 0.998378 0.0538766 -32.5828 -0.993848 -0.0124031 -0.11006 460.817 
-0.0847322 -0.0515487 0.995069 239.538 -0.0180722 0.998576 0.0501914 -32.5699 -0.99624 -0.0137303 -0.0855431 460.78 
-0.057031 -0.0489206 0.997173 240.556 -0.0135285 0.998745 0.048224 -32.5384 -0.998281 -0.01074 -0.0576213 460.715 
-0.0298319 -0.048368 0.998384 241.577 -0.0137517 0.998754 0.047975 -32.5121 -0.99946 -0.0122983 -0.0304599 460.717 
-0.00214312 -0.0478126 0.998854 242.61 -0.0148457 0.998748 0.0477757 -32.4746 -0.999888 -0.0147263 -0.00285025 460.734 
0.0569461 -0.04811 0.997217 244.697 -0.0166828 0.998653 0.0491319 -32.4223 -0.998238 -0.0194342 0.0560668 460.86 
0.118499 -0.0503246 0.991678 246.769 -0.0216915 0.998345 0.0532549 -32.3538 -0.992717 -0.0278216 0.117211 461.079 
0.149151 -0.0462545 0.987732 247.801 -0.0270482 0.998341 0.0508357 -32.3148 -0.988444 -0.0342986 0.147652 461.22 
0.204898 -0.0388505 0.978012 249.882 -0.0340308 0.998325 0.046787 -32.2343 -0.978192 -0.0428691 0.203233 461.661 
0.231896 -0.0351216 0.972106 250.922 -0.0386008 0.998229 0.0452736 -32.2038 -0.971974 -0.0480229 0.230129 461.938 
0.259446 -0.0319311 0.96523 251.961 -0.0410158 0.998187 0.0440461 -32.1739 -0.964886 -0.0510172 0.257666 462.237 
0.314655 -0.0336442 0.94861 254.031 -0.0427437 0.997856 0.0495689 -32.1075 -0.948243 -0.0561442 0.312543 462.898 
0.342824 -0.0352326 0.938739 255.071 -0.0408707 0.997791 0.0523747 -32.0798 -0.93851 -0.0563222 0.340626 463.265 
0.369748 -0.0295794 0.928661 256.072 -0.0436266 0.997838 0.0491528 -32.0346 -0.928107 -0.0586885 0.367659 463.695 
0.395376 -0.0272709 0.918114 257.088 -0.0403318 0.99808 0.0470146 -32 -0.917633 -0.0556177 0.393517 464.133 
0.42081 -0.0250717 0.906802 258.089 -0.0416339 0.998031 0.0469146 -31.9652 -0.906193 -0.0574958 0.418938 464.6 
0.443593 -0.0258056 0.895857 259.085 -0.0446737 0.997706 0.0508601 -31.9194 -0.895114 -0.0625824 0.441423 465.116 
0.46745 -0.0280692 0.883574 260.086 -0.0446841 0.997468 0.0553273 -31.877 -0.882889 -0.0653445 0.465012 465.64 
0.489261 -0.0316793 0.871562 261.053 -0.0425747 0.997281 0.0601488 -31.8356 -0.871098 -0.066535 0.486582 466.2 
0.510526 -0.0323928 0.859252 262.032 -0.0417702 0.997176 0.0624102 -31.7895 -0.858847 -0.0677532 0.507731 466.786 
0.550014 -0.0301403 0.834611 263.945 -0.0426132 0.997034 0.0640883 -31.6921 -0.834067 -0.0708149 0.547099 468.025 
0.581928 -0.0239697 0.812887 265.806 -0.049985 0.996621 0.0651707 -31.5828 -0.811703 -0.0785568 0.578764 469.348 
0.607039 -0.0188196 0.794449 267.64 -0.0556871 0.996255 0.0661507 -31.4747 -0.792719 -0.0843966 0.603717 470.762 
0.627359 -0.0161571 0.778563 269.434 -0.0579601 0.996043 0.0673741 -31.3605 -0.77657 -0.0873933 0.62394 472.225 
0.646272 -0.0120046 0.763013 271.216 -0.0564636 0.996383 0.0635009 -31.2528 -0.761015 -0.0841213 0.643257 473.728 
0.66097 -0.0110379 0.750331 272.966 -0.0532337 0.996683 0.0615557 -31.1477 -0.748522 -0.0806294 0.65819 475.298 
0.667543 -0.0107736 0.744493 274.704 -0.0553299 0.996413 0.0640301 -31.0503 -0.742513 -0.0839356 0.664552 476.895 
0.671745 -0.0121865 0.740682 276.428 -0.0557593 0.996196 0.0669602 -30.9485 -0.738681 -0.0862801 0.66851 478.48 
0.673811 -0.0138173 0.738775 277.283 -0.0545406 0.996168 0.068376 -30.9021 -0.736888 -0.0863657 0.670475 479.28 
0.675553 -0.011686 0.737219 278.14 -0.0570854 0.996044 0.0680991 -30.8358 -0.735098 -0.0880889 0.672213 480.07 
0.678583 -0.0112619 0.734437 278.994 -0.0553666 0.996254 0.0664325 -30.7876 -0.732434 -0.0857433 0.675417 480.855 
0.678802 -0.00950402 0.73426 279.838 -0.0547114 0.996482 0.0634772 -30.7252 -0.73228 -0.0832608 0.675894 481.651 
0.679719 -0.00890416 0.733419 280.683 -0.0531663 0.996698 0.061374 -30.6824 -0.731544 -0.0807102 0.677001 482.437 
0.679104 -0.00867438 0.733991 281.513 -0.0525089 0.996794 0.0603626 -30.6323 -0.732161 -0.0795335 0.676472 483.231 
0.67855 -0.0104575 0.73448 282.348 -0.0513851 0.996773 0.0616641 -30.5924 -0.732755 -0.0795835 0.675823 483.999 
0.675228 -0.00929951 0.73755 283.144 -0.054693 0.996537 0.0626365 -30.5351 -0.735578 -0.0826327 0.672381 484.788 
0.665839 -0.00792031 0.746054 284.711 -0.0607337 0.99605 0.064778 -30.4318 -0.74362 -0.0884423 0.662727 486.305 
0.654546 -0.00593111 0.755999 286.311 -0.0643673 0.995901 0.0635426 -30.348 -0.753277 -0.0902532 0.651482 487.725 
0.638406 -0.00105248 0.769699 287.89 -0.0674764 0.996072 0.0573285 -30.2777 -0.766736 -0.0885354 0.635828 489.064 
0.617978 -0.00205736 0.786193 289.454 -0.0623526 0.996718 0.0516198 -30.2112 -0.783719 -0.0809211 0.615821 490.314 
0.59431 -0.00232471 0.804232 290.96 -0.0589623 0.997179 0.0464543 -30.1634 -0.802071 -0.0750276 0.592497 491.481 
0.571002 -0.00500108 0.820933 292.484 -0.0475451 0.998102 0.0391505 -30.1425 -0.819571 -0.0613864 0.569681 492.52 
0.545739 0.00604132 0.837933 293.958 -0.0365418 0.999194 0.0165954 -30.135 -0.837158 -0.0396764 0.54552 493.451 
0.513766 0.0254886 0.857551 295.373 -0.0409118 0.999149 -0.00518667 -30.158 -0.856954 -0.0324192 0.514372 494.336 
0.473162 0.0277595 0.880538 296.795 -0.0444252 0.998984 -0.00762143 -30.2041 -0.879855 -0.0355119 0.473915 495.125 
0.424097 0.0195429 0.905406 298.212 -0.0392599 0.999224 -0.00317841 -30.2524 -0.904765 -0.0341982 0.424535 495.764 
0.358408 0.0137783 0.933463 299.598 -0.0294616 0.99956 -0.00344197 -30.3059 -0.9331 -0.0262677 0.358656 496.315 
0.282047 0.0247324 0.959082 301.031 -0.0160213 0.99965 -0.021067 -30.3549 -0.959267 -0.00942387 0.282345 496.749 
0.202719 0.0372459 0.978528 302.491 -0.0109002 0.9993 -0.0357784 -30.4208 -0.979176 -0.00341323 0.202983 497.039 
0.122007 0.0319338 0.992015 304.002 -0.00408809 0.99949 -0.0316717 -30.5062 -0.992521 -0.000191298 0.122075 497.209 
0.0384032 0.0206039 0.99905 305.447 -0.000459767 0.999788 -0.0206014 -30.582 -0.999262 0.00033183 0.0384045 497.272 
-0.0487757 0.0200148 0.998609 306.878 0.0115701 0.999743 -0.0194724 -30.6227 -0.998743 0.0106042 -0.0489948 497.19 
-0.131232 0.0240535 0.99106 308.318 0.0150594 0.999639 -0.0222676 -30.7256 -0.991237 0.0120025 -0.131547 496.969 
-0.199706 0.0312341 0.979358 309.745 0.028447 0.999255 -0.0260679 -30.7605 -0.979443 0.0226539 -0.200446 496.674 
-0.253638 0.0264369 0.966938 311.176 0.0288765 0.999388 -0.0197495 -30.8357 -0.966868 0.0229126 -0.254246 496.31 
-0.309687 0.0272205 0.950449 313.258 0.0372604 0.99917 -0.0164752 -30.9131 -0.950108 0.030312 -0.310444 495.663 
-0.342634 0.028015 0.939051 314.643 0.0435619 0.998954 -0.0139076 -30.948 -0.938458 0.0361416 -0.343496 495.143 
-0.378675 0.03116 0.925005 316.033 0.0499791 0.998663 -0.0131811 -30.9743 -0.924179 0.0412396 -0.379726 494.599 
-0.423015 0.0293157 0.905648 317.391 0.0468153 0.998849 -0.0104658 -31.0266 -0.904913 0.037971 -0.4239 493.944 
-0.478717 0.0327126 0.87736 318.707 0.0448852 0.998911 -0.0127538 -31.0776 -0.876821 0.033275 -0.479664 493.313 
-0.541167 0.0333884 0.840252 320.047 0.0472613 0.99884 -0.00925126 -31.1168 -0.839586 0.0347049 -0.542118 492.611 
-0.573334 0.0311534 0.818729 320.652 0.0501026 0.99874 -0.00291748 -31.1424 -0.817788 0.0393478 -0.574172 492.145 
-0.636921 0.0343189 0.770165 321.763 0.0586578 0.99827 0.00402623 -31.2142 -0.768694 0.0477405 -0.637833 491.121 
-0.668492 0.0360178 0.742847 322.302 0.0599774 0.998184 0.00557586 -31.2287 -0.741297 0.0482814 -0.669438 490.608 
-0.698864 0.0368472 0.714305 322.807 0.0604205 0.998144 0.00762548 -31.2435 -0.712698 0.0484878 -0.699793 490.072 
-0.756947 0.0385169 0.652341 323.763 0.064946 0.997753 0.016449 -31.2961 -0.650241 0.0548179 -0.757747 488.946 
-0.832063 0.0445455 0.552889 325.063 0.0714476 0.997074 0.0271915 -31.3197 -0.55006 0.0621276 -0.832811 487.24 
-0.894091 0.0601413 0.443829 326.331 0.0800731 0.996442 0.0262832 -31.3015 -0.44067 0.0590384 -0.895726 484.784 
-0.937945 0.0637661 0.340872 327.233 0.0819994 0.995856 0.0393376 -31.2463 -0.336951 0.0648478 -0.939286 482.189 
-0.972661 0.0756459 0.219562 327.933 0.0869497 0.995316 0.0422706 -31.1703 -0.215336 0.0602058 -0.974682 479.509 
-0.98885 0.0836162 0.12322 328.16 0.0913912 0.994075 0.0588495 -31.0882 -0.117569 0.0694546 -0.990633 477.436 
-0.995017 0.082837 0.0554933 328.246 0.0863375 0.99421 0.0639707 -31.0234 -0.0498729 0.0684431 -0.996408 476.012 
-0.99339 0.0883298 -0.0733083 328.129 0.0835091 0.994292 0.0664112 -30.8808 0.0787559 0.0598503 -0.995096 473.088 
-0.983856 0.0958955 -0.1511 327.798 0.0864076 0.993925 0.0681686 -30.7502 0.15672 0.0540119 -0.986165 470.863 
-0.977338 0.0953182 -0.189012 327.497 0.0840851 0.99423 0.0666031 -30.665 0.194269 0.0492007 -0.979714 469.331 
-0.970876 0.0941784 -0.220295 327.165 0.0815506 0.994498 0.0657512 -30.5848 0.225276 0.0458711 -0.973215 467.769 
-0.964762 0.0903518 -0.247123 326.782 0.0755649 0.994772 0.0686992 -30.5039 0.252038 0.0476046 -0.966546 466.18 
-0.958349 0.0950686 -0.269311 326.097 0.0780425 0.994254 0.0732625 -30.3579 0.274729 0.0491934 -0.960263 463.738 
-0.956741 0.093871 -0.275381 325.63 0.0782902 0.994673 0.0670613 -30.2607 0.280209 0.0426007 -0.958993 462.069 
-0.955482 0.0975974 -0.278438 325.117 0.0819007 0.994353 0.0674891 -30.1627 0.283453 0.0416804 -0.95808 460.358 
-0.954558 0.101067 -0.280363 324.599 0.0835025 0.993761 0.0739356 -30.0669 0.286086 0.0471648 -0.957042 458.616 
-0.95316 0.103975 -0.284034 324.107 0.0866068 0.993559 0.0730714 -29.9676 0.289802 0.0450494 -0.956026 456.825 
-0.952416 0.0999085 -0.287963 323.578 0.0828287 0.994036 0.0709304 -29.8628 0.293332 0.0437036 -0.955011 455.003 
-0.950544 0.100219 -0.293976 322.772 0.0822766 0.993946 0.0728106 -29.706 0.299494 0.0450224 -0.953035 452.222 
-0.949513 0.101012 -0.29702 322.167 0.0830651 0.993906 0.0724686 -29.5845 0.30253 0.0441379 -0.952117 450.345 
-0.948359 0.102228 -0.300273 321.575 0.0837435 0.993748 0.0738341 -29.4687 0.305943 0.0448754 -0.950991 448.432 
-0.94828 0.101489 -0.300773 321.245 0.0829118 0.99381 0.0739351 -29.3968 0.306415 0.0451736 -0.950826 447.487 
-0.947914 0.101631 -0.301878 320.929 0.0827724 0.993768 0.0746536 -29.3278 0.307584 0.0457781 -0.950419 446.533 
-0.947174 0.0990333 -0.305048 320.319 0.0800797 0.994033 0.0740638 -29.2051 0.310563 0.0457232 -0.949453 444.615 
-0.946663 0.100525 -0.306144 319.659 0.0818719 0.993951 0.0732055 -29.0823 0.311651 0.0442364 -0.949166 442.701 
-0.947405 0.10228 -0.303252 318.976 0.0832247 0.993694 0.0751425 -28.9346 0.309025 0.0459524 -0.949943 440.785 
-0.951864 0.0923735 -0.292272 317.822 0.0757525 0.994825 0.0677091 -28.7086 0.297014 0.0423095 -0.953935 436.882 
-0.956848 0.0793707 -0.279539 317.046 0.0663597 0.996239 0.0557205 -28.5769 0.28291 0.0347659 -0.958516 433.949 
-0.966617 0.0645829 -0.247954 316.037 0.0514058 0.996918 0.0592616 -28.4284 0.251017 0.0445369 -0.966958 430.052 
-0.979415 0.068418 -0.189907 315.172 0.0587653 0.996699 0.056009 -28.264 0.193113 0.0436961 -0.980203 426.074 
-0.986865 0.0625152 -0.148958 314.698 0.0556256 0.9972 0.0499818 -28.1562 0.151666 0.0410395 -0.987579 423.127 
-0.992217 0.062832 -0.10751 314.358 0.0577325 0.997084 0.0499088 -28.0391 0.110332 0.0433135 -0.992951 420.16 
-0.996288 0.0522513 -0.0684169 314.167 0.0485681 0.997335 0.0544348 -27.9473 0.0710789 0.0509098 -0.996171 417.145 
-0.997972 0.0475273 -0.0423483 314.069 0.0452274 0.997532 0.0537043 -27.8737 0.0447962 0.0516801 -0.997658 415.154 
-0.998751 0.0471095 -0.0166658 314.039 0.046167 0.997526 0.053018 -27.8086 0.0191222 0.0521824 -0.998454 413.149 
-0.998971 0.0443098 0.00970448 314.045 0.0447926 0.997367 0.0570254 -27.7325 -0.00715215 0.0574014 -0.998326 411.136 
-0.998682 0.0462072 0.0223534 314.081 0.0474187 0.997241 0.057105 -27.7045 -0.019653 0.0580897 -0.998118 410.135 
-0.998295 0.047126 0.0344403 314.118 0.0490308 0.997185 0.0567311 -27.6654 -0.0316699 0.058323 -0.997795 409.143 
-0.997213 0.0480371 0.0570799 314.274 0.0509172 0.997444 0.0501213 -27.5767 -0.0545264 0.052888 -0.997111 407.144 
-0.995809 0.0447213 0.0797757 314.451 0.0485802 0.997708 0.0471047 -27.5116 -0.0774862 0.0507828 -0.995699 405.15 
-0.994129 0.0424314 0.0995304 314.683 0.0469607 0.997944 0.0436127 -27.4441 -0.0974752 0.0480307 -0.994078 403.16 
-0.99209 0.0405287 0.118807 314.9 0.0454904 0.998189 0.0393517 -27.3939 -0.116997 0.044445 -0.992137 401.177 
-0.989729 0.0402666 0.137168 315.171 0.0460049 0.998183 0.0389226 -27.3595 -0.135352 0.0448332 -0.989783 399.194 
-0.987403 0.0359734 0.154085 315.487 0.0430809 0.998144 0.0430385 -27.3142 -0.152251 0.0491344 -0.98712 397.238 
-0.984812 0.0348512 0.170088 315.866 0.0424437 0.998249 0.0412076 -27.27 -0.168354 0.0478009 -0.984567 395.298 
-0.982486 0.0312547 0.183698 316.302 0.0396366 0.998325 0.0421345 -27.2268 -0.182073 0.0486777 -0.982079 393.375 
-0.979945 0.0292497 0.19711 316.731 0.0387078 0.998268 0.0443027 -27.1877 -0.195473 0.0510439 -0.97938 391.469 
-0.977238 0.0275037 0.210357 317.17 0.0380255 0.998211 0.0461378 -27.1367 -0.208712 0.0530865 -0.976535 389.578 
-0.974532 0.0266224 0.222663 317.634 0.0365046 0.998517 0.0403836 -27.0827 -0.221258 0.0474833 -0.974059 387.71 
-0.972047 0.0266065 0.233274 318.187 0.0353538 0.998817 0.0333966 -27.0411 -0.232109 0.0407101 -0.971837 385.916 
-0.970402 0.0274292 0.239932 318.414 0.0359029 0.998874 0.0310169 -27.0318 -0.238811 0.0387131 -0.970294 385.026 
-0.966633 0.0324381 0.254104 318.907 0.0398164 0.99892 0.0239457 -27.0175 -0.253053 0.0332642 -0.96688 383.314 
-0.962861 0.0346295 0.267769 319.38 0.0382318 0.999235 0.00824937 -27.0316 -0.267278 0.0181803 -0.963448 381.685 
-0.959757 0.0346078 0.278691 319.842 0.0329314 0.9994 -0.010696 -27.0923 -0.278894 -0.00108783 -0.960321 380.155 
-0.957389 0.0360727 0.286541 320.279 0.030834 0.999265 -0.0227753 -27.1692 -0.287152 -0.0129696 -0.957797 378.722 
-0.955723 0.0393908 0.29162 320.647 0.029998 0.998879 -0.0366123 -27.2789 -0.292735 -0.0262432 -0.955833 377.356 
-0.955812 0.0443496 0.290613 321.065 0.0350781 0.998698 -0.0370381 -27.3769 -0.291878 -0.0252073 -0.956123 376.033 
-0.95986 0.0503684 0.275921 321.528 0.0430705 0.998545 -0.0324493 -27.414 -0.277154 -0.0192628 -0.960633 374.743 
-0.966587 0.0523437 0.250939 321.875 0.0453181 0.998404 -0.0336988 -27.4908 -0.252303 -0.0212007 -0.967416 373.448 
-0.97558 0.0598513 0.211331 322.049 0.0562238 0.99815 -0.023138 -27.532 -0.212325 -0.0106911 -0.977141 372.138 
-0.986612 0.0624368 0.150658 322.207 0.0625208 0.998035 -0.00418377 -27.586 -0.150623 0.00529152 -0.988577 370.828 
-0.995031 0.0647105 0.0756661 322.263 0.0655823 0.997806 0.00909196 -27.6196 -0.0749118 0.0140092 -0.997092 369.535 
-0.996082 0.0685906 -0.0558256 322.254 0.067173 0.997379 0.0268884 -27.614 0.0575236 0.0230331 -0.998078 367.638 
-0.979286 0.0641466 -0.19205 321.943 0.0570373 0.997474 0.042326 -27.5808 0.19428 0.0304953 -0.980472 365.698 
-0.957744 0.0692737 -0.279157 321.558 0.0551773 0.996788 0.0580514 -27.5563 0.282281 0.0401953 -0.958489 364.523 
-0.92861 0.06373 -0.365542 321.055 0.0429432 0.996979 0.0647256 -27.5029 0.368563 0.0444073 -0.928542 363.293 
-0.89174 0.069387 -0.447198 320.445 0.0434898 0.996742 0.0679328 -27.4365 0.450454 0.0411298 -0.891852 362.088 
-0.850853 0.0774238 -0.519668 319.713 0.0458496 0.996251 0.073359 -27.3519 0.523399 0.0385912 -0.851213 360.947 
-0.810417 0.0824151 -0.580027 318.892 0.0472556 0.996026 0.0754978 -27.2568 0.583944 0.0337752 -0.811091 359.845 
-0.756911 0.0905192 -0.647218 317.504 0.0573901 0.995742 0.0721464 -27.1222 0.650993 0.0174644 -0.758883 358.227 
-0.719795 0.0960121 -0.687514 315.94 0.064426 0.995354 0.0715512 -26.9732 0.69119 0.00720838 -0.722637 356.605 
-0.69044 0.096094 -0.716978 314.236 0.0654916 0.995371 0.0703385 -26.8208 0.720418 0.0016085 -0.693538 354.939 
-0.679526 0.0991923 -0.726915 313.014 0.0695673 0.995065 0.0707511 -26.7135 0.730346 -0.0024923 -0.683073 353.805 
-0.682261 0.104103 -0.72366 311.749 0.0744109 0.994558 0.0729192 -26.6111 0.727313 -0.00409833 -0.686294 352.613 
-0.688668 0.100813 -0.718034 310.464 0.0688334 0.994905 0.0736672 -26.5055 0.721802 0.00130761 -0.692099 351.351 
-0.691046 0.0965429 -0.716334 309.152 0.06381 0.995319 0.0725852 -26.401 0.719988 0.00445045 -0.693972 350.046 
-0.692882 0.0941179 -0.714882 307.82 0.0605417 0.995537 0.072389 -26.2801 0.718505 0.00687691 -0.695488 348.71 
-0.696026 0.0910713 -0.712217 305.746 0.0585873 0.995819 0.0700801 -26.1071 0.715622 0.00705074 -0.698452 346.618 
-0.699105 0.0886439 -0.709503 304.31 0.0597878 0.996058 0.0655339 -25.9893 0.712515 0.00339544 -0.701648 345.223 
-0.702635 0.0838202 -0.706596 302.876 0.0587542 0.996481 0.059783 -25.8901 0.70912 0.000490214 -0.705087 343.768 
-0.70633 0.0795678 -0.703396 301.411 0.0562081 0.996829 0.0563183 -25.7998 0.705647 0.000242767 -0.708563 342.307 
-0.709722 0.0808959 -0.699822 299.968 0.055035 0.996716 0.0594018 -25.7089 0.702329 0.00364405 -0.711843 340.803 
-0.715309 0.0828176 -0.693883 298.513 0.0552525 0.996547 0.0619831 -25.6245 0.69662 0.00599831 -0.717415 339.292 
-0.722972 0.0863392 -0.685461 297.106 0.0548111 0.996201 0.0676687 -25.5507 0.688699 0.0113518 -0.724958 337.758 
-0.736214 0.0861605 -0.671242 295.03 0.0573143 0.996237 0.0650149 -25.4177 0.674318 0.00939313 -0.738381 335.343 
-0.751746 0.0885365 -0.653483 293.627 0.0628568 0.996055 0.062641 -25.3293 0.656451 0.00601426 -0.754345 333.732 
-0.783372 0.0892292 -0.615115 291.582 0.0689005 0.996009 0.0567348 -25.1873 0.617723 0.0020627 -0.786393 331.308 
-0.802779 0.0846833 -0.590233 290.332 0.0655996 0.996398 0.0537353 -25.1158 0.592657 0.00441856 -0.805443 329.568 
-0.818208 0.0834591 -0.568833 289.139 0.0621748 0.99645 0.0567669 -25.0266 0.571551 0.0110801 -0.820492 327.791 
-0.832163 0.0820553 -0.548427 287.991 0.0603772 0.996519 0.0574845 -24.9427 0.551235 0.014724 -0.83422 325.979 
-0.845685 0.0799626 -0.527658 286.859 0.0605429 0.996703 0.0540101 -24.8581 0.530238 0.0137295 -0.847738 324.155 
-0.859014 0.0787031 -0.505867 285.761 0.0622029 0.996837 0.0494617 -24.7863 0.50816 0.0110219 -0.861192 322.299 
-0.870292 0.0808939 -0.485848 284.731 0.0669284 0.996694 0.046062 -24.7183 0.487968 0.00757032 -0.872829 320.38 
-0.878503 0.0874843 -0.469659 283.693 0.072432 0.996116 0.0500637 -24.6618 0.472214 0.00996277 -0.881427 318.437 
-0.883407 0.0911823 -0.459649 282.717 0.0775115 0.995808 0.0485714 -24.5764 0.462151 0.00728026 -0.886771 316.437 
-0.885873 0.0911773 -0.45488 281.708 0.0766329 0.995787 0.0503565 -24.5091 0.457555 0.00975065 -0.889128 314.431 
-0.88719 0.0877507 -0.452983 280.699 0.074223 0.996105 0.0475936 -24.4335 0.455395 0.00860283 -0.890248 312.406 
-0.888897 0.0850834 -0.450136 279.712 0.0721062 0.996339 0.0459348 -24.3487 0.452396 0.00837376 -0.891778 310.338 
-0.89125 0.0926415 -0.44395 278.703 0.0783653 0.995648 0.0504452 -24.2788 0.446691 0.010169 -0.894631 308.272 
-0.893176 0.0937737 -0.439822 277.686 0.0832642 0.995592 0.0431782 -24.2075 0.441932 0.00194433 -0.897047 306.191 
-0.893552 0.0954063 -0.438706 276.686 0.08442 0.995435 0.0445335 -24.1414 0.440952 0.00275737 -0.897526 304.067 
-0.893814 0.102326 -0.436607 275.633 0.0876662 0.994704 0.0536569 -24.0541 0.439785 0.00968368 -0.898051 301.939 
-0.89258 0.110739 -0.437079 274.577 0.09775 0.993842 0.0521815 -23.953 0.440166 0.00385173 -0.897908 299.788 
-0.892327 0.11533 -0.436407 273.508 0.103967 0.993327 0.0499241 -23.873 0.439253 -0.000823338 -0.898363 297.608 
-0.891381 0.110791 -0.439506 272.446 0.0975009 0.993835 0.0527814 -23.7896 0.442644 0.00419606 -0.896687 295.393 
-0.888491 0.100764 -0.447695 271.359 0.0847509 0.994843 0.0557172 -23.6974 0.451001 0.0115616 -0.892449 293.168 
-0.883447 0.0903697 -0.459733 270.259 0.0727891 0.995782 0.0558653 -23.5971 0.462842 0.0158905 -0.886298 290.912 
-0.876202 0.0843124 -0.474512 269.084 0.0670743 0.99633 0.0531754 -23.5008 0.477254 0.0147648 -0.878642 288.676 
-0.867396 0.0909617 -0.489234 267.853 0.0705827 0.995701 0.0599865 -23.4013 0.492587 0.0175006 -0.870087 286.451 
-0.857571 0.100915 -0.50437 266.579 0.0821995 0.994851 0.0592885 -23.2848 0.507756 0.00938512 -0.86145 284.227 
-0.849308 0.101566 -0.518035 265.268 0.0859707 0.994828 0.0540982 -23.1778 0.52085 0.00141023 -0.853647 282.017 
-0.844829 0.104279 -0.524776 264.604 0.0866971 0.994542 0.0580544 -23.1161 0.527965 0.00354956 -0.849259 280.902 
-0.840729 0.106666 -0.530845 263.913 0.0863464 0.994269 0.0630332 -23.0584 0.534526 0.00715732 -0.845122 279.796 
-0.833282 0.11799 -0.54011 262.525 0.095326 0.992992 0.0698559 -22.9276 0.544568 0.00672312 -0.83869 277.592 
-0.83014 0.118687 -0.544777 261.093 0.100872 0.992927 0.0626126 -22.7979 0.548355 -0.00297524 -0.83624 275.426 
-0.828665 0.111091 -0.54861 259.669 0.0907176 0.993804 0.0642128 -22.6893 0.552345 0.00344228 -0.833609 273.238 
-0.827674 0.107565 -0.550805 258.237 0.0857709 0.994175 0.0652652 -22.5575 0.554617 0.00677531 -0.832078 271.021 
-0.827926 0.10826 -0.550289 257.493 0.0846866 0.994074 0.0681534 -22.4895 0.554406 0.00982386 -0.832188 269.922 
-0.82771 0.109004 -0.550467 256.035 0.0849148 0.993986 0.0691479 -22.357 0.554694 0.0104916 -0.831988 267.699 
-0.8281 0.103498 -0.550944 254.56 0.0791156 0.994549 0.0679163 -22.2022 0.55497 0.0126533 -0.831774 265.482 
-0.826816 0.102315 -0.553089 253.072 0.0763582 0.994631 0.0698466 -22.0618 0.557266 0.0155175 -0.830189 263.227 
-0.824418 0.104755 -0.556203 251.568 0.0776967 0.994365 0.0721147 -21.9013 0.560623 0.0162375 -0.827912 260.952 
-0.823385 0.102536 -0.558143 250.04 0.0765815 0.994621 0.0697456 -21.75 0.562293 0.014684 -0.826808 258.695 
-0.823535 0.100718 -0.558252 249.26 0.0740874 0.994779 0.0701809 -21.6741 0.562406 0.016437 -0.826698 257.578 
-0.823618 0.100938 -0.55809 248.493 0.0732268 0.994724 0.071843 -21.6025 0.562397 0.0183041 -0.826664 256.453 
-0.823235 0.107906 -0.557351 247.046 0.081813 0.994071 0.0716159 -21.4413 0.561774 0.0133581 -0.827183 254.14 
-0.821647 0.107364 -0.559793 245.609 0.0824139 0.994157 0.0697079 -21.3011 0.564007 0.0111406 -0.825695 251.809 
-0.822532 0.105351 -0.558876 244.031 0.0790563 0.994332 0.0710845 -21.171 0.563198 0.0142865 -0.826199 249.547 
-0.823034 0.106089 -0.557997 242.472 0.0800078 0.994261 0.0710243 -21.0313 0.562329 0.0138113 -0.826798 247.237 
-0.823131 0.106852 -0.557708 240.111 0.082245 0.994214 0.0690966 -20.8162 0.561864 0.0110068 -0.827156 243.693 
-0.823004 0.109566 -0.557368 238.509 0.0845181 0.993919 0.0705832 -20.6656 0.561712 0.0109826 -0.82726 241.326 
-0.82203 0.111812 -0.558359 236.926 0.0874131 0.993689 0.0702962 -20.4981 0.562695 0.00897766 -0.826616 238.926 
-0.821241 0.112508 -0.559379 235.293 0.0914809 0.993647 0.0655467 -20.3411 0.5632 0.00265712 -0.826316 236.546 
-0.819667 0.110914 -0.562 233.676 0.0890151 0.993821 0.0663092 -20.1875 0.565882 0.00432497 -0.824475 234.124 
-0.817351 0.106727 -0.566169 232.028 0.0820093 0.994238 0.0690285 -20.0375 0.570274 0.00998931 -0.821394 231.7 
-0.814475 0.107756 -0.570105 230.378 0.0818877 0.994116 0.0709098 -19.8791 0.574391 0.0110696 -0.818506 229.28 
-0.812993 0.106359 -0.572477 229.564 0.0817736 0.994287 0.0685973 -19.8031 0.576503 0.00895555 -0.817046 228.065 
-0.811454 0.103849 -0.575115 227.885 0.0798324 0.994557 0.0669495 -19.6594 0.578938 0.00841369 -0.815328 225.64 
-0.809914 0.108873 -0.576356 226.19 0.0830882 0.994009 0.0710097 -19.4972 0.580634 0.00962333 -0.814108 223.224 
-0.808495 0.112019 -0.577743 224.508 0.0863575 0.993672 0.0718153 -19.3339 0.582132 0.00816989 -0.813053 220.803 
-0.807774 0.116267 -0.577913 222.757 0.0896147 0.993182 0.0745541 -19.1726 0.582641 0.00843331 -0.812686 218.433 
-0.807601 0.118704 -0.577659 221.053 0.0924788 0.992905 0.0747433 -19.0012 0.582433 0.00694148 -0.812849 216.026 
-0.808419 0.117384 -0.576784 219.363 0.0914133 0.993061 0.073978 -18.8617 0.581465 0.00707957 -0.81354 213.604 
-0.809442 0.114862 -0.575856 217.706 0.0882098 0.993339 0.0741436 -18.699 0.580536 0.0092188 -0.814182 211.185 
-0.811584 0.114997 -0.572806 216.027 0.0866821 0.993287 0.0765967 -18.5518 0.577769 0.0125126 -0.816104 208.781 
-0.814083 0.108324 -0.570557 214.367 0.0822825 0.994053 0.0713249 -18.3817 0.57489 0.0111176 -0.818155 206.377 
-0.817201 0.100225 -0.567572 212.73 0.075102 0.994885 0.0675498 -18.2317 0.571439 0.012576 -0.820548 203.952 
-0.81871 0.0989691 -0.565613 211.917 0.0719699 0.994953 0.069919 -18.1574 0.569679 0.0165363 -0.821701 202.732 
-0.820568 0.0986825 -0.562965 211.081 0.0706849 0.994942 0.071375 -18.0786 0.567161 0.0187749 -0.823393 201.527 
-0.821957 0.099455 -0.560799 210.265 0.0708746 0.994843 0.0725506 -18.0004 0.565122 0.0198871 -0.824767 200.311 
-0.825183 0.104031 -0.555203 208.642 0.0761932 0.994411 0.0730845 -17.8351 0.559703 0.0180054 -0.828498 197.873 
-0.829155 0.108161 -0.548456 207.032 0.0821014 0.994026 0.071911 -17.6742 0.552957 0.0145963 -0.833082 195.446 
-0.835689 0.110595 -0.537952 205.445 0.0852311 0.993764 0.0718999 -17.5302 0.542549 0.0142358 -0.839904 192.999 
-0.843914 0.104052 -0.526291 203.89 0.0816592 0.994494 0.0656778 -17.3874 0.530227 0.01245 -0.847764 190.547 
-0.851765 0.100641 -0.514166 202.383 0.0772921 0.994777 0.0666718 -17.2519 0.518191 0.0170478 -0.855095 188.051 
-0.858666 0.102446 -0.502193 200.928 0.0778163 0.994519 0.0698259 -17.1163 0.506594 0.0208783 -0.861932 185.531 
-0.865207 0.0992129 -0.491502 199.511 0.0780549 0.994929 0.0634304 -16.9829 0.495303 0.0165162 -0.868563 183.002 
-0.87013 0.100685 -0.482428 198.078 0.0796758 0.99477 0.0639061 -16.8494 0.486339 0.0171688 -0.873601 180.477 
-0.872632 0.104536 -0.47706 196.703 0.0826744 0.994345 0.0666593 -16.7243 0.48133 0.0187284 -0.876339 177.917 
-0.875222 0.103745 -0.472466 195.277 0.0846955 0.994508 0.0614821 -16.5955 0.476249 0.0137947 -0.879202 175.42 
-0.878027 0.100634 -0.467912 193.912 0.0813125 0.994797 0.061371 -16.4684 0.471653 0.0158383 -0.881642 172.877 
-0.87936 0.0987971 -0.465796 193.248 0.0788418 0.994945 0.0621891 -16.4067 0.469586 0.0179624 -0.882704 171.592 
-0.880902 0.098213 -0.462996 192.557 0.0780725 0.994985 0.0625194 -16.3399 0.466814 0.0189263 -0.884153 170.332 
-0.883214 0.0974301 -0.458737 191.248 0.077988 0.995075 0.0611898 -16.2112 0.462439 0.0182677 -0.886463 167.768 
-0.883975 0.0998289 -0.456752 190.608 0.0805074 0.994847 0.0616264 -16.1558 0.460551 0.0177042 -0.887457 166.471 
-0.886113 0.102235 -0.452053 189.286 0.0839473 0.994639 0.0603902 -16.0323 0.455804 0.0155639 -0.889944 163.903 
-0.886923 0.100136 -0.450932 188.655 0.0827617 0.994872 0.0581437 -15.9782 0.454442 0.0142491 -0.890662 162.597 
-0.889319 0.0927359 -0.447786 187.34 0.0721849 0.995413 0.0627871 -15.8634 0.451555 0.0235144 -0.891934 160.01 
-0.890109 0.0914868 -0.446471 186.695 0.070105 0.99547 0.0642178 -15.7963 0.450324 0.025861 -0.892491 158.712 
-0.891082 0.0933564 -0.444137 186.032 0.0723361 0.995319 0.0640839 -15.7271 0.448041 0.0249768 -0.893664 157.43 
-0.891444 0.0960636 -0.44283 185.39 0.075544 0.9951 0.0637932 -15.6558 0.446789 0.0234149 -0.894333 156.13 
-0.891963 0.0962717 -0.44174 184.118 0.075928 0.995086 0.0635523 -15.531 0.445688 0.0231458 -0.894889 153.523 
-0.892967 0.0944993 -0.44009 182.852 0.0765176 0.995352 0.0584707 -15.3877 0.44357 0.0185378 -0.896048 150.912 
-0.893976 0.0940366 -0.438137 181.58 0.0759027 0.995382 0.0587652 -15.2913 0.44164 0.0192788 -0.896985 148.302 
-0.895304 0.0931521 -0.435606 180.341 0.0751277 0.995459 0.058463 -15.1825 0.439074 0.019616 -0.898237 145.682 
-0.896835 0.0944209 -0.432171 179.087 0.07639 0.995335 0.0589378 -15.0704 0.435719 0.0198439 -0.899864 143.095 
-0.897744 0.0950128 -0.430149 177.857 0.0786058 0.995343 0.0558004 -14.9665 0.433447 0.0162824 -0.901032 140.472 
-0.897815 0.0977436 -0.429388 176.579 0.0819558 0.995108 0.0551584 -14.8556 0.432679 0.0143313 -0.901434 137.857 
-0.894825 0.0951409 -0.436162 175.358 0.0785764 0.995339 0.0559089 -14.756 0.439448 0.0157566 -0.89813 135.21 
-0.890129 0.0930171 -0.446115 174.139 0.073654 0.995441 0.0605932 -14.6545 0.449717 0.0210776 -0.892922 132.602 
-0.887142 0.0930887 -0.452012 173.494 0.0722017 0.99538 0.0632848 -14.5964 0.455814 0.0235066 -0.889764 131.312 
-0.881129 0.092739 -0.463692 172.167 0.0694665 0.995328 0.0670631 -14.4618 0.467745 0.0268802 -0.883455 128.76 
-0.872277 0.0866723 -0.481271 170.799 0.0634152 0.995906 0.0644166 -14.337 0.484884 0.0256692 -0.874202 126.252 
-0.861181 0.083194 -0.501443 169.442 0.0579064 0.99615 0.0658216 -14.2151 0.504989 0.0276475 -0.862683 123.741 
-0.850594 0.0853515 -0.51885 167.967 0.0588252 0.99599 0.0674047 -14.0809 0.522522 0.0268125 -0.852204 121.3 
-0.844357 0.0849824 -0.528999 167.241 0.0579851 0.996036 0.0674582 -14.0166 0.532634 0.0262847 -0.845937 120.071 
-0.837954 0.0847654 -0.539118 166.504 0.0566745 0.996039 0.0685176 -13.9567 0.542791 0.0268603 -0.839438 118.848 
-0.824813 0.0887428 -0.558398 164.926 0.0606289 0.995793 0.0686999 -13.8223 0.562145 0.0228096 -0.826724 116.469 
-0.809719 0.0945137 -0.579157 163.304 0.0644695 0.995298 0.0722898 -13.6732 0.583266 0.0211964 -0.812005 114.115 
-0.795037 0.100455 -0.598185 161.613 0.069097 0.99477 0.0752192 -13.5162 0.602613 0.0184692 -0.79782 111.815 
-0.7824 0.100825 -0.614561 159.874 0.0721436 0.994838 0.0713678 -13.3673 0.618584 0.0115015 -0.785634 109.555 
-0.773034 0.104479 -0.625701 158.114 0.0783303 0.994517 0.0692882 -13.2211 0.62951 0.00455082 -0.776979 107.333 
-0.764807 0.111888 -0.634469 156.318 0.085882 0.993721 0.0717166 -13.0748 0.638509 0.00035991 -0.769614 105.148 
-0.756449 0.112486 -0.644307 154.502 0.0878398 0.993648 0.0703477 -12.926 0.648128 -0.00338134 -0.761524 102.968 
-0.749487 0.110876 -0.652668 152.672 0.0856056 0.99383 0.0705283 -12.7757 0.656461 -0.00301203 -0.754354 100.784 
-0.743439 0.113743 -0.659061 150.801 0.084366 0.99351 0.0762955 -12.6182 0.663461 0.0011187 -0.74821 98.6189 
-0.739025 0.1106 -0.664537 148.939 0.0822688 0.993865 0.0739198 -12.4586 0.668636 -4.21456e-05 -0.74359 96.4555 
-0.732444 0.111707 -0.6716 147.023 0.0781155 0.993722 0.0800926 -12.2936 0.676331 0.00620092 -0.736572 94.3283 
-0.727359 0.114293 -0.676672 146.054 0.0819647 0.993444 0.0796929 -12.2112 0.681344 0.00250215 -0.731959 93.2636 
-0.715962 0.112327 -0.689043 144.091 0.0813922 0.993671 0.0774151 -12.0384 0.693378 -0.000656393 -0.720574 91.1793 
-0.707059 0.113202 -0.698035 142.084 0.0831771 0.993565 0.0768768 -11.863 0.702246 -0.00370411 -0.711925 89.1426 
-0.70274 0.114658 -0.702147 140.065 0.0821597 0.993404 0.0799901 -11.6929 0.706687 -0.00147599 -0.707525 87.0985 
-0.701458 0.115162 -0.703346 138.04 0.0811994 0.993347 0.0816638 -11.5111 0.708071 0.00017242 -0.706142 85.0553 
-0.702059 0.115565 -0.702679 137.037 0.0800971 0.993297 0.0833345 -11.423 0.7076 0.00222319 -0.70661 84.0197 
-0.703874 0.1147 -0.701004 136.013 0.0786281 0.993393 0.0835919 -11.3309 0.70596 0.00371953 -0.708242 82.9952 
-0.707417 0.10721 -0.698618 133.966 0.0725839 0.994223 0.079075 -11.1439 0.703059 0.00523061 -0.711112 80.9517 
-0.709577 0.104623 -0.696817 130.878 0.0750781 0.994512 0.072867 -10.9171 0.700617 -0.000610982 -0.713538 77.8513 
-0.711 0.109919 -0.694548 128.799 0.0791696 0.99394 0.0762551 -10.7455 0.698721 -0.00076967 -0.715394 75.8201 
-0.710691 0.108078 -0.695153 126.773 0.078457 0.994141 0.0743518 -10.579 0.699116 -0.00169843 -0.715006 73.7167 
-0.709417 0.105494 -0.696849 124.748 0.0753755 0.99442 0.0738082 -10.4192 0.700747 -0.000164618 -0.71341 71.5873 
-0.707714 0.107066 -0.698339 122.7 0.0744264 0.994249 0.0770075 -10.2562 0.702568 0.00252444 -0.711612 69.4807 
-0.706754 0.107329 -0.699271 121.684 0.0735047 0.994216 0.0783085 -10.1633 0.703631 0.00394514 -0.710555 68.4136 
-0.705503 0.108159 -0.700405 120.644 0.0746938 0.994129 0.0782788 -10.0886 0.70476 0.00291005 -0.70944 67.3774 
-0.701621 0.105599 -0.704682 118.559 0.0727898 0.994406 0.0765422 -9.9116 0.708822 0.00240997 -0.705383 65.2957 
-0.698044 0.106767 -0.70805 116.465 0.0713754 0.994271 0.07956 -9.74518 0.712489 0.00499904 -0.701666 63.2099 
-0.69449 0.106672 -0.711551 114.377 0.0687039 0.994262 0.0819979 -9.56836 0.716215 0.00806031 -0.697833 61.1212 
-0.690838 0.110007 -0.714591 112.288 0.0721662 0.993913 0.0832388 -9.37953 0.719399 0.00593521 -0.694572 59.0065 
-0.688331 0.110046 -0.717001 110.129 0.0743725 0.993923 0.0811496 -9.20423 0.721574 0.00253259 -0.692332 56.9239 
-0.687337 0.111311 -0.717759 107.992 0.0730934 0.993771 0.0841194 -9.01649 0.722652 0.00535485 -0.691192 54.8326 
-0.687102 0.107029 -0.718634 105.859 0.066342 0.994201 0.0846389 -8.82264 0.723526 0.0104799 -0.690218 52.7463 
-0.686118 0.111027 -0.718968 103.669 0.0687804 0.993759 0.0878239 -8.62923 0.724232 0.0108067 -0.689472 50.6699 
-0.686483 0.103331 -0.719767 101.555 0.0717575 0.994647 0.074354 -8.44156 0.723597 -0.000605924 -0.690223 48.5688 
-0.686897 0.1027 -0.719462 99.4378 0.0658565 0.994688 0.0791111 -8.26598 0.723765 0.0069599 -0.690012 46.466 
-0.687208 0.105123 -0.718815 97.3088 0.0682926 0.994441 0.0801429 -8.07431 0.723244 0.00598506 -0.690567 44.3835 
-0.686904 0.107836 -0.718703 95.1704 0.0725296 0.994165 0.0798468 -7.89105 0.72312 0.00271988 -0.690717 42.3148 
-0.686327 0.110427 -0.718861 94.1009 0.0758814 0.993884 0.0802265 -7.79881 0.723324 0.000513457 -0.690509 41.2612 
-0.686118 0.110412 -0.719062 93.0256 0.0770954 0.993885 0.0790473 -7.70965 0.723393 -0.00120057 -0.690435 40.2074 
-0.687045 0.112063 -0.717922 90.8954 0.0783158 0.9937 0.0801625 -7.5281 0.722382 -0.00114938 -0.691493 38.108 
-0.689123 0.105928 -0.71686 87.6958 0.0684889 0.994351 0.081093 -7.26785 0.721401 0.00678605 -0.692485 34.9883 
-0.689803 0.106674 -0.716096 85.5713 0.0679655 0.994259 0.0826416 -7.09417 0.7208 0.00833662 -0.693093 32.9014 
-0.690583 0.103125 -0.715863 83.4329 0.0657732 0.994636 0.0798337 -6.93149 0.720256 0.00804721 -0.693662 30.8171 
-0.691709 0.0993875 -0.715304 81.3072 0.0624242 0.995006 0.0778854 -6.77297 0.719473 0.0092218 -0.694459 28.7402 
-0.692714 0.0999191 -0.714257 79.1876 0.0605772 0.994918 0.0804313 -6.61047 0.718664 0.0124482 -0.695246 26.6667 
-0.693385 0.102331 -0.713264 77.0765 0.0628168 0.99468 0.0816387 -6.43482 0.717824 0.0118021 -0.696125 24.5851 
-0.694242 0.096018 -0.713308 74.9865 0.0564949 0.995273 0.0789883 -6.27331 0.717521 0.0145388 -0.696386 22.5273 
-0.695536 0.0915776 -0.712631 72.8887 0.0486428 0.99557 0.0804611 -6.09079 0.716843 0.0212992 -0.696909 20.4315 
-0.696069 0.092105 -0.712042 70.7905 0.0494158 0.995532 0.080468 -5.90591 0.716272 0.0208251 -0.69751 18.3453 
-0.696068 0.0919411 -0.712065 68.6743 0.0488041 0.995532 0.0808344 -5.73884 0.716315 0.0215146 -0.697445 16.2546 
-0.696243 0.0886643 -0.712309 66.5557 0.0454082 0.995795 0.0795671 -5.54624 0.716368 0.0230534 -0.697342 14.1469 
-0.696919 0.0865448 -0.711908 64.4193 0.0455596 0.996029 0.0764844 -5.35618 0.715701 0.0208692 -0.698095 12.0399 
-0.697582 0.0903674 -0.710784 62.3127 0.0479371 0.995678 0.0795416 -5.22379 0.7149 0.0214138 -0.698899 9.91326 
-0.699276 0.0896608 -0.709207 60.1967 0.0478414 0.995749 0.0787151 -5.05057 0.713249 0.0211142 -0.700593 7.79783 
-0.699444 0.0859202 -0.709504 59.1513 0.045036 0.996073 0.076226 -4.967 0.713267 0.0213626 -0.700567 6.74575 
-0.700219 0.0798116 -0.709453 57.0334 0.0387654 0.996516 0.0738446 -4.79442 0.712875 0.0242052 -0.700873 4.6755 
-0.70139 0.0790437 -0.708381 54.8843 0.0376796 0.996554 0.0738914 -4.65384 0.711781 0.0251352 -0.701952 2.59379 
-0.702041 0.0745279 -0.708226 52.8032 0.0364377 0.996965 0.068793 -4.48054 0.711204 0.0224894 -0.702626 0.481451 
-0.702742 0.0746159 -0.707521 50.7096 0.0387869 0.997024 0.0666222 -4.34319 0.710386 0.0193757 -0.703545 -1.59489 
-0.702637 0.0673321 -0.708356 48.6895 0.0344087 0.997563 0.0606916 -4.19046 0.710716 0.0182706 -0.703242 -3.74003 
-0.702734 0.059057 -0.708997 46.6472 0.0277178 0.998065 0.0556624 -4.11952 0.710913 0.019464 -0.703011 -5.80482 
-0.703017 0.0567934 -0.708902 44.5807 0.0218272 0.99806 0.0583132 -4.01944 0.710838 0.0255218 -0.702892 -7.90284 
-0.705522 0.0603747 -0.706112 42.4974 0.0238319 0.997822 0.0615049 -3.92845 0.708288 0.0265651 -0.705424 -9.96206 
-0.708852 0.0570337 -0.703047 40.4691 0.031151 0.998284 0.0495762 -3.84559 0.704669 0.0132416 -0.709413 -11.9759 
-0.712397 0.0687906 -0.698397 38.4874 0.045286 0.997616 0.0520693 -3.76366 0.700314 0.00546645 -0.713814 -13.9749 
-0.717552 0.0728993 -0.69268 36.5893 0.0470172 0.997309 0.0562537 -3.66996 0.694916 0.00779708 -0.719048 -15.9623 
-0.721971 0.0676861 -0.688605 34.7629 0.0403894 0.997629 0.0557151 -3.57617 0.690744 0.0124123 -0.722993 -17.9177 
-0.7261 0.0653776 -0.684473 32.9854 0.0466586 0.99786 0.0458145 -3.49903 0.686004 0.00132935 -0.727597 -19.826 
-0.727502 0.0656797 -0.682955 32.1266 0.0482197 0.997841 0.0445974 -3.47393 0.684409 -0.000487159 -0.729098 -20.7726 
-0.72955 0.0636906 -0.680955 31.2618 0.0446995 0.997966 0.0454516 -3.44808 0.682465 0.00272081 -0.730913 -21.702 
-0.733138 0.0505529 -0.678199 29.5974 0.0301885 0.99867 0.0418068 -3.4051 0.67941 0.0101763 -0.733688 -23.4805 
-0.735797 0.0436422 -0.675795 28.0064 0.0149322 0.998724 0.0482387 -3.35418 0.677038 0.0254028 -0.73551 -25.2657 
-0.737729 0.0297121 -0.674443 26.5243 0.00121763 0.999088 0.0426822 -3.31128 0.675096 0.0306667 -0.737092 -26.9599 
-0.734519 0.0124054 -0.678475 25.1783 -0.0221 0.998865 0.042189 -3.25078 0.678229 0.0459829 -0.733411 -28.6311 
-0.71688 -0.00520279 -0.697177 23.2166 -0.0511776 0.997667 0.0451786 -3.20406 0.695316 0.0680675 -0.715474 -30.8528 
-0.62132 -0.0378498 -0.782642 19.6399 -0.101294 0.994331 0.0323277 -3.14118 0.776982 0.099363 -0.621632 -34.3079 
-0.420554 -0.0270052 -0.906865 16.2387 -0.100394 0.994804 0.0169333 -3.1381 0.901696 0.0981653 -0.42108 -36.3804 
-0.010862 0.0431069 -0.999011 11.7442 -0.0843256 0.995472 0.0438711 -3.18293 0.996379 0.0847187 -0.00717783 -36.9931 
0.326663 0.0510006 -0.943764 8.75797 -0.0961683 0.995154 0.0204912 -3.13306 0.940236 0.0840664 0.329985 -36.2634 
0.573755 0.056767 -0.817058 6.48537 -0.0983087 0.995156 0.000106401 -3.1256 0.813106 0.0802628 0.576556 -34.7497 
0.697247 0.067832 -0.713614 5.3268 -0.100042 0.994978 -0.003171 -3.18272 0.709816 0.0736027 0.700531 -33.5825 
0.798405 0.0683623 -0.598227 4.30477 -0.0981578 0.995021 -0.0172974 -3.25208 0.594066 0.072531 0.80114 -32.21 
0.897361 0.0594917 -0.437269 3.24013 -0.0805495 0.996306 -0.0297529 -3.35341 0.433884 0.0619209 0.898838 -30.0461 
0.942779 0.0550267 -0.328848 2.59503 -0.0716606 0.996679 -0.0386689 -3.43721 0.325628 0.0600216 0.943591 -28.2503 
0.961315 0.0474906 -0.271328 2.24706 -0.0625735 0.996923 -0.047206 -3.51121 0.268251 0.0623577 0.961329 -26.9658 
0.973072 0.0440522 -0.226253 1.95208 -0.0579762 0.996787 -0.0552673 -3.58814 0.223091 0.0668963 0.972499 -25.6237 
0.980642 0.0391185 -0.191864 1.68161 -0.0508843 0.997089 -0.0567835 -3.68219 0.189084 0.0654471 0.979777 -24.2302 
0.984613 0.0345183 -0.171305 1.45472 -0.0443855 0.997548 -0.0541077 -3.78543 0.169017 0.0608786 0.983731 -22.7847 
0.986493 0.0252302 -0.161847 1.24728 -0.0335246 0.99825 -0.0487237 -3.88177 0.160334 0.0534914 0.985612 -21.2929 
0.986876 0.0259632 -0.159379 1.0341 -0.0336801 0.998378 -0.04591 -3.97413 0.157928 0.0506754 0.986149 -19.7669 
0.987469 0.024082 -0.155966 0.751508 -0.0316604 0.998426 -0.0462889 -4.06525 0.154606 0.0506468 0.986677 -18.215 
0.987714 0.0217924 -0.154744 0.636906 -0.0291142 0.998553 -0.0452084 -4.10994 0.153534 0.0491582 0.98692 -17.4196 
0.988002 0.0248169 -0.152434 0.499169 -0.0317797 0.998552 -0.0434114 -4.15174 0.151136 0.0477349 0.98736 -16.6183 
0.988132 0.0225912 -0.151937 0.382927 -0.0294584 0.998636 -0.0430995 -4.19481 0.150756 0.0470638 0.98745 -15.8051 
0.988245 0.0214432 -0.151369 0.267439 -0.0282115 0.998689 -0.0427087 -4.23463 0.150254 0.0464769 0.987554 -14.9835 
0.988498 0.0191154 -0.150019 0.149522 -0.0256942 0.998786 -0.0420377 -4.27467 0.149034 0.0454089 0.987789 -14.148 
0.988974 0.0187782 -0.146893 -0.0127616 -0.0247908 0.998923 -0.0392087 -4.33617 0.145999 0.042418 0.988375 -13.3116 
0.989263 0.0155735 -0.145313 -0.155783 -0.0210799 0.999114 -0.0364305 -4.37297 0.144617 0.0391025 0.988715 -12.4662 
0.989031 0.00847954 -0.147465 -0.232816 -0.013834 0.99928 -0.0353225 -4.3864 0.147059 0.036975 0.988436 -11.6035 
0.989286 0.000770225 -0.145991 -0.481758 -0.00602366 0.99935 -0.0355459 -4.44961 0.145869 0.0360444 0.988647 -9.91093 
0.989855 -0.00262001 -0.14206 -0.739939 -0.00170567 0.999539 -0.0303192 -4.54174 0.142074 0.0302539 0.989394 -8.25429 
0.990139 -0.00293192 -0.140055 -0.982439 -0.000188584 0.999752 -0.0222621 -4.62113 0.140086 0.022069 0.989893 -6.62389 
0.989762 -0.00465575 -0.142649 -1.18981 0.00146172 0.999746 -0.0224876 -4.69041 0.142717 0.0220488 0.989518 -5.02833 
0.98954 -0.00162427 -0.144249 -1.46883 -0.00230121 0.999632 -0.0270422 -4.78724 0.14424 0.0270913 0.989172 -3.45799 
0.989361 0.00361184 -0.145435 -1.60404 -0.00780768 0.999569 -0.0282898 -4.82513 0.145271 0.0291243 0.988963 -2.70335 
0.988687 0.00762505 -0.149799 -1.83278 -0.0104343 0.999784 -0.0179768 -4.90287 0.149629 0.0193365 0.988553 -1.19437 
0.988504 0.00921584 -0.150916 -1.96183 -0.0111688 0.999864 -0.0120979 -4.9409 0.150784 0.0136444 0.988473 -0.453878 
0.987793 0.0163398 -0.154916 -2.24725 -0.0187723 0.999722 -0.014252 -4.99956 0.15464 0.0169861 0.987825 0.980065 
0.985797 0.0194739 -0.166808 -2.49132 -0.0212258 0.999737 -0.00872576 -5.01871 0.166594 0.0121425 0.985951 2.4131 
0.984729 0.0183881 -0.173119 -2.62504 -0.0193142 0.999807 -0.00366619 -5.03535 0.173018 0.00695386 0.984894 3.11392 
0.984067 0.0221448 -0.176413 -2.81174 -0.0228452 0.999737 -0.00193959 -5.05713 0.176324 0.00593888 0.984314 3.79544 
0.98232 0.0215227 -0.185968 -2.94953 -0.0232601 0.999704 -0.00716547 -5.06702 0.185759 0.0113644 0.98253 4.48172 
0.980684 0.0215489 -0.194407 -3.12193 -0.0243738 0.999629 -0.0121501 -5.08878 0.194073 0.0166539 0.980846 5.15945 
0.978882 0.0192604 -0.203516 -3.29316 -0.0226184 0.999644 -0.0141869 -5.11018 0.20317 0.0184905 0.978969 5.84427 
0.97364 0.0157502 -0.227545 -3.61488 -0.0185998 0.999773 -0.0103842 -5.13405 0.22733 0.0143428 0.973712 7.23714 
0.967659 0.0125628 -0.251948 -3.95806 -0.0147133 0.99987 -0.00665321 -5.15502 0.251832 0.010145 0.967718 8.64168 
0.96195 0.0131326 -0.272908 -4.3532 -0.0172123 0.999773 -0.0125602 -5.19023 0.272682 0.0167797 0.961958 10.04 
0.95617 0.00774207 -0.292711 -4.79342 -0.0142043 0.9997 -0.0199581 -5.22706 0.292468 0.0232411 0.955993 11.4244 
