1 1.19763e-11 1.70464e-10 5.55111e-17 1.19763e-11 1 3.5625e-10 0 1.70464e-10 3.5625e-10 1 2.22045e-16 
0.999754 -0.0080102 0.0206713 0.0541807 0.00800831 0.999968 0.000174444 -0.0200812 -0.020672 -8.85798e-06 0.999786 0.879235 
0.999901 -0.0140506 0.000504162 0.0697684 0.014053 0.999888 -0.00509479 -0.0344022 -0.00043252 0.00510137 0.999987 1.82433 
0.99852 -0.00519683 -0.0541452 0.00341514 0.004866 0.999969 -0.00623997 -0.0630497 0.0541759 0.00596726 0.998514 2.87551 
0.995456 -0.0059497 -0.0950316 -0.0713028 0.00537901 0.999966 -0.00626034 -0.0774298 0.0950656 0.00572072 0.995455 3.63071 
0.991085 -0.00626009 -0.133084 -0.193124 0.00565728 0.999972 -0.00490715 -0.0948039 0.133111 0.00411051 0.991093 4.41836 
0.984582 -0.00488431 -0.174855 -0.441034 0.00414308 0.999981 -0.00460392 -0.123056 0.174874 0.00380849 0.984583 5.68309 
0.97974 -0.00723613 -0.200145 -0.727014 0.00521548 0.99993 -0.0106213 -0.14955 0.200208 0.00936229 0.979709 7.05753 
0.974445 -0.0179421 -0.22391 -1.05287 0.014605 0.999756 -0.0165511 -0.187051 0.224152 0.0128579 0.974469 8.55498 
0.968217 -0.0117573 -0.249833 -1.46151 0.00541003 0.999645 -0.0260775 -0.243439 0.250051 0.0238971 0.967938 10.149 
0.96361 -0.0170169 -0.26677 -1.74603 0.00936284 0.999508 -0.0299375 -0.301708 0.267148 0.0263504 0.963295 11.2615 
0.956795 -0.0164272 -0.290299 -2.24733 0.00478174 0.999157 -0.0407793 -0.386295 0.290724 0.0376293 0.956067 13.0013 
0.95371 -0.0184829 -0.300158 -2.62093 0.00161928 0.998411 -0.0563342 -0.442032 0.300723 0.0532405 0.952225 14.2169 
0.951174 -0.0179842 -0.308132 -3.02473 -0.00504506 0.997262 -0.0737789 -0.519018 0.308615 0.071731 0.948478 15.4771 
0.948193 -0.0153812 -0.317321 -3.47158 -0.0130072 0.99611 -0.0871505 -0.630815 0.317428 0.086763 0.944305 16.7949 
0.944906 -0.012224 -0.327113 -3.95102 -0.0211499 0.994935 -0.098274 -0.769005 0.326657 0.0997781 0.939861 18.1139 
0.941412 -0.0080758 -0.33716 -4.46663 -0.0282631 0.994308 -0.102732 -0.923399 0.336071 0.106242 0.935825 19.4975 
0.936868 -0.0075193 -0.349602 -5.00232 -0.0294695 0.994514 -0.100363 -1.09105 0.348439 0.10433 0.931507 20.9243 
0.927739 -0.00507723 -0.373195 -5.89573 -0.0307004 0.995481 -0.0898626 -1.35312 0.371964 0.0948263 0.923391 23.1412 
0.920624 0.00224746 -0.390443 -6.55319 -0.0364877 0.996103 -0.0803005 -1.52649 0.388741 0.0881729 0.917118 24.6298 
0.912771 0.00323587 -0.408459 -7.24616 -0.0382863 0.996244 -0.0776648 -1.68583 0.406674 0.0865285 0.909466 26.1472 
0.904883 0.00460814 -0.425635 -7.98219 -0.0402168 0.996394 -0.0747117 -1.83986 0.423756 0.084723 0.901805 27.6887 
0.897202 0.00400336 -0.441603 -8.75708 -0.0382014 0.996914 -0.068576 -1.99023 0.439966 0.0783964 0.894586 29.2614 
0.889627 0.00652417 -0.456641 -9.5807 -0.0373265 0.997591 -0.0584665 -2.13002 0.45516 0.0690582 0.887728 30.8642 
0.882564 0.00476447 -0.470168 -10.4443 -0.034988 0.997842 -0.0555652 -2.25826 0.468888 0.06549 0.880826 32.4921 
0.876405 0.0044446 -0.481554 -11.3541 -0.0336562 0.998078 -0.0520406 -2.38108 0.480397 0.0618159 0.87487 34.1521 
0.871601 0.00216716 -0.490212 -12.3023 -0.0319671 0.998113 -0.0524253 -2.50533 0.489173 0.0613646 0.870025 35.8444 
0.869749 0.00252515 -0.493488 -13.2883 -0.0322997 0.998134 -0.0518192 -2.63809 0.492437 0.0610092 0.868207 37.6162 
0.869414 0.00187386 -0.49408 -14.2895 -0.0303751 0.998304 -0.0496637 -2.77514 0.493149 0.058186 0.867997 39.4271 
0.867693 -0.00258007 -0.497094 -15.3346 -0.0261242 0.998368 -0.0507824 -2.90914 0.496414 0.0570497 0.866209 41.2652 
0.864027 -0.00213553 -0.503441 -16.4055 -0.0236476 0.998715 -0.0448213 -3.04362 0.50289 0.050632 0.862866 43.1146 
0.852081 -0.00580495 -0.523377 -18.0467 -0.0181624 0.999008 -0.0406495 -3.23564 0.523094 0.0441424 0.851131 45.8569 
0.839803 -0.0103353 -0.542793 -19.2123 -0.0160177 0.998912 -0.0438028 -3.35651 0.542655 0.04548 0.838724 47.6623 
0.828712 -0.00160584 -0.559674 -20.4338 -0.0205063 0.999237 -0.0332308 -3.46527 0.5593 0.0390155 0.828047 49.4334 
0.820883 -0.00430657 -0.57108 -21.6751 -0.0222318 0.998973 -0.0394898 -3.57473 0.570664 0.0451126 0.819944 51.1581 
0.811107 -0.00617406 -0.584865 -23.5601 -0.0243609 0.99872 -0.0443273 -3.76156 0.58439 0.050202 0.809919 53.7342 
0.804763 -0.00107241 -0.593595 -24.8457 -0.0245564 0.999082 -0.0350972 -3.8757 0.593088 0.0428215 0.803998 55.4567 
0.798095 -0.00190662 -0.602529 -26.1483 -0.0256941 0.998978 -0.0371949 -3.97158 0.601984 0.0451665 0.79723 57.1703 
0.789638 -0.00588399 -0.613545 -27.4825 -0.0238154 0.998907 -0.0402303 -4.07062 0.613111 0.0463792 0.788634 58.8646 
0.780153 -0.00523078 -0.625567 -28.845 -0.0239325 0.998984 -0.0381997 -4.18729 0.625131 0.0447729 0.779235 60.5311 
0.769223 -0.00810874 -0.63893 -30.245 -0.0229943 0.99892 -0.0403608 -4.30839 0.638567 0.0457382 0.768206 62.1921 
0.757811 -0.0105098 -0.65239 -31.6783 -0.0222484 0.998873 -0.0419351 -4.43169 0.652095 0.0462935 0.756722 63.8405 
0.74534 -0.0132177 -0.666553 -33.1606 -0.0206356 0.998867 -0.0428823 -4.55824 0.666365 0.0457166 0.744223 65.4899 
0.732543 -0.013498 -0.680587 -34.6737 -0.019273 0.998991 -0.0405571 -4.69083 0.680448 0.0428267 0.731544 67.0945 
0.719491 -0.0170822 -0.694292 -36.2506 -0.0177557 0.998918 -0.0429773 -4.83498 0.694275 0.0432494 0.718409 68.682 
0.707877 -0.0155886 -0.706164 -37.8752 -0.0197217 0.99893 -0.041821 -4.98138 0.706061 0.0435309 0.706812 70.262 
0.697899 -0.0160974 -0.716015 -39.5189 -0.0207924 0.998871 -0.0427229 -5.13733 0.715894 0.0447039 0.696776 71.839 
0.687532 -0.020307 -0.72587 -41.1928 -0.0211282 0.998626 -0.0479499 -5.29236 0.725846 0.0483034 0.686159 73.4057 
0.677418 -0.0202918 -0.735318 -42.9145 -0.0214254 0.998651 -0.047297 -5.44397 0.735286 0.0477944 0.676069 74.9579 
0.667116 -0.0212421 -0.744651 -44.6583 -0.0199325 0.998726 -0.046347 -5.60232 0.744687 0.0457616 0.665843 76.5097 
0.657692 -0.0232386 -0.752929 -46.4323 -0.0180077 0.998753 -0.0465557 -5.7518 0.753072 0.0441778 0.656453 78.0513 
0.649816 -0.0259303 -0.759649 -48.239 -0.0145525 0.99881 -0.0465424 -5.89842 0.759953 0.0412988 0.648665 79.5962 
0.640457 -0.0354895 -0.767173 -50.076 -0.00685873 0.998628 -0.0519224 -6.06436 0.767963 0.0385159 0.639335 81.1292 
0.625504 -0.042666 -0.779053 -51.9408 0.00293722 0.998625 -0.0523329 -6.24048 0.780215 0.0304462 0.62477 82.6467 
0.607344 -0.0424892 -0.793302 -53.8665 0.00668987 0.998807 -0.0483743 -6.41201 0.794411 0.0240728 0.606904 84.1349 
0.588564 -0.043998 -0.807253 -55.8416 0.005492 0.998713 -0.0504291 -6.57787 0.808432 0.0252473 0.588047 85.5773 
0.568499 -0.0474455 -0.821314 -57.8592 0.00643129 0.998561 -0.0532331 -6.74772 0.822659 0.0249808 0.567987 86.9837 
0.547628 -0.0482313 -0.835331 -59.9165 0.010468 0.998654 -0.0507988 -6.92835 0.836657 0.0190746 0.547395 88.3591 
0.526713 -0.0496383 -0.848592 -62.0219 0.0103153 0.998593 -0.0520099 -7.10298 0.849981 0.0186408 0.526484 89.6838 
0.506467 -0.0511064 -0.860743 -64.1713 0.00765584 0.998469 -0.0547791 -7.28391 0.862225 0.0211541 0.506083 90.9595 
0.487756 -0.0491068 -0.871598 -66.3733 0.00582533 0.998577 -0.0530011 -7.46567 0.872961 0.0207743 0.487348 92.2009 
0.471932 -0.0473256 -0.880364 -68.6065 0.00642676 0.998716 -0.0502427 -7.64359 0.881612 0.0180533 0.47163 93.4083 
0.457092 -0.0538699 -0.887787 -70.8583 0.0109974 0.99843 -0.0549214 -7.82005 0.889352 0.0153408 0.456967 94.5834 
0.445296 -0.06019 -0.893358 -73.1306 0.0138246 0.998081 -0.0603549 -8.01191 0.895277 0.0145255 0.445274 95.7283 
0.436156 -0.0585899 -0.897962 -75.4027 0.0178072 0.998245 -0.0564839 -8.20952 0.899695 0.00864566 0.436434 96.8445 
0.428845 -0.0558798 -0.901648 -77.6761 0.0228107 0.998437 -0.051029 -8.39673 0.90309 0.00131627 0.429449 97.9397 
0.423285 -0.0552364 -0.904311 -79.9353 0.0262915 0.998468 -0.0486813 -8.57492 0.905615 -0.00316968 0.424089 99.0067 
0.418667 -0.0552625 -0.906457 -82.1801 0.030379 0.99844 -0.0468392 -8.74144 0.907632 -0.00792726 0.419693 100.057 
0.413407 -0.0547541 -0.908899 -84.3708 0.0357078 0.998397 -0.0439042 -8.91461 0.909846 -0.0143045 0.414699 101.063 
0.409303 -0.0547943 -0.910752 -86.5468 0.0397918 0.998317 -0.0421796 -9.07269 0.911531 -0.0189762 0.410794 102.033 
0.407274 -0.0574136 -0.9115 -88.6828 0.0412123 0.998161 -0.0444579 -9.2276 0.912376 -0.0194585 0.408891 102.977 
0.409655 -0.0577658 -0.91041 -90.7863 0.0379973 0.998207 -0.046239 -9.38358 0.911449 -0.0156511 0.411116 103.874 
0.419059 -0.0580605 -0.906101 -92.8503 0.0339684 0.998257 -0.0482558 -9.54042 0.907324 -0.0105568 0.4203 104.784 
0.431814 -0.0570946 -0.900154 -94.8824 0.0322541 0.998334 -0.0478493 -9.68029 0.901386 -0.00837171 0.432935 105.733 
0.448845 -0.0551755 -0.891904 -96.8816 0.0302683 0.998458 -0.0465349 -9.81891 0.893097 -0.0061094 0.449823 106.71 
0.468177 -0.0551241 -0.881914 -98.8429 0.0285159 0.998475 -0.0472717 -9.95809 0.883174 -0.00301704 0.469035 107.719 
0.490094 -0.0574627 -0.869774 -100.755 0.0249701 0.998341 -0.0518867 -10.0936 0.871312 0.00371105 0.490715 108.779 
0.51521 -0.0531555 -0.855414 -102.636 0.0212831 0.998561 -0.049232 -10.2166 0.8568 0.007159 0.515599 109.9 
0.539687 -0.0504039 -0.840355 -104.475 0.020775 0.998699 -0.0465593 -10.3255 0.841609 0.00766912 0.540033 111.065 
0.562429 -0.0517523 -0.825224 -106.259 0.021376 0.998616 -0.0480574 -10.4273 0.826569 0.0093889 0.562757 112.256 
0.584307 -0.0536682 -0.809756 -107.976 0.0241716 0.998519 -0.048737 -10.5389 0.811172 0.00890429 0.584739 113.472 
0.605264 -0.0484412 -0.794549 -109.641 0.0232941 0.998797 -0.0431488 -10.6555 0.795684 0.00760816 0.605665 114.711 
0.625611 -0.0460318 -0.778776 -111.243 0.0199975 0.998876 -0.0429769 -10.7697 0.779879 0.0113132 0.625828 115.96 
0.644632 -0.0455626 -0.763134 -112.785 0.0181048 0.998852 -0.0443426 -10.8844 0.764279 0.0147683 0.644717 117.226 
0.662789 -0.0415659 -0.747652 -114.285 0.0177195 0.999049 -0.0398341 -10.9969 0.748596 0.0131536 0.662895 118.495 
0.679007 -0.0404149 -0.733019 -115.731 0.0172534 0.999086 -0.0391024 -11.1043 0.733929 0.0139037 0.679084 119.773 
0.694051 -0.0371652 -0.718966 -117.123 0.0159197 0.999215 -0.036284 -11.2038 0.71975 0.0137372 0.694098 121.057 
0.70952 -0.0319735 -0.703959 -118.446 0.0134061 0.999402 -0.0318804 -11.2851 0.704557 0.0131825 0.709525 122.324 
0.72569 -0.0289604 -0.687412 -119.702 0.0105753 0.999465 -0.0309429 -11.3678 0.687941 0.0151854 0.725608 123.578 
0.744327 -0.022132 -0.667448 -120.896 0.00771939 0.999669 -0.0245396 -11.4425 0.667771 0.0131132 0.744252 124.857 
0.764701 -0.0196025 -0.644088 -122.023 0.00465687 0.999679 -0.0248959 -11.5109 0.644369 0.0160385 0.764547 126.144 
0.784607 -0.0207519 -0.619646 -123.091 0.00494286 0.999617 -0.0272183 -11.5757 0.619974 0.0182929 0.784409 127.45 
0.80509 -0.0161494 -0.592933 -124.115 0.00368872 0.999746 -0.0222209 -11.6398 0.593142 0.0157027 0.804945 128.785 
0.824062 -0.0138147 -0.566331 -125.088 0.00489359 0.999839 -0.0172688 -11.7029 0.566478 0.0114591 0.823997 130.155 
0.846459 -0.0135157 -0.532282 -126.456 0.00745974 0.999881 -0.0135261 -11.8081 0.532402 0.00747857 0.846459 132.259 
0.860018 -0.0110049 -0.510145 -127.326 0.00528633 0.999906 -0.0126582 -11.8648 0.510237 0.00818952 0.859995 133.694 
0.872361 -0.0103437 -0.488754 -128.166 0.00496699 0.999912 -0.0122962 -11.9179 0.488838 0.00829904 0.872335 135.163 
0.885507 -0.0118537 -0.464475 -129.39 0.00635088 0.99989 -0.01341 -11.9648 0.464583 0.00892481 0.885485 137.439 
0.891936 -0.00621223 -0.452119 -130.215 0.00412061 0.999976 -0.00561084 -11.9897 0.452143 0.00314151 0.89194 139.017 
0.898531 -0.000852153 -0.438909 -131.035 0.000510779 0.999999 -0.000895861 -12.0077 0.43891 0.000580775 0.898531 140.63 
0.905145 0.00265696 -0.425095 -131.85 -0.00098345 0.999991 0.00415619 -12.017 0.425102 -0.00334389 0.905139 142.308 
0.912136 0.00237392 -0.409881 -132.656 0.000657765 0.999973 0.00725536 -12.0211 0.409887 -0.00688748 0.91211 144.042 
0.919683 -0.000885813 -0.392661 -133.444 0.00378608 0.999971 0.00661183 -12.0232 0.392643 -0.00756743 0.91966 145.832 
0.928291 -0.00365101 -0.371837 -134.221 0.00528238 0.99998 0.0033688 -12.0292 0.371817 -0.00509141 0.928292 147.697 
0.9395 0.00116569 -0.342548 -134.944 -1.171e-05 0.999994 0.00337087 -12.0506 0.34255 -0.00316292 0.939494 149.597 
0.952744 0.00828709 -0.303663 -135.607 -0.00612592 0.999949 0.00806893 -12.0705 0.303714 -0.0058274 0.952745 151.595 
0.965382 0.0113209 -0.260593 -136.188 -0.00891705 0.999906 0.010405 -12.0858 0.260687 -0.00772111 0.965393 153.655 
0.976227 0.0139896 -0.216299 -136.683 -0.0107177 0.99981 0.0162929 -12.0991 0.216486 -0.0135873 0.976191 155.79 
0.98514 0.0177017 -0.170839 -137.094 -0.0138115 0.999618 0.023933 -12.0954 0.171197 -0.0212178 0.985008 158 
0.991847 0.0185354 -0.126083 -137.415 -0.0159259 0.999638 0.0216739 -12.0801 0.126439 -0.0194892 0.991783 160.268 
0.996307 0.0169664 -0.0841671 -137.639 -0.015153 0.99964 0.0221385 -12.0515 0.0845125 -0.0207813 0.996206 162.601 
0.998901 0.0178565 -0.0433356 -137.77 -0.0167714 0.99954 0.0252761 -12.0173 0.0437669 -0.0245215 0.998741 165 
0.99981 0.0194102 -0.00163239 -137.812 -0.0193595 0.999452 0.0268335 -11.9852 0.00215235 -0.0267968 0.999639 167.452 
0.998961 0.022794 0.0394624 -137.76 -0.0237843 0.999409 0.0248089 -11.9608 -0.0388736 -0.0257217 0.998913 169.938 
0.996596 0.0248798 0.0785936 -137.603 -0.0265145 0.999452 0.0198251 -11.9419 -0.0780572 -0.0218415 0.99671 172.461 
0.99278 0.0251548 0.117286 -137.342 -0.0270906 0.999521 0.0149402 -11.9431 -0.116854 -0.0180096 0.992986 175.019 
0.987625 0.0277097 0.154369 -136.98 -0.0285562 0.999587 0.0032683 -11.965 -0.154215 -0.00763604 0.988008 177.606 
0.981281 0.03197 0.18991 -136.522 -0.0313867 0.999489 -0.00607944 -12.0114 -0.190008 4.98218e-06 0.981783 180.228 
0.973673 0.0339805 0.225404 -135.962 -0.0327531 0.999421 -0.00918368 -12.0826 -0.225586 0.00155921 0.974222 182.88 
0.965142 0.0326489 0.259682 -135.291 -0.0299421 0.999448 -0.0143735 -12.1685 -0.260008 0.00609709 0.965587 185.551 
0.955525 0.0357379 0.292738 -134.53 -0.0314449 0.999318 -0.0193593 -12.2671 -0.29323 0.00929313 0.955997 188.231 
0.943902 0.0416723 0.327584 -133.677 -0.0361343 0.999083 -0.0229768 -12.3638 -0.328242 0.00985078 0.944542 190.928 
0.93129 0.0436519 0.361655 -132.704 -0.0354524 0.998942 -0.0292802 -12.4735 -0.36255 0.0144468 0.931852 193.619 
0.916569 0.0466853 0.397143 -131.621 -0.03357 0.998639 -0.0399165 -12.6128 -0.398466 0.0232541 0.916888 196.301 
0.895871 0.0530942 0.441131 -130.412 -0.0370782 0.998305 -0.0448551 -12.7831 -0.442765 0.023828 0.896321 198.974 
0.869333 0.0618831 0.490337 -129.061 -0.0424778 0.997814 -0.0506192 -12.973 -0.492398 0.0231765 0.870062 201.617 
0.840394 0.0670996 0.537807 -127.547 -0.0435947 0.99746 -0.0563261 -13.1825 -0.540221 0.0238905 0.841184 204.19 
0.809425 0.0703839 0.58299 -125.88 -0.0412718 0.997155 -0.0630838 -13.4134 -0.585771 0.0270005 0.810027 206.684 
0.777712 0.074542 0.624186 -124.069 -0.0376043 0.996683 -0.0721732 -13.6703 -0.627496 0.0326578 0.777935 209.09 
0.746315 0.0763897 0.661195 -122.129 -0.0339956 0.99647 -0.076753 -13.9531 -0.664724 0.0348042 0.746278 211.424 
0.716494 0.0777793 0.693243 -120.073 -0.0296529 0.996262 -0.0811294 -14.2463 -0.696963 0.0375721 0.716123 213.663 
0.687314 0.0810311 0.721827 -117.911 -0.0243741 0.995771 -0.088575 -14.5546 -0.725951 0.0432849 0.686383 215.82 
0.657112 0.0839609 0.749102 -115.657 -0.0218451 0.995481 -0.0924131 -14.8897 -0.753476 0.0443616 0.655977 217.895 
0.623725 0.0860337 0.776895 -113.327 -0.0241943 0.995573 -0.090826 -15.2293 -0.78127 0.037854 0.623045 219.882 
0.588341 0.0884689 0.803759 -110.946 -0.0295791 0.995686 -0.0879427 -15.5659 -0.808072 0.0279659 0.58842 221.745 
0.552815 0.0950467 0.827866 -108.535 -0.0319238 0.99516 -0.0929363 -15.8986 -0.832692 0.0249479 0.553173 223.465 
0.513424 0.0942652 0.852942 -106.071 -0.0329122 0.99538 -0.0901958 -16.2328 -0.857504 0.0182365 0.514155 225.055 
0.471096 0.091264 0.877348 -103.583 -0.0333863 0.995765 -0.0856552 -16.5541 -0.88145 0.0110605 0.472149 226.502 
0.428665 0.0896088 0.899009 -101.071 -0.031666 0.995948 -0.0841723 -16.8614 -0.902909 0.00761373 0.429766 227.793 
0.387206 0.089209 0.917667 -98.5491 -0.0266526 0.995975 -0.0855756 -17.1616 -0.921608 0.00867709 0.388025 228.935 
0.345936 0.0866898 0.934245 -96.0257 -0.0203263 0.996181 -0.0849105 -17.4558 -0.938038 0.0103839 0.346377 229.936 
0.305397 0.0904669 0.947918 -93.5117 -0.0191822 0.995859 -0.0888622 -17.749 -0.952032 0.00895509 0.305868 230.819 
0.266852 0.108134 0.957652 -91.0401 -0.0216851 0.994107 -0.106208 -18.0604 -0.963494 0.00757505 0.267624 231.573 
0.2269 0.112763 0.967368 -88.5775 -0.0268599 0.993621 -0.109523 -18.3936 -0.973548 -0.00113258 0.228481 232.223 
0.187395 0.113145 0.975747 -86.1384 -0.0321106 0.993519 -0.109039 -18.7242 -0.98176 -0.0108985 0.189813 232.764 
0.149539 0.111724 0.982423 -83.7128 -0.0316205 0.993628 -0.108185 -19.0486 -0.98825 -0.0148868 0.152119 233.199 
0.111784 0.115377 0.987012 -81.3171 -0.0332629 0.993115 -0.112324 -19.3698 -0.993176 -0.0202749 0.114852 233.532 
0.0753281 0.114561 0.990556 -78.953 -0.0338641 0.993099 -0.11228 -19.687 -0.996584 -0.0250865 0.0786879 233.774 
0.045705 0.106235 0.99329 -76.5971 -0.0305118 0.994014 -0.104909 -20.0032 -0.998489 -0.0255122 0.0486728 233.929 
0.02258 0.102634 0.994463 -74.3374 -0.0276361 0.9944 -0.102 -20.295 -0.999363 -0.0251799 0.02529 234.018 
0.00711642 0.107023 0.994231 -72.1143 -0.0286288 0.99387 -0.10678 -20.5793 -0.999565 -0.0277037 0.0101367 234.07 
-0.00419388 0.118896 0.992898 -69.9512 -0.0285793 0.992487 -0.118967 -20.8751 -0.999583 -0.0288753 -0.000764409 234.094 
-0.0127112 0.114916 0.993294 -67.8108 -0.0295388 0.992897 -0.115248 -21.1677 -0.999483 -0.0308057 -0.00922648 234.097 
-0.0165002 0.100636 0.994786 -65.6953 -0.0272839 0.994506 -0.10106 -21.4353 -0.999492 -0.0288092 -0.0136638 234.082 
-0.0160762 0.105747 0.994263 -63.6313 -0.0274292 0.993971 -0.106159 -21.6885 -0.999494 -0.0289785 -0.0130788 234.073 
-0.012607 0.108618 0.994004 -61.596 -0.0319057 0.993533 -0.108972 -21.9485 -0.999411 -0.0330882 -0.00905994 234.076 
-0.0058541 0.110999 0.993803 -59.5852 -0.0353475 0.993176 -0.111137 -22.2049 -0.999358 -0.035779 -0.00189063 234.093 
0.00492835 0.112802 0.993605 -57.59 -0.0383704 0.992907 -0.112532 -22.4645 -0.999251 -0.0375704 0.00922164 234.13 
0.0191743 0.109927 0.993755 -55.6126 -0.0354265 0.993388 -0.109203 -22.723 -0.999188 -0.0331114 0.0229419 234.183 
0.0336 0.110685 0.993287 -53.6495 -0.034713 0.993378 -0.109521 -22.976 -0.998832 -0.0308001 0.0372197 234.267 
0.0470411 0.107961 0.993042 -51.6918 -0.0370849 0.993645 -0.10627 -23.2296 -0.998204 -0.0318278 0.0507459 234.381 
0.0608597 0.106565 0.992441 -49.7524 -0.0371441 0.993838 -0.104437 -23.4779 -0.997455 -0.0305073 0.0644429 234.521 
0.0746412 0.110376 0.991083 -47.8287 -0.0369629 0.993479 -0.107859 -23.7182 -0.996525 -0.0285825 0.0782342 234.685 
0.0877187 0.112992 0.989716 -45.9147 -0.0409743 0.993114 -0.109749 -23.9657 -0.995302 -0.0309259 0.0917445 234.881 
0.101026 0.11031 0.988749 -44.0088 -0.0428326 0.993395 -0.106452 -24.2145 -0.993961 -0.0315963 0.105084 235.101 
0.114095 0.107849 0.987599 -42.1097 -0.0432448 0.993687 -0.103518 -24.4546 -0.992528 -0.0308977 0.118038 235.348 
0.128276 0.109404 0.985685 -40.2266 -0.04158 0.993616 -0.104873 -24.6872 -0.990866 -0.0275321 0.132006 235.615 
0.146659 0.113581 0.982645 -38.3606 -0.0401121 0.993252 -0.10882 -24.9222 -0.988374 -0.0234565 0.150225 235.911 
0.164274 0.113956 0.97981 -36.5165 -0.0426152 0.993197 -0.108368 -25.1504 -0.985494 -0.0239528 0.168013 236.243 
0.173534 0.112132 0.978423 -34.6718 -0.0469443 0.993309 -0.105512 -25.3786 -0.983708 -0.0276215 0.177637 236.603 
0.179136 0.11591 0.976972 -32.8112 -0.0470737 0.992908 -0.10917 -25.6026 -0.982698 -0.0264334 0.183322 236.971 
0.185396 0.114956 0.975917 -30.928 -0.0446095 0.993094 -0.108505 -25.8331 -0.981651 -0.0234187 0.189244 237.349 
0.192539 0.116576 0.97434 -29.03 -0.0436867 0.992952 -0.11017 -26.0741 -0.980316 -0.0213536 0.196275 237.739 
0.199995 0.11096 0.973494 -27.1205 -0.0411431 0.993641 -0.104804 -26.3238 -0.978933 -0.0190923 0.203288 238.152 
0.209656 0.111422 0.971406 -25.2064 -0.0396639 0.993637 -0.105411 -26.5759 -0.97697 -0.0164296 0.212742 238.575 
0.222471 0.112559 0.96842 -23.2884 -0.0379311 0.99356 -0.106768 -26.8181 -0.974201 -0.0129805 0.225308 239.015 
0.238246 0.11015 0.964938 -21.3629 -0.0365136 0.993861 -0.104436 -27.0613 -0.970518 -0.0103518 0.240806 239.49 
0.258753 0.111175 0.959524 -19.4733 -0.0315619 0.993797 -0.106635 -27.3034 -0.965428 -0.00269221 0.260657 239.999 
0.281088 0.107754 0.953613 -17.5859 -0.0314673 0.994177 -0.103062 -27.5442 -0.959166 -0.00103804 0.282842 240.558 
0.30268 0.108349 0.946914 -15.7165 -0.0345995 0.994112 -0.10269 -27.7835 -0.952464 -0.00168056 0.304646 241.163 
0.323637 0.111719 0.939563 -13.8654 -0.0381775 0.993738 -0.105011 -28.0228 -0.945411 -0.00188484 0.325875 241.811 
0.342456 0.110289 0.933038 -12.0278 -0.0423245 0.993889 -0.101947 -28.2667 -0.93858 -0.00457791 0.345031 242.498 
0.358309 0.107849 0.927353 -10.2022 -0.0432927 0.994156 -0.0988904 -28.5052 -0.932599 -0.00471423 0.360884 243.217 
0.374002 0.106789 0.921259 -8.39843 -0.0462272 0.99426 -0.0964846 -28.7383 -0.926275 -0.0065018 0.376792 243.967 
0.38995 0.109775 0.914269 -6.61587 -0.0476761 0.993944 -0.0990071 -28.9684 -0.919601 -0.00498091 0.392823 244.741 
0.406594 0.107192 0.907299 -4.8639 -0.0481803 0.994227 -0.0958707 -29.1959 -0.912338 -0.00473348 0.409411 245.543 
0.423856 0.102159 0.89995 -3.1383 -0.0483927 0.994754 -0.090129 -29.4136 -0.904436 -0.00534925 0.426576 246.366 
0.44109 0.0996404 0.891915 -1.44517 -0.0516281 0.994989 -0.0856231 -29.6185 -0.895977 -0.00828039 0.444024 247.224 
0.465803 0.0981733 0.879426 1.04535 -0.0555864 0.99511 -0.0816453 -29.9107 -0.883141 -0.0108535 0.468982 248.561 
0.491024 0.0987601 0.86553 3.47195 -0.0563297 0.995073 -0.0815851 -30.185 -0.869323 -0.00869487 0.494168 249.951 
0.506995 0.0963701 0.856545 5.06951 -0.0569139 0.995304 -0.0782943 -30.3632 -0.860068 -0.00905455 0.510099 250.915 
0.518605 0.0919252 0.850058 6.6574 -0.0575855 0.995701 -0.0725432 -30.5354 -0.853073 -0.0113297 0.521669 251.91 
0.525682 0.0872398 0.846196 8.23513 -0.0598848 0.996055 -0.0654875 -30.7078 -0.848571 -0.0162487 0.528833 252.948 
0.531608 0.0840087 0.842814 10.5837 -0.0603619 0.996297 -0.0612338 -30.9749 -0.844837 -0.0183214 0.53471 254.573 
0.535014 0.0865159 0.840402 12.1562 -0.0591251 0.996138 -0.0649083 -31.143 -0.842772 -0.014962 0.538063 255.643 
0.538312 0.0815971 0.838786 13.7491 -0.0562279 0.996561 -0.0608598 -31.3114 -0.840868 -0.0144016 0.541049 256.711 
0.540872 0.0757949 0.837683 15.3464 -0.0546308 0.996994 -0.0549358 -31.4676 -0.839329 -0.0160501 0.543387 257.781 
0.542594 0.0715917 0.836939 16.9528 -0.0542755 0.997267 -0.050119 -31.6105 -0.83824 -0.018231 0.544997 258.864 
0.543784 0.0720797 0.836124 18.5572 -0.0558182 0.997205 -0.049664 -31.7454 -0.837367 -0.0196645 0.546287 259.943 
0.544846 0.0678314 0.835788 20.1889 -0.0551068 0.997465 -0.045029 -31.8809 -0.836723 -0.0215238 0.547203 261.03 
0.546325 0.0635116 0.835162 21.8285 -0.0545535 0.997702 -0.0401859 -32.0056 -0.835795 -0.0236064 0.548535 262.121 
0.548641 0.0606274 0.833857 23.4653 -0.0538552 0.997859 -0.0371172 -32.1241 -0.834322 -0.0245435 0.550731 263.212 
0.552168 0.056365 0.831826 25.0995 -0.053025 0.998066 -0.0324315 -32.239 -0.832045 -0.0261999 0.554089 264.306 
0.557091 0.0542615 0.828677 26.7183 -0.0529627 0.998153 -0.0297538 -32.3453 -0.828761 -0.0273134 0.558936 265.404 
0.564641 0.0472749 0.823982 28.3374 -0.0503485 0.998472 -0.0227842 -32.4411 -0.8238 -0.0286213 0.566158 266.511 
0.576728 0.0433417 0.815786 29.9363 -0.0459838 0.998731 -0.0205526 -32.5292 -0.815641 -0.0256597 0.577989 267.632 
0.588496 0.044873 0.807254 31.5154 -0.0489166 0.998606 -0.0198491 -32.6112 -0.807019 -0.027807 0.589871 268.787 
0.601943 0.0390396 0.797584 33.0674 -0.0479605 0.998769 -0.0126909 -32.681 -0.797097 -0.0306133 0.603075 269.951 
0.617583 0.0377524 0.785599 34.6062 -0.0446984 0.998918 -0.0128649 -32.7432 -0.785235 -0.0271699 0.618602 271.144 
0.635902 0.0351635 0.770968 36.1231 -0.0416152 0.99907 -0.0112425 -32.796 -0.770647 -0.0249349 0.636774 272.38 
0.654068 0.0316858 0.755772 37.619 -0.0401563 0.999168 -0.00713776 -32.8471 -0.755369 -0.0256804 0.654796 273.665 
0.672123 0.0294513 0.739854 39.0971 -0.0407179 0.999167 -0.00278336 -32.8903 -0.739319 -0.0282545 0.672762 274.998 
0.689751 0.0241462 0.723644 40.5627 -0.040219 0.999178 0.00499519 -32.9224 -0.722929 -0.0325497 0.690155 276.384 
0.707249 0.0144253 0.706818 42.011 -0.0345938 0.9993 0.0142204 -32.9405 -0.706118 -0.0345089 0.707253 277.814 
0.736318 0.00622278 0.676606 44.1389 -0.0248782 0.99953 0.017881 -32.9411 -0.676178 -0.0299989 0.736128 280.056 
0.754921 0.000640367 0.655815 45.5132 -0.0217149 0.999476 0.0240205 -32.9316 -0.655456 -0.0323746 0.754539 281.622 
0.773232 -0.00415567 0.634109 46.857 -0.0178972 0.999437 0.0283737 -32.9081 -0.63387 -0.0332882 0.772723 283.24 
0.789966 -0.00327042 0.613142 48.1619 -0.0193935 0.999352 0.0303168 -32.8838 -0.612844 -0.0358402 0.789391 284.909 
0.802785 0.000431403 0.596268 49.4318 -0.0249484 0.999148 0.0328663 -32.8512 -0.595746 -0.0412605 0.802112 286.627 
0.814131 0.00547863 0.580656 50.6781 -0.0288567 0.999102 0.0310329 -32.8186 -0.579964 -0.0420206 0.813557 288.383 
0.8246 0.00708737 0.565671 51.9033 -0.0347232 0.99867 0.0381048 -32.7814 -0.564649 -0.0510631 0.82375 290.18 
0.83343 0.0127744 0.552477 53.1013 -0.0425174 0.998252 0.0410572 -32.7322 -0.550987 -0.0577082 0.832516 292.012 
0.839839 0.0178492 0.542542 54.2851 -0.0501769 0.997733 0.0448477 -32.6779 -0.540512 -0.0648878 0.838831 293.874 
0.842884 0.0279789 0.537368 55.4626 -0.0552605 0.997868 0.0347229 -32.6281 -0.53525 -0.0589626 0.842633 295.748 
0.844217 0.0340783 0.534918 56.6464 -0.0595557 0.997761 0.0304271 -32.5922 -0.532683 -0.0575444 0.844356 297.643 
0.845167 0.0323358 0.533523 57.844 -0.0590907 0.997702 0.0331383 -32.5585 -0.531225 -0.0595336 0.845136 299.554 
0.846214 0.0310037 0.531941 59.0466 -0.0565172 0.997897 0.0317463 -32.5256 -0.529838 -0.0569279 0.846186 301.474 
0.848075 0.0301329 0.529018 60.2525 -0.0538845 0.99811 0.0295303 -32.4999 -0.527129 -0.0535498 0.848096 303.405 
0.851957 0.0265533 0.522938 61.4546 -0.0505321 0.998221 0.0316388 -32.4766 -0.521168 -0.0533801 0.851783 305.353 
0.859993 0.025092 0.509688 62.6268 -0.0480946 0.99833 0.0320018 -32.4529 -0.508034 -0.0520346 0.859764 307.313 
0.871464 0.0233743 0.489902 63.7612 -0.0464904 0.998303 0.0350685 -32.4286 -0.488251 -0.0533367 0.871072 309.296 
0.884056 0.0247624 0.466724 64.8349 -0.0462547 0.998329 0.0346473 -32.4013 -0.465086 -0.0522183 0.883724 311.301 
0.895924 0.023939 0.443561 65.8496 -0.0466008 0.998102 0.0402588 -32.3691 -0.441756 -0.0567392 0.895339 313.328 
0.907761 0.022899 0.418861 66.8068 -0.0441488 0.998179 0.0411096 -32.329 -0.417157 -0.0558099 0.907119 315.364 
0.918664 0.0268138 0.39413 67.6976 -0.0475122 0.997951 0.042851 -32.2872 -0.392173 -0.0580916 0.918055 317.423 
0.928002 0.0348991 0.370937 68.519 -0.0542433 0.997651 0.0418421 -32.2426 -0.368605 -0.0589503 0.927715 319.497 
0.933815 0.0423602 0.35524 69.2966 -0.0617023 0.997155 0.0432911 -32.1959 -0.352396 -0.062345 0.933772 321.58 
0.937596 0.0414824 0.345243 70.0644 -0.059955 0.997275 0.0429964 -32.1471 -0.342519 -0.0610123 0.937528 323.661 
0.941197 0.0383977 0.335669 70.8184 -0.0558012 0.997543 0.0423529 -32.1014 -0.333218 -0.0585931 0.941027 325.743 
0.944827 0.0369859 0.325474 71.5445 -0.0526263 0.997838 0.039379 -32.0606 -0.323313 -0.0543348 0.944731 327.823 
0.948548 0.039578 0.31415 72.2398 -0.0539337 0.997854 0.0371338 -32.0242 -0.312006 -0.0521664 0.948647 329.914 
0.952977 0.0402406 0.300358 72.9073 -0.0555747 0.997542 0.0426815 -31.9887 -0.297902 -0.0573668 0.952871 332.015 
0.956606 0.0409809 0.288489 73.5376 -0.0560783 0.997445 0.0442602 -31.9463 -0.285938 -0.0585175 0.95646 334.11 
0.959298 0.036565 0.280017 74.1539 -0.0494025 0.99802 0.0389227 -31.9105 -0.27804 -0.051172 0.959206 336.19 
0.959897 0.036673 0.277946 74.7513 -0.0499238 0.997922 0.040745 -31.8743 -0.275874 -0.0529871 0.959732 338.257 
0.955177 0.0449287 0.292607 75.3394 -0.0599294 0.997297 0.0425005 -31.845 -0.289906 -0.0581312 0.955288 340.28 
0.947698 0.0480819 0.315526 75.962 -0.0646559 0.997012 0.042266 -31.8169 -0.312551 -0.060456 0.947975 342.229 
0.942047 0.04302 0.332712 76.6143 -0.060776 0.997219 0.0431409 -31.7889 -0.32993 -0.0608616 0.942041 344.109 
0.939069 0.0409643 0.341279 77.2641 -0.0579841 0.997523 0.0398156 -31.7614 -0.338803 -0.0571784 0.939118 345.919 
0.940185 0.0379668 0.338542 77.9057 -0.0535242 0.997891 0.036734 -31.7352 -0.336433 -0.052657 0.940234 347.705 
0.945726 0.0327766 0.323308 78.5169 -0.0469942 0.998237 0.0362649 -31.7069 -0.32155 -0.0494902 0.945599 349.49 
0.954039 0.0282855 0.298344 79.0765 -0.0409278 0.998506 0.0362116 -31.6729 -0.296874 -0.0467579 0.953771 351.282 
0.964625 0.0216156 0.262737 79.5717 -0.0326206 0.99876 0.0375962 -31.6409 -0.261599 -0.0448369 0.964135 353.078 
0.975557 0.0187498 0.218947 79.9816 -0.0273287 0.99897 0.0362198 -31.6084 -0.218042 -0.0413179 0.975064 354.876 
0.985553 0.0190285 0.168297 80.2892 -0.0251812 0.999087 0.0345 -31.5773 -0.167487 -0.0382395 0.985132 356.68 
0.993433 0.022638 0.112153 80.4873 -0.0262634 0.999176 0.0309544 -31.5418 -0.11136 -0.0336967 0.993209 358.514 
0.998429 0.0224357 0.0513339 80.5779 -0.0241229 0.999181 0.0324869 -31.5089 -0.0505629 -0.0336742 0.998153 360.347 
0.999653 0.024178 -0.010437 80.554 -0.023848 0.999245 0.0306638 -31.4812 0.0111705 -0.0304043 0.999475 362.182 
0.997447 0.0278688 -0.0657493 80.4224 -0.0261127 0.999283 0.0274182 -31.4585 0.0664663 -0.0256313 0.997459 364.022 
0.993888 0.0356711 -0.104475 80.2083 -0.0326203 0.998994 0.0307662 -31.43 0.105468 -0.0271701 0.994051 365.886 
0.991494 0.0466837 -0.121488 79.9483 -0.0424367 0.998402 0.0373153 -31.3969 0.123036 -0.0318423 0.991891 367.765 
0.990823 0.0504087 -0.125417 79.6839 -0.0476064 0.998547 0.025244 -31.3554 0.126507 -0.0190417 0.991783 369.659 
0.991264 0.0533337 -0.120624 79.426 -0.0508242 0.998424 0.0237882 -31.3332 0.121703 -0.0174497 0.992413 371.601 
0.992085 0.0500654 -0.115154 79.1899 -0.0477996 0.998607 0.0223567 -31.3167 0.116113 -0.0166755 0.993096 373.576 
0.992793 0.0450163 -0.111064 78.9618 -0.0439078 0.998958 0.0124078 -31.3058 0.111507 -0.00744183 0.993736 375.591 
0.993209 0.0435249 -0.107893 78.7307 -0.0425924 0.999033 0.0109329 -31.3034 0.108265 -0.0062632 0.994102 377.661 
0.993185 0.0477171 -0.106332 78.4872 -0.0464277 0.998815 0.0145708 -31.3029 0.106901 -0.00953477 0.994224 379.779 
0.99292 0.0523491 -0.106627 78.2369 -0.0510949 0.998589 0.014462 -31.2977 0.107234 -0.00891147 0.994194 381.936 
0.992644 0.0539043 -0.108405 77.9805 -0.0528826 0.998525 0.0122808 -31.2953 0.108907 -0.00645769 0.994031 384.12 
0.992315 0.0499864 -0.113195 77.7243 -0.0495175 0.998749 0.00695231 -31.3122 0.113401 -0.00129375 0.993548 386.332 
0.991343 0.0409603 -0.124742 77.4537 -0.0401437 0.999153 0.00905375 -31.336 0.125007 -0.00396778 0.992148 388.562 
0.989042 0.0327088 -0.143963 77.1443 -0.0318782 0.999459 0.00807251 -31.3627 0.14415 -0.00339475 0.98955 390.785 
0.986162 0.0289146 -0.163242 76.7857 -0.0284082 0.999582 0.00543655 -31.3927 0.16333 -0.000723926 0.986571 392.998 
0.982921 0.0274968 -0.181962 76.3813 -0.0267002 0.99962 0.00682635 -31.4246 0.18208 -0.00185134 0.983282 395.209 
0.97945 0.0266276 -0.199923 75.9369 -0.0260102 0.999645 0.00571452 -31.4571 0.200004 -0.000397053 0.979795 397.401 
0.975848 0.02682 -0.216798 75.4531 -0.0268934 0.999635 0.00261256 -31.4923 0.216789 0.00328097 0.976213 399.564 
0.972544 0.02735 -0.231105 74.9473 -0.0275637 0.999617 0.00230466 -31.5408 0.231079 0.00412871 0.972926 401.713 
0.969834 0.0213734 -0.242828 74.425 -0.0222054 0.999753 -0.000689482 -31.5892 0.242753 0.00606077 0.970069 403.843 
0.967085 0.0119735 -0.254172 73.8806 -0.014917 0.999842 -0.0096563 -31.6441 0.254016 0.0131299 0.967111 405.96 
0.964225 0.00966536 -0.26491 73.3004 -0.0120392 0.999901 -0.00733877 -31.6999 0.264813 0.0102655 0.964245 408.08 
0.961945 0.00648045 -0.273167 72.6958 -0.00877244 0.999936 -0.00716983 -31.749 0.273103 0.00929332 0.96194 410.2 
0.960369 0.00814162 -0.278613 72.077 -0.0098749 0.99994 -0.0048182 -31.8039 0.278557 0.00737853 0.960391 412.325 
0.959611 0.00507931 -0.281286 71.4523 -0.00485955 0.999987 0.00147885 -31.8418 0.28129 -5.21939e-05 0.959623 414.455 
0.959022 -0.00510013 -0.283284 70.8311 0.00582576 0.999981 0.00171911 -31.8719 0.28327 -0.00329901 0.959035 416.589 
0.958384 -0.0115053 -0.285252 70.1995 0.0123743 0.999923 0.00124416 -31.9002 0.285215 -0.00472217 0.958452 418.733 
0.957619 -0.0143205 -0.287683 69.5554 0.0155612 0.999877 0.00202619 -31.9304 0.287618 -0.00641699 0.957724 420.879 
0.956934 -0.0103718 -0.290122 68.8972 0.0127763 0.999898 0.00639487 -31.9587 0.290026 -0.00982613 0.956968 423.028 
0.9566 -0.00533712 -0.291356 68.2361 0.0089361 0.999899 0.0110233 -31.9793 0.291268 -0.0131484 0.956551 425.167 
0.957076 -0.00208391 -0.28983 67.5828 0.0063983 0.999882 0.0139392 -31.9908 0.289767 -0.0151953 0.956977 427.297 
0.95809 -0.00107637 -0.286464 66.9449 0.00650288 0.999817 0.0179924 -31.9984 0.286392 -0.0191012 0.957922 429.428 
0.958979 0.00269273 -0.283463 66.3132 0.00393023 0.999733 0.0227932 -32.0034 0.283448 -0.0229723 0.958712 431.553 
0.959851 0.00551524 -0.280455 65.6926 0.00147979 0.999693 0.0247238 -32.0054 0.280506 -0.0241462 0.959549 433.668 
0.960583 0.00413218 -0.277964 65.0918 0.00301512 0.999676 0.0252806 -32.0068 0.277979 -0.0251222 0.960259 435.764 
0.961188 0.00188303 -0.275888 64.5017 0.00720436 0.999464 0.0319215 -32.0015 0.2758 -0.0326702 0.96066 437.857 
0.961811 -0.000306396 -0.273713 63.9183 0.0100382 0.999366 0.034155 -31.9844 0.273529 -0.0355983 0.961205 439.927 
0.962239 -0.00486272 -0.272163 63.3475 0.0149055 0.999282 0.0348446 -31.9629 0.271798 -0.0375855 0.96162 441.977 
0.962005 -0.0123696 -0.272751 62.7895 0.0222697 0.9992 0.0332312 -31.9421 0.272121 -0.0380426 0.961511 444.006 
0.961939 -0.0134534 -0.272931 62.235 0.0243094 0.99904 0.0364327 -31.9228 0.272179 -0.0416809 0.961343 446.017 
0.961689 -0.0130747 -0.27383 61.681 0.0248253 0.998911 0.0394906 -31.9003 0.273016 -0.0447756 0.960967 448.005 
0.961474 -0.0140957 -0.274535 61.1335 0.0255275 0.998947 0.0381121 -31.8744 0.273709 -0.043652 0.960821 449.961 
0.961222 -0.0143817 -0.275401 60.5885 0.0266867 0.998803 0.0409851 -31.8394 0.274482 -0.0467453 0.960455 451.906 
0.960832 -0.0153068 -0.276707 60.0475 0.028049 0.998718 0.0421504 -31.8008 0.275707 -0.0482608 0.960029 453.821 
0.960778 -0.0125098 -0.277035 59.4995 0.0253895 0.998754 0.0429526 -31.745 0.276153 -0.0483017 0.959899 455.718 
0.9609 -0.00955592 -0.276731 58.9594 0.023352 0.998641 0.046601 -31.6879 0.27591 -0.0512411 0.959817 457.599 
0.960917 -0.00714914 -0.276745 58.4112 0.0221548 0.998446 0.0511333 -31.6268 0.275949 -0.0552661 0.959582 459.454 
0.960346 -0.00664925 -0.27873 57.8672 0.0240346 0.997968 0.0590025 -31.5549 0.277772 -0.063362 0.958555 461.299 
0.95923 -0.00708379 -0.282539 57.3235 0.0264557 0.997547 0.0648078 -31.4732 0.281386 -0.0696404 0.957064 463.133 
0.958159 -0.00967172 -0.286074 56.7847 0.030235 0.997258 0.0675516 -31.3909 0.284636 -0.0733746 0.955824 464.94 
0.957202 -0.0105986 -0.289226 56.2436 0.0318264 0.997123 0.0687912 -31.311 0.287664 -0.0750521 0.954786 466.731 
0.957328 -0.0102631 -0.28882 55.7064 0.0317887 0.997045 0.0699375 -31.2295 0.287249 -0.0761344 0.954825 468.49 
0.957737 -0.016206 -0.28719 55.1902 0.037868 0.996826 0.0700337 -31.1483 0.285143 -0.0779491 0.95531 470.219 
0.958089 -0.0170345 -0.285963 54.6862 0.0392712 0.996616 0.0722067 -31.0678 0.283765 -0.0804106 0.955516 471.908 
0.958344 -0.0193575 -0.284959 54.1961 0.0406058 0.9968 0.0688477 -30.9899 0.282715 -0.0775508 0.956064 473.54 
0.958851 -0.019138 -0.283266 53.7209 0.0395257 0.997008 0.066434 -30.9141 0.281147 -0.0748965 0.956738 475.119 
0.959316 -0.0200649 -0.281621 53.2567 0.0399396 0.997085 0.0650104 -30.8419 0.279495 -0.0736133 0.957321 476.667 
0.960061 -0.023521 -0.2788 52.8055 0.0428121 0.997075 0.0633074 -30.7706 0.276495 -0.072715 0.95826 478.2 
0.962391 -0.024588 -0.270553 52.3682 0.0428478 0.997169 0.0617917 -30.7038 0.268268 -0.0710604 0.96072 479.727 
0.970004 -0.0182275 -0.242405 51.7612 0.0352847 0.997182 0.0662123 -30.6042 0.240515 -0.0727794 0.967913 482.029 
0.97703 -0.0144838 -0.21261 51.4126 0.0318145 0.99642 0.0783212 -30.5256 0.210714 -0.0832862 0.973993 483.574 
0.984822 -0.0120341 -0.173151 51.1298 0.0265588 0.996294 0.0818142 -30.4358 0.171524 -0.0851711 0.981491 485.131 
0.992042 -0.0104665 -0.12547 50.9237 0.0215212 0.995969 0.0870777 -30.3384 0.124053 -0.089085 0.988268 486.686 
0.997303 -0.0136526 -0.0721195 50.8129 0.0198857 0.996059 0.0864295 -30.2384 0.0706553 -0.0876305 0.993644 488.249 
0.999686 -0.0167616 -0.018622 50.7827 0.0182629 0.996331 0.0836114 -30.1407 0.0171522 -0.0839252 0.996324 489.815 
0.999182 -0.0207728 0.0346983 50.8376 0.0177411 0.99618 0.0855049 -30.0446 -0.036342 -0.0848194 0.995733 491.404 
0.995934 -0.0276267 0.0857433 50.9787 0.0199959 0.995865 0.0886124 -29.9415 -0.0878368 -0.0865376 0.992369 492.985 
0.986342 -0.0346798 0.161016 51.3453 0.0203927 0.995773 0.0895501 -29.7821 -0.163441 -0.0850435 0.982881 495.368 
0.97249 -0.0400262 0.229479 51.889 0.0207988 0.996112 0.0856025 -29.622 -0.232013 -0.0784747 0.969542 497.738 
0.962521 -0.0425283 0.267853 52.3348 0.0203428 0.996168 0.0850654 -29.5123 -0.270444 -0.0764283 0.959697 499.34 
0.951977 -0.0422929 0.303234 52.8371 0.0175241 0.996316 0.0839436 -29.4036 -0.305667 -0.0745985 0.949212 500.93 
0.939981 -0.0443708 0.33833 53.4072 0.0170243 0.996373 0.0833722 -29.296 -0.340802 -0.0726084 0.937327 502.515 
0.926323 -0.0487357 0.373564 54.0487 0.0178656 0.996164 0.0856598 -29.187 -0.376306 -0.0726747 0.923641 504.096 
0.912111 -0.0496318 0.406927 54.7547 0.0152997 0.996074 0.0871947 -29.0832 -0.409657 -0.0733054 0.90929 505.671 
0.896999 -0.0502037 0.439173 55.5186 0.0158733 0.996547 0.0814989 -28.9745 -0.441748 -0.0661333 0.894698 507.215 
0.87994 -0.0433813 0.4731 56.3308 0.00718986 0.996924 0.0780411 -28.8718 -0.475031 -0.0652699 0.877545 508.746 
0.858799 -0.0439808 0.510422 57.2209 0.00300788 0.996724 0.0808225 -28.7695 -0.512304 -0.067875 0.856118 510.261 
0.833634 -0.0469222 0.550321 58.192 9.12955e-05 0.996396 0.0848179 -28.6705 -0.552318 -0.0706568 0.830634 511.73 
0.802619 -0.0497543 0.594413 59.2364 -0.00133056 0.996363 0.0851954 -28.5682 -0.59649 -0.0691704 0.799634 513.136 
0.768688 -0.0537149 0.637364 60.3569 -0.000936108 0.996372 0.0850999 -28.4656 -0.639623 -0.0660119 0.765849 514.474 
0.733624 -0.0600899 0.676894 61.5404 0.00140659 0.996215 0.0869125 -28.3636 -0.679554 -0.062809 0.730932 515.753 
0.699885 -0.0626816 0.7115 62.7741 0.00156302 0.996274 0.086232 -28.2659 -0.714254 -0.0592403 0.697375 516.948 
0.670288 -0.0670743 0.739063 64.0636 0.00386688 0.996209 0.0869048 -28.1632 -0.742091 -0.0553934 0.668006 518.099 
0.641254 -0.0701501 0.764115 65.3979 0.00110322 0.995896 0.090503 -28.059 -0.767328 -0.0571924 0.638699 519.217 
0.611458 -0.0687999 0.78828 66.7815 0.000187565 0.996225 0.0868036 -27.9434 -0.791277 -0.0529289 0.609163 520.298 
0.579397 -0.0770061 0.811399 68.2267 -0.00326804 0.995299 0.0967928 -27.8248 -0.815039 -0.0587331 0.576422 521.333 
0.542583 -0.0795709 0.836225 69.7206 -0.00700653 0.99504 0.0992292 -27.6985 -0.839973 -0.0596991 0.539335 522.307 
0.480226 -0.0829038 0.873218 72.0677 -0.00531621 0.99523 0.0974113 -27.4962 -0.877129 -0.0514217 0.477495 523.642 
0.435126 -0.0882254 0.896037 73.7069 -0.000328965 0.995172 0.0981463 -27.3633 -0.900369 -0.0430008 0.432997 524.431 
0.38832 -0.0909325 0.917027 75.4026 -0.000981455 0.995078 0.0990876 -27.2269 -0.921524 -0.0393777 0.386319 525.153 
0.339919 -0.0883776 0.936293 77.1539 -0.0046577 0.995404 0.0956482 -27.0905 -0.940443 -0.0368736 0.337946 525.815 
0.2639 -0.0871038 0.960609 79.882 -0.0133469 0.995489 0.0939333 -26.8951 -0.964458 -0.0376101 0.261546 526.633 
0.211024 -0.0889186 0.973428 81.7599 -0.0145123 0.995459 0.0940771 -26.7632 -0.977373 -0.0339792 0.208775 527.052 
0.157945 -0.0904258 0.983299 83.6838 -0.0123316 0.99554 0.0935323 -26.6249 -0.987371 -0.0268986 0.156125 527.366 
0.10673 -0.0911486 0.990101 85.6408 -0.01107 0.995619 0.0928498 -26.4807 -0.994227 -0.0208702 0.105253 527.586 
0.0313321 -0.0926842 0.995202 88.6443 -0.0134752 0.995562 0.0931419 -26.2693 -0.999418 -0.0163288 0.0299441 527.749 
-0.0172363 -0.0971677 0.995119 90.686 -0.0157703 0.995169 0.0968995 -26.1243 -0.999727 -0.0140231 -0.0186854 527.745 
-0.0667737 -0.0952386 0.993212 92.7424 -0.0209662 0.995348 0.0940339 -25.9789 -0.997548 -0.0145448 -0.0684599 527.632 
-0.116931 -0.0929672 0.988779 94.8118 -0.0232653 0.995592 0.0908564 -25.8355 -0.992868 -0.0123804 -0.118578 527.412 
-0.164627 -0.0949003 0.98178 96.8923 -0.022649 0.995462 0.092425 -25.6915 -0.986096 -0.00702067 -0.166029 527.084 
-0.207728 -0.0902972 0.97401 98.9759 -0.019421 0.995915 0.088186 -25.5494 -0.977994 -0.000597577 -0.208633 526.669 
-0.24807 -0.0896357 0.964586 101.063 -0.0223753 0.995975 0.0867981 -25.4125 -0.968484 -5.09108e-05 -0.249077 526.158 
-0.289211 -0.084669 0.953514 103.153 -0.0260591 0.996408 0.0805739 -25.285 -0.956911 -0.00154483 -0.290379 525.555 
-0.329189 -0.0839508 0.940525 105.232 -0.0326118 0.996457 0.0775289 -25.1648 -0.943701 -0.00515052 -0.330761 524.86 
-0.367657 -0.0864269 0.925937 107.306 -0.0365716 0.996246 0.0784682 -25.0472 -0.929242 -0.00501366 -0.369437 524.079 
-0.399125 -0.0882424 0.91264 109.362 -0.036803 0.996098 0.0802168 -24.9189 -0.916158 -0.0015714 -0.400815 523.203 
-0.419308 -0.0832006 0.904024 111.409 -0.0312212 0.996524 0.0772327 -24.7906 -0.907307 0.00415954 -0.420448 522.268 
-0.430787 -0.0798693 0.898912 113.46 -0.0211811 0.996696 0.0784069 -24.6615 -0.902205 0.0147367 -0.431056 521.282 
-0.436292 -0.0795843 0.896279 115.524 -0.0137269 0.996554 0.0818061 -24.5253 -0.899701 0.0233882 -0.435881 520.275 
-0.438595 -0.0830827 0.894836 117.619 -0.0141398 0.996232 0.0855666 -24.3819 -0.898574 0.0248762 -0.438117 519.262 
-0.440884 -0.0903899 0.893001 119.739 -0.0169685 0.995578 0.0923952 -24.226 -0.897404 0.0255827 -0.440468 518.237 
-0.442896 -0.0884344 0.892201 121.856 -0.016277 0.995753 0.0906184 -24.0653 -0.896425 0.0256122 -0.442455 517.198 
-0.444774 -0.0844868 0.891649 123.999 -0.0126677 0.996035 0.0880588 -23.9069 -0.895554 0.0278711 -0.44408 516.137 
-0.447084 -0.084903 0.890453 126.165 -0.0120968 0.995968 0.0888899 -23.7537 -0.89441 0.0289696 -0.446309 515.061 
-0.449273 -0.090483 0.8888 128.358 -0.013696 0.995439 0.094416 -23.5879 -0.893289 0.0302456 -0.448464 513.969 
-0.451415 -0.0921066 0.887548 130.564 -0.0136178 0.995254 0.0963578 -23.4111 -0.89221 0.0314109 -0.450526 512.863 
-0.453076 -0.0898515 0.886932 132.785 -0.0116463 0.995419 0.0948926 -23.2315 -0.891396 0.0326641 -0.452047 511.74 
-0.453427 -0.0874718 0.886991 135.027 -0.00949149 0.99559 0.0933294 -23.053 -0.891243 0.0338993 -0.452258 510.603 
-0.452768 -0.0907157 0.887001 137.304 -0.0123946 0.995355 0.0954706 -22.8741 -0.891542 0.032232 -0.45179 509.462 
-0.452322 -0.0840677 0.887884 139.6 -0.0123787 0.996043 0.0880024 -22.6956 -0.891769 0.0288146 -0.451573 508.311 
-0.452593 -0.0829446 0.887851 141.927 -0.00963684 0.996061 0.0881413 -22.5251 -0.891665 0.0313361 -0.45161 507.143 
-0.453255 -0.0864072 0.887183 144.291 -0.00982486 0.995714 0.0919582 -22.3486 -0.891327 0.032964 -0.452161 505.955 
-0.453665 -0.0862689 0.886987 146.673 -0.0126652 0.995827 0.090377 -22.1657 -0.891082 0.0297671 -0.452865 504.761 
-0.454241 -0.0879536 0.886527 149.083 -0.0132343 0.995671 0.0920009 -21.9825 -0.890781 0.030058 -0.453438 503.55 
-0.454879 -0.085667 0.886423 151.513 -0.0114984 0.995845 0.0903414 -21.7976 -0.890479 0.030902 -0.453974 502.322 
-0.455721 -0.0861821 0.885941 153.967 -0.0106639 0.995759 0.0913796 -21.6108 -0.890059 0.032196 -0.454707 501.082 
-0.456251 -0.0879962 0.88549 156.448 -0.0137893 0.995678 0.0918413 -21.4166 -0.889744 0.0296924 -0.455492 499.835 
-0.456738 -0.0903544 0.885001 158.948 -0.023401 0.995705 0.0895798 -21.2216 -0.889294 0.0202045 -0.45689 498.591 
-0.457033 -0.0921552 0.884663 161.458 -0.0273115 0.995603 0.0896022 -21.0267 -0.88903 0.0167898 -0.457541 497.334 
-0.456738 -0.0882971 0.885208 163.964 -0.0196126 0.99582 0.0892108 -20.8348 -0.889385 0.0233848 -0.456561 496.056 
-0.456455 -0.0882878 0.885355 166.472 -0.0139261 0.995652 0.0921068 -20.6443 -0.889637 0.029713 -0.4557 494.777 
-0.456158 -0.0902495 0.885311 168.985 -0.015341 0.995494 0.0935773 -20.4539 -0.889767 0.0291045 -0.455487 493.501 
-0.456188 -0.0881752 0.885504 171.492 -0.0148885 0.995696 0.0914775 -20.2645 -0.889759 0.0285471 -0.455537 492.227 
-0.455266 -0.0837958 0.886403 174.002 -0.00890762 0.99594 0.0895758 -20.0751 -0.890311 0.0328851 -0.454165 490.949 
-0.453065 -0.08778 0.887145 176.518 -0.0123604 0.995663 0.092205 -19.8903 -0.891392 0.0308094 -0.452185 489.689 
-0.449989 -0.0957207 0.887889 179.042 -0.0197819 0.995063 0.0972492 -19.6886 -0.892815 0.026197 -0.449662 488.441 
-0.44573 -0.0913427 0.890495 181.544 -0.0188601 0.995518 0.0926752 -19.4906 -0.894969 0.0245132 -0.445454 487.199 
-0.44306 -0.0883041 0.892133 184.037 -0.0196881 0.995856 0.088793 -19.3122 -0.896276 0.0217762 -0.442962 485.971 
-0.44181 -0.0931826 0.892256 186.535 -0.0212783 0.995399 0.0934182 -19.1283 -0.896856 0.0222874 -0.44176 484.746 
-0.442091 -0.0920909 0.89223 189.023 -0.0221016 0.995532 0.0918019 -18.9351 -0.896698 0.0208651 -0.442151 483.529 
-0.44515 -0.0870585 0.891214 191.5 -0.0197206 0.995974 0.0874419 -18.748 -0.895239 0.0213495 -0.445075 482.307 
-0.449475 -0.0858423 0.889159 193.959 -0.0159618 0.995985 0.0880868 -18.5715 -0.89315 0.0254002 -0.44904 481.082 
-0.455356 -0.0895086 0.885798 196.399 -0.0167765 0.995619 0.0919817 -18.3898 -0.890151 0.0270238 -0.454863 479.858 
-0.461194 -0.0885798 0.882866 198.815 -0.015053 0.995642 0.0920314 -18.2018 -0.887171 0.0291546 -0.460518 478.621 
-0.46692 -0.0822254 0.880468 201.204 -0.0108134 0.996124 0.0872919 -18.0212 -0.884234 0.0312374 -0.465999 477.375 
-0.472443 -0.0849965 0.877253 203.575 -0.0141109 0.995941 0.0888967 -17.8484 -0.881248 0.0296197 -0.471724 476.127 
-0.47758 -0.0902373 0.873942 205.912 -0.0198722 0.995567 0.091936 -17.6739 -0.878363 0.0265396 -0.477256 474.88 
-0.481833 -0.092414 0.871376 208.185 -0.0220624 0.995387 0.0933665 -17.5038 -0.875985 0.0257624 -0.481649 473.649 
-0.485073 -0.0952603 0.86927 210.388 -0.0239119 0.995122 0.0957086 -17.3378 -0.874147 0.0256397 -0.484984 472.443 
-0.48774 -0.0963017 0.867661 212.515 -0.0295602 0.995149 0.0938349 -17.1768 -0.872488 0.0201188 -0.488221 471.275 
-0.487778 -0.0990082 0.867335 214.577 -0.0336724 0.994942 0.0946379 -17.0231 -0.872318 0.016957 -0.488644 470.138 
-0.483425 -0.0996881 0.869691 216.564 -0.0357062 0.994913 0.0941941 -16.8765 -0.874657 0.0144824 -0.484525 469.05 
-0.471996 -0.100188 0.87589 218.489 -0.0363675 0.994889 0.0942017 -16.7327 -0.88085 0.0126089 -0.473227 468.019 
-0.451055 -0.100099 0.886865 220.383 -0.0348613 0.994908 0.0945632 -16.5918 -0.891815 0.0117359 -0.452248 467.052 
-0.421935 -0.0974797 0.90137 222.267 -0.0325789 0.995191 0.0923757 -16.4518 -0.906041 0.00961086 -0.423081 466.158 
-0.388563 -0.0977402 0.916223 224.157 -0.0401848 0.995209 0.0891241 -16.3166 -0.920545 -0.00218788 -0.39063 465.368 
-0.353069 -0.0933144 0.930932 226.038 -0.0410068 0.995601 0.0842443 -16.1878 -0.934698 -0.00843051 -0.355342 464.645 
-0.314426 -0.0942341 0.944593 227.947 -0.040324 0.995488 0.0858888 -16.0577 -0.948425 -0.011084 -0.316808 463.994 
-0.275061 -0.100416 0.956168 229.883 -0.0426174 0.994827 0.092216 -15.9188 -0.960482 -0.0153844 -0.277917 463.425 
-0.234543 -0.10607 0.966302 231.845 -0.046761 0.99411 0.0977723 -15.7683 -0.97098 -0.0222534 -0.238122 462.947 
-0.194117 -0.107011 0.975124 233.802 -0.0527985 0.993731 0.098543 -15.6106 -0.979556 -0.0323562 -0.198551 462.551 
-0.151858 -0.107344 0.982556 235.78 -0.0528291 0.993546 0.100379 -15.4526 -0.986989 -0.0366641 -0.156549 462.243 
-0.103429 -0.100298 0.989567 237.775 -0.0452588 0.994347 0.0960516 -15.296 -0.993607 -0.0348521 -0.107383 462.014 
-0.0501458 -0.0926378 0.994436 239.802 -0.0355468 0.995224 0.0909187 -15.1487 -0.998109 -0.0307898 -0.0531993 461.909 
0.00612622 -0.0918557 0.995753 241.848 -0.0318234 0.99525 0.092005 -15.0087 -0.999475 -0.0322519 0.00317395 461.906 
0.0650496 -0.0919173 0.99364 243.922 -0.031174 0.995075 0.094091 -14.8679 -0.997395 -0.0370962 0.0618638 462.025 
0.125157 -0.093933 0.98768 246.015 -0.0360416 0.99442 0.0991411 -14.7172 -0.991482 -0.0480058 0.121073 462.301 
0.183694 -0.0869327 0.979132 248.086 -0.043457 0.99439 0.0964403 -14.5532 -0.982023 -0.0602656 0.178885 462.682 
0.239733 -0.0803684 0.967507 250.154 -0.046877 0.994447 0.0942217 -14.395 -0.969707 -0.0679419 0.234634 463.185 
0.295103 -0.0773656 0.952328 252.218 -0.0481942 0.994242 0.0957049 -14.2421 -0.954249 -0.0741394 0.289675 463.815 
0.349548 -0.080091 0.933489 254.278 -0.0450013 0.993754 0.102113 -14.0799 -0.935837 -0.0777015 0.343761 464.58 
0.402581 -0.0724454 0.912513 256.291 -0.0412801 0.994412 0.0971594 -13.9136 -0.914453 -0.0767831 0.397341 465.444 
0.451226 -0.070624 0.889611 258.284 -0.0434354 0.993944 0.100938 -13.7505 -0.891352 -0.0841864 0.445426 466.431 
0.496254 -0.0774496 0.864716 260.242 -0.0392348 0.992995 0.111456 -13.5676 -0.867291 -0.0892372 0.489739 467.523 
0.538033 -0.0763426 0.83946 262.167 -0.0381327 0.992666 0.114716 -13.3658 -0.842061 -0.0937317 0.531176 468.728 
0.573971 -0.0738808 0.815536 264.039 -0.0361695 0.992662 0.115383 -13.1569 -0.818077 -0.095724 0.567087 470.009 
0.602618 -0.067123 0.795202 265.866 -0.042457 0.992348 0.115939 -12.9364 -0.796899 -0.103629 0.595158 471.381 
0.625561 -0.0631104 0.777619 267.665 -0.0463134 0.991961 0.117763 -12.7088 -0.778799 -0.109682 0.617609 472.817 
0.645133 -0.0599001 0.761718 269.445 -0.0453998 0.992156 0.116472 -12.4822 -0.76272 -0.109722 0.637353 474.302 
0.662306 -0.055064 0.747208 271.204 -0.0428356 0.992881 0.111137 -12.2644 -0.748008 -0.105614 0.655232 475.84 
0.672888 -0.0550855 0.737691 272.957 -0.0421877 0.992743 0.112613 -12.0664 -0.738541 -0.106897 0.665681 477.416 
0.678866 -0.0568303 0.732059 274.679 -0.0425123 0.992286 0.116455 -11.8647 -0.73303 -0.110179 0.671213 479 
0.683193 -0.0579032 0.727939 276.385 -0.0421938 0.992056 0.118512 -11.6556 -0.729018 -0.111681 0.675322 480.591 
0.687089 -0.0545471 0.724523 278.074 -0.0438596 0.992246 0.116297 -11.4421 -0.725248 -0.111684 0.679369 482.184 
0.689275 -0.0538172 0.722499 279.748 -0.0396231 0.992945 0.111763 -11.2369 -0.723416 -0.105663 0.682279 483.771 
0.688847 -0.0554917 0.722779 281.391 -0.0378981 0.992945 0.112353 -11.0423 -0.723915 -0.104786 0.681885 485.347 
0.683938 -0.0569196 0.727316 283.007 -0.0407318 0.992417 0.115969 -10.8506 -0.728402 -0.10894 0.676434 486.882 
0.674578 -0.0572631 0.73598 284.6 -0.0450702 0.991932 0.118487 -10.6566 -0.736827 -0.1131 0.666554 488.362 
0.661794 -0.0532373 0.747793 286.166 -0.0490533 0.992263 0.114054 -10.4756 -0.748079 -0.112162 0.654062 489.76 
0.63293 -0.0518713 0.772469 288.479 -0.0488318 0.993092 0.106697 -10.227 -0.772668 -0.105253 0.626025 491.7 
0.610647 -0.0536716 0.790082 290 -0.0446633 0.993778 0.102029 -10.0841 -0.790642 -0.0975914 0.604451 492.874 
0.586175 -0.0557678 0.808262 291.497 -0.0373215 0.99471 0.0956989 -9.95721 -0.809324 -0.0862619 0.580994 493.948 
0.544667 -0.0326163 0.838018 293.652 -0.03474 0.997508 0.0614029 -9.81724 -0.837932 -0.0625569 0.542177 495.367 
0.487937 -0.0226563 0.872585 295.756 -0.042515 0.99786 0.0496828 -9.72877 -0.871843 -0.0613399 0.485929 496.606 
0.407443 -0.0351532 0.912554 297.85 -0.0409607 0.99755 0.0567158 -9.66776 -0.912312 -0.0604872 0.405005 497.573 
0.297486 -0.0258773 0.954376 299.973 -0.0265743 0.999021 0.0353712 -9.62531 -0.954356 -0.0358843 0.296507 498.248 
0.176091 -0.0131424 0.984286 302.158 -0.0247127 0.999537 0.0177671 -9.61293 -0.984064 -0.027453 0.175684 498.68 
0.0935791 -0.0243802 0.995313 303.639 -0.0249586 0.999328 0.0268251 -9.61426 -0.995299 -0.0273519 0.0929077 498.806 
0.00556652 -0.0297275 0.999543 305.095 -0.0201538 0.999352 0.0298341 -9.59967 -0.999781 -0.0203106 0.00496379 498.8 
-0.0811859 -0.0278163 0.996311 306.55 -0.0188287 0.999475 0.0263704 -9.57023 -0.996521 -0.0166183 -0.081667 498.688 
-0.158605 -0.0203994 0.987131 307.969 -0.00823106 0.999779 0.0193382 -9.55776 -0.987308 -0.00505799 -0.158738 498.413 
-0.220316 -0.0189242 0.975245 309.375 -0.00414244 0.999821 0.0184652 -9.54153 -0.97542 2.82978e-05 -0.220355 498.059 
-0.266793 -0.0219948 0.963503 310.776 -0.00165851 0.999749 0.022363 -9.5204 -0.963752 0.00436832 -0.266763 497.641 
-0.319964 -0.0209666 0.947198 312.86 0.00533917 0.999699 0.0239323 -9.46989 -0.947415 0.0127147 -0.319756 496.906 
-0.354384 -0.0208757 0.934867 314.243 0.00960199 0.999617 0.0259614 -9.43471 -0.935051 0.0181769 -0.354047 496.345 
-0.394092 -0.0210634 0.918829 315.618 0.00804227 0.99962 0.0263648 -9.40144 -0.919036 0.0177796 -0.393773 495.744 
-0.442205 -0.0204418 0.896681 316.959 0.00463391 0.999675 0.025075 -9.38653 -0.896902 0.0152434 -0.441966 495.064 
-0.498565 -0.0151185 0.866721 318.242 0.00563942 0.99977 0.0206833 -9.36405 -0.866834 0.0151998 -0.498365 494.294 
-0.56281 -0.0186378 0.826376 319.469 0.00524496 0.999645 0.0261177 -9.34471 -0.82657 0.0190336 -0.562512 493.419 
-0.628962 -0.0139254 0.777312 320.615 0.0128268 0.999518 0.028285 -9.32942 -0.77733 0.0277606 -0.62848 492.438 
-0.692553 -0.0112204 0.72128 321.692 0.0129472 0.999525 0.0279803 -9.30504 -0.721251 0.0287164 -0.692078 491.423 
-0.751565 -0.00696473 0.659622 322.621 0.0177821 0.999367 0.0308127 -9.2701 -0.65942 0.0348872 -0.750965 490.286 
-0.803914 -0.00276551 0.594739 323.425 0.0228187 0.999109 0.0354901 -9.23523 -0.594307 0.0421021 -0.803135 489.102 
-0.845471 0.00385817 0.534007 324.128 0.0256467 0.999113 0.0333868 -9.21453 -0.533405 0.0419231 -0.844821 487.907 
-0.877342 0.0129595 0.479691 324.784 0.0303807 0.99913 0.0285726 -9.20212 -0.478903 0.0396412 -0.876972 486.704 
-0.903416 0.0158462 0.428473 325.381 0.0317752 0.999043 0.030049 -9.20397 -0.427587 0.0407616 -0.903055 485.451 
-0.926287 0.0209865 0.376233 325.902 0.0363732 0.998765 0.0338391 -9.19625 -0.375059 0.0450296 -0.925907 484.156 
-0.956321 0.0256682 0.291191 326.541 0.0389101 0.998451 0.0397746 -9.16363 -0.289719 0.0493676 -0.955838 482.161 
-0.973061 0.0317047 0.228359 326.848 0.0405891 0.998587 0.0343137 -9.14835 -0.226948 0.0426581 -0.972972 480.79 
-0.9907 0.0402781 0.129966 327.136 0.046591 0.997859 0.0459029 -9.1094 -0.127839 0.0515313 -0.990455 478.684 
-0.997282 0.0396603 0.0621018 327.218 0.0426998 0.997915 0.0484051 -9.08442 -0.0600525 0.0509252 -0.996895 477.249 
-0.999136 0.0412911 -0.00469264 327.208 0.0410377 0.998136 0.0451645 -9.04131 0.00654879 0.0449329 -0.998969 475.816 
-0.996697 0.0460674 -0.0668825 327.083 0.0430928 0.998045 0.0452575 -8.99858 0.0688367 0.0422259 -0.996734 474.331 
-0.987921 0.0524754 -0.145806 326.761 0.0464792 0.997939 0.044234 -8.92793 0.147826 0.0369227 -0.988324 472.078 
-0.978114 0.0509344 -0.201738 326.286 0.0438313 0.998257 0.0395248 -8.8598 0.2034 0.0298173 -0.978642 469.769 
-0.971826 0.0482837 -0.230699 325.911 0.0401793 0.998403 0.0397025 -8.82954 0.232248 0.0293146 -0.972215 468.195 
-0.963738 0.0499003 -0.262145 325.253 0.0397843 0.99825 0.0437596 -8.78419 0.263869 0.0317435 -0.964036 465.771 
-0.961385 0.0529782 -0.270059 324.771 0.0428073 0.998139 0.0434177 -8.74539 0.271857 0.0301806 -0.961864 464.117 
-0.960152 0.0524738 -0.274509 324.271 0.0440849 0.998355 0.0366449 -8.69247 0.27598 0.023083 -0.960886 462.43 
-0.958569 0.058039 -0.278884 323.503 0.0472164 0.997854 0.0453742 -8.6176 0.280919 0.0303264 -0.959252 459.821 
-0.957566 0.0604806 -0.281798 322.973 0.0501802 0.997787 0.0436339 -8.55289 0.283813 0.0276416 -0.958481 458.042 
-0.956747 0.0569918 -0.285285 322.428 0.0469871 0.998021 0.0417977 -8.47669 0.287103 0.0265851 -0.957531 456.222 
-0.955733 0.05888 -0.288285 321.867 0.0488312 0.997926 0.0419317 -8.42072 0.290156 0.0259982 -0.956626 454.376 
-0.954576 0.0601642 -0.291831 321.293 0.0500209 0.99786 0.0421022 -8.37273 0.293739 0.0255921 -0.955543 452.496 
-0.953519 0.061792 -0.294929 320.7 0.0511695 0.997738 0.0436075 -8.31766 0.296956 0.0264892 -0.954524 450.59 
-0.952578 0.061175 -0.298081 320.102 0.0501914 0.997753 0.0443719 -8.27599 0.300126 0.0273066 -0.953509 448.673 
-0.95167 0.0598516 -0.301235 319.5 0.0476059 0.99772 0.0478368 -8.23008 0.303411 0.0311843 -0.952349 446.743 
-0.950639 0.058373 -0.304758 318.882 0.0476176 0.997956 0.0426126 -8.17118 0.306623 0.0259974 -0.951476 444.813 
-0.949934 0.0610807 -0.306422 318.246 0.048959 0.99769 0.047098 -8.11639 0.308591 0.0297379 -0.95073 442.87 
-0.950972 0.0591783 -0.303563 317.625 0.0473003 0.997805 0.0463403 -8.07137 0.305639 0.0297097 -0.951684 440.932 
-0.953269 0.0513665 -0.297723 317.026 0.0403513 0.998259 0.0430313 -8.0298 0.299414 0.0290069 -0.953682 438.983 
-0.956164 0.0457999 -0.289228 316.441 0.0364641 0.998628 0.0375876 -7.98824 0.290553 0.0253934 -0.956522 437.029 
-0.959636 0.037914 -0.278679 315.881 0.0309822 0.999092 0.0292378 -7.9697 0.279534 0.0194236 -0.959939 435.073 
-0.96596 0.02429 -0.257548 315.106 0.0169988 0.99939 0.0304991 -7.96797 0.258132 0.0250829 -0.965784 432.12 
-0.971706 0.0247946 -0.234889 314.634 0.0165225 0.999174 0.0371205 -7.96875 0.235615 0.0321892 -0.971313 430.139 
-0.978438 0.0275876 -0.204691 314.214 0.0203309 0.999091 0.0374712 -7.9643 0.205539 0.0325017 -0.978109 428.165 
-0.984234 0.0230675 -0.175359 313.851 0.0182025 0.999405 0.0293013 -7.94766 0.175931 0.0256474 -0.984068 426.183 
-0.988698 0.0206046 -0.148498 313.546 0.0165795 0.999462 0.0282925 -7.94233 0.149001 0.0255107 -0.988508 424.189 
-0.992396 0.0236026 -0.120801 313.294 0.0198373 0.999282 0.0322784 -7.94086 0.121476 0.0296366 -0.992152 422.195 
-0.995418 0.0206584 -0.0933616 313.101 0.0177146 0.999323 0.0322505 -7.92953 0.0939646 0.0304489 -0.99511 420.193 
-0.997625 0.0128203 -0.0676802 312.967 0.0102776 0.999233 0.0377848 -7.91651 0.0681127 0.0369995 -0.996991 418.184 
-0.999069 0.00961495 -0.0420559 312.882 0.00801106 0.99924 0.038141 -7.89739 0.0423907 0.0377686 -0.998387 416.18 
-0.999837 0.00832226 -0.0160506 312.851 0.00769873 0.999228 0.0385259 -7.86419 0.0163588 0.038396 -0.999129 414.174 
-0.999937 0.00612512 0.00941991 312.873 0.0065349 0.999005 0.0441042 -7.80964 -0.0091404 0.044163 -0.998982 412.156 
-0.999371 0.00810722 0.0345197 312.938 0.00965693 0.998942 0.0449659 -7.77085 -0.0341186 0.0452709 -0.998392 410.161 
-0.998234 0.009877 0.0585714 313.048 0.0122262 0.999129 0.0398871 -7.72747 -0.0581264 0.0405328 -0.997486 408.161 
-0.996565 0.00858996 0.0823649 313.204 0.0117607 0.999205 0.0380886 -7.68043 -0.0819723 0.0389265 -0.995874 406.159 
-0.994663 0.00659042 0.102968 313.406 0.0103509 0.999297 0.0360289 -7.63629 -0.102658 0.0369024 -0.994032 404.159 
-0.992514 0.00525076 0.122019 313.646 0.00929059 0.999426 0.0325628 -7.60323 -0.121778 0.0334527 -0.991993 402.17 
-0.990164 0.00338812 0.139873 313.924 0.00806729 0.999426 0.0328995 -7.57829 -0.139681 0.0337043 -0.989623 400.189 
-0.987685 -0.00128099 0.156451 314.242 0.00474353 0.999262 0.0381279 -7.55641 -0.156385 0.0384005 -0.98695 398.228 
-0.984907 -0.00208964 0.17307 314.583 0.00440624 0.9993 0.0371406 -7.53343 -0.173026 0.0373426 -0.984209 396.281 
-0.982174 -0.00687455 0.187849 314.957 0.000531135 0.999225 0.0393449 -7.50906 -0.187974 0.0387432 -0.98141 394.351 
-0.979392 -0.00930626 0.201752 315.357 -0.000935856 0.999136 0.0415443 -7.48027 -0.201964 0.0404994 -0.978555 392.439 
-0.976448 -0.0114838 0.215446 315.779 -0.00182837 0.998987 0.0449618 -7.4469 -0.215744 0.043509 -0.97548 390.542 
-0.973357 -0.0110108 0.229032 316.211 -0.0018761 0.999195 0.0400634 -7.39784 -0.229289 0.0385663 -0.972594 388.683 
-0.970111 -0.0110666 0.242408 316.649 -0.00280674 0.999404 0.0343929 -7.3478 -0.242644 0.0326846 -0.969565 386.861 
-0.966533 -0.00971696 0.256358 317.106 -0.00187393 0.999523 0.0308206 -7.31197 -0.256535 0.0293087 -0.96609 385.095 
-0.962424 -0.00598589 0.271485 317.575 8.3163e-05 0.99975 0.022338 -7.30338 -0.271551 0.0215212 -0.962183 383.412 
-0.958651 -0.00388969 0.284556 318.049 -0.0033247 0.999991 0.00246847 -7.3157 -0.284564 0.00142034 -0.958656 381.841 
-0.955718 -0.00509842 0.294239 318.502 -0.00930089 0.999874 -0.0128849 -7.32689 -0.294136 -0.0150511 -0.955645 380.353 
-0.953807 -0.0019984 0.300414 318.941 -0.0103106 0.999606 -0.0260866 -7.37578 -0.300243 -0.027979 -0.953452 378.965 
-0.953278 0.00247117 0.302083 319.346 -0.00940954 0.999238 -0.0378677 -7.42868 -0.301947 -0.0389409 -0.952529 377.631 
-0.954607 0.00810429 0.297757 319.716 -0.00115037 0.999522 -0.0308929 -7.46904 -0.297865 -0.0298331 -0.954142 376.291 
-0.959567 0.012657 0.281196 320.052 0.00420934 0.999522 -0.0306257 -7.51015 -0.28145 -0.0282037 -0.959162 374.977 
-0.968755 0.0153817 0.247543 320.335 0.00811306 0.999506 -0.0303566 -7.53513 -0.247888 -0.0273997 -0.968401 373.675 
-0.980841 0.0192272 0.193858 320.548 0.0168735 0.999763 -0.0137854 -7.56589 -0.194077 -0.0102502 -0.980933 372.372 
-0.992033 0.0224619 0.123956 320.668 0.022479 0.999746 -0.00126043 -7.59381 -0.123953 0.00153603 -0.992287 371.084 
-0.998791 0.0248905 0.0423925 320.669 0.0252956 0.999639 0.00904652 -7.6041 -0.042152 0.0101079 -0.99906 369.801 
-0.99857 0.0306871 -0.0437682 320.586 0.029968 0.999406 0.0169923 -7.60515 0.0442636 0.0156564 -0.998897 368.565 
-0.990526 0.0269212 -0.134662 320.367 0.0240638 0.99945 0.0228022 -7.58386 0.135202 0.0193457 -0.990629 367.308 
-0.962955 0.0338531 -0.267528 319.812 0.0241251 0.998926 0.0395675 -7.52356 0.26858 0.0316476 -0.962737 365.452 
-0.917054 0.030655 -0.397583 318.978 0.0148239 0.998972 0.0428318 -7.43488 0.398487 0.0333853 -0.916566 363.613 
-0.858126 0.0434675 -0.511596 317.917 0.0223605 0.998628 0.0473415 -7.3397 0.512952 0.0291854 -0.857921 361.899 
-0.817875 0.0490029 -0.573305 317.096 0.0257251 0.998485 0.0486456 -7.28752 0.57482 0.0250377 -0.817897 360.795 
-0.76485 0.0576637 -0.641623 315.688 0.0387515 0.998301 0.0435251 -7.18059 0.643042 0.00842624 -0.765784 359.185 
-0.727395 0.0624298 -0.683373 314.123 0.0458195 0.998049 0.0424061 -7.1037 0.684688 -0.000465876 -0.728836 357.555 
-0.697441 0.0623152 -0.713928 312.411 0.0476066 0.99804 0.0406067 -7.02033 0.715059 -0.00566688 -0.699041 355.89 
-0.686011 0.0652801 -0.724657 311.183 0.05172 0.997823 0.0409262 -6.96997 0.725751 -0.0094034 -0.687894 354.755 
-0.692058 0.0696569 -0.718473 309.268 0.0546325 0.997533 0.0440882 -6.8733 0.719772 -0.00874036 -0.694156 352.955 
-0.696264 0.0640893 -0.714919 307.954 0.0476652 0.997936 0.0430391 -6.79107 0.716202 -0.00411026 -0.697881 351.681 
-0.697993 0.0625634 -0.713367 306.605 0.0458962 0.998036 0.0426224 -6.71158 0.714633 -0.00299071 -0.699494 350.378 
-0.701484 0.0607733 -0.71009 304.523 0.0454935 0.998144 0.0404845 -6.59188 0.711232 -0.00390527 -0.702947 348.355 
-0.703909 0.0588342 -0.707849 303.106 0.0439451 0.998262 0.039272 -6.53092 0.708929 -0.0034626 -0.705271 346.959 
-0.706816 0.0546632 -0.705283 301.671 0.043846 0.998478 0.0334461 -6.48158 0.706038 -0.00728354 -0.708137 345.531 
-0.71023 0.0498876 -0.7022 300.222 0.0425942 0.998704 0.0278713 -6.43475 0.70268 -0.0101147 -0.711434 344.066 
-0.713531 0.0476822 -0.698999 298.768 0.0400179 0.998826 0.0272851 -6.40609 0.69948 -0.00850377 -0.714602 342.576 
-0.71783 0.0514545 -0.694314 297.312 0.0407303 0.998661 0.0318993 -6.38814 0.695026 -0.00538133 -0.718965 341.064 
-0.725174 0.0527931 -0.686539 295.864 0.0398124 0.998603 0.0347372 -6.36572 0.687414 -0.00214228 -0.726263 339.531 
-0.733791 0.0534052 -0.677273 294.43 0.0380166 0.998571 0.0375516 -6.34262 0.678311 0.00180739 -0.734773 337.968 
-0.751925 0.0541957 -0.657017 292.306 0.0424199 0.998527 0.0338185 -6.29816 0.657882 -0.00244161 -0.753117 335.579 
-0.779994 0.05579 -0.623296 290.267 0.048822 0.998407 0.0282696 -6.25742 0.62388 -0.00838041 -0.781475 333.108 
-0.800198 0.0543935 -0.597264 288.992 0.0476495 0.998497 0.0270947 -6.25383 0.59784 -0.00677823 -0.801587 331.405 
-0.818031 0.0491178 -0.573073 287.765 0.0429686 0.998782 0.0242696 -6.24655 0.573567 -0.00477084 -0.819145 329.651 
-0.832701 0.0498696 -0.551472 286.593 0.0386493 0.998742 0.0319574 -6.25344 0.552372 0.00529695 -0.833581 327.861 
-0.847162 0.0497479 -0.529001 285.462 0.0409665 0.998759 0.0283193 -6.25232 0.529753 0.00231972 -0.848149 326.046 
-0.860471 0.0467928 -0.507346 284.368 0.0393206 0.998903 0.0254409 -6.26242 0.50798 0.001942 -0.861367 324.191 
-0.873039 0.0464365 -0.485434 283.306 0.041424 0.99892 0.0210567 -6.26755 0.485888 -0.00172531 -0.87402 322.296 
-0.883162 0.0491359 -0.466487 282.269 0.0444628 0.99879 0.0210264 -6.26045 0.466956 -0.00217161 -0.884278 320.363 
-0.890065 0.0533764 -0.452698 281.254 0.0479344 0.998574 0.0234939 -6.2532 0.453306 -0.000788703 -0.891355 318.389 
-0.893975 0.0523476 -0.445049 280.262 0.0462873 0.998628 0.024483 -6.24511 0.44572 0.00128709 -0.895171 316.387 
-0.895412 0.0495951 -0.442468 279.274 0.0437021 0.998768 0.0235106 -6.23733 0.443089 0.00171495 -0.896476 314.371 
-0.897076 0.0480454 -0.439258 278.276 0.0429181 0.998845 0.0216026 -6.22584 0.439788 0.000527055 -0.898101 312.334 
-0.899849 0.0517269 -0.433123 277.274 0.0460759 0.99866 0.0235413 -6.21028 0.433761 0.00122709 -0.901027 310.278 
-0.902238 0.0592568 -0.427148 276.264 0.0542579 0.998241 0.0238773 -6.19253 0.427812 -0.00163316 -0.903866 308.193 
-0.903767 0.0587192 -0.423978 275.261 0.0568244 0.998237 0.0171228 -6.17259 0.424236 -0.00861729 -0.905511 306.088 
-0.904291 0.0610678 -0.422527 274.25 0.0555701 0.998133 0.0253293 -6.15532 0.423285 -0.000574812 -0.905997 303.95 
-0.903725 0.0713856 -0.42212 273.207 0.0647029 0.997449 0.0301568 -6.1046 0.423196 -5.88926e-05 -0.906038 301.794 
-0.902716 0.0769442 -0.423301 272.15 0.0731728 0.997001 0.0251812 -6.04747 0.423969 -0.00824266 -0.905639 299.627 
-0.901557 0.0774266 -0.425676 271.088 0.0726828 0.996978 0.0274034 -6.01591 0.426511 -0.00623355 -0.904461 297.426 
-0.899588 0.0676785 -0.431464 270.024 0.0612353 0.997707 0.0288247 -5.97398 0.432425 -0.00049048 -0.90167 295.206 
-0.895266 0.0572779 -0.441835 268.928 0.0478704 0.998327 0.0324223 -5.91809 0.442953 0.00787581 -0.89651 292.958 
-0.88913 0.0494436 -0.454976 267.791 0.040989 0.998755 0.0284357 -5.86561 0.455815 0.00663407 -0.89005 290.716 
-0.881497 0.0500465 -0.469531 266.612 0.0405379 0.998717 0.0303457 -5.82199 0.470447 0.00771583 -0.882394 288.477 
-0.868271 0.0642723 -0.491908 264.728 0.0550828 0.997931 0.0331617 -5.73585 0.493022 0.00169768 -0.870015 285.132 
-0.860322 0.06562 -0.505509 263.426 0.0604277 0.997816 0.0266847 -5.69938 0.506156 -0.00758929 -0.862409 282.914 
-0.852222 0.0707503 -0.518375 262.085 0.0606685 0.997494 0.0364022 -5.6505 0.519651 -0.000426256 -0.854378 280.682 
-0.845417 0.0828771 -0.527637 260.702 0.0698262 0.996559 0.0446513 -5.58089 0.529522 0.000906097 -0.848296 278.472 
-0.84221 0.0839335 -0.532575 259.31 0.0769988 0.996407 0.0352678 -5.52496 0.533622 -0.0113048 -0.845647 276.282 
-0.840567 0.077465 -0.53614 257.922 0.0684538 0.996978 0.0367272 -5.48166 0.537365 -0.00582913 -0.84333 274.068 
-0.839471 0.0731307 -0.538461 256.506 0.0625103 0.997321 0.0379958 -5.40596 0.539797 -0.00176294 -0.841793 271.838 
-0.83911 0.0750455 -0.53876 255.063 0.0620763 0.997178 0.0422172 -5.33674 0.540408 0.00198062 -0.841401 269.605 
-0.839264 0.073348 -0.538754 253.623 0.0607893 0.997305 0.0410802 -5.27839 0.540315 0.00172668 -0.841461 267.368 
-0.839257 0.0693117 -0.539298 252.174 0.0556543 0.997583 0.0416019 -5.19878 0.540879 0.00490044 -0.841086 265.097 
-0.836953 0.0714944 -0.542585 250.694 0.0556169 0.997409 0.0456342 -5.10604 0.544442 0.00801676 -0.83876 262.819 
-0.835145 0.0727104 -0.545202 249.194 0.0580274 0.99734 0.0441225 -5.00673 0.54696 0.00521207 -0.837143 260.542 
-0.83407 0.0705781 -0.547125 247.697 0.0552423 0.997483 0.0444587 -4.92363 0.548886 0.00685715 -0.835869 258.254 
-0.834191 0.0715216 -0.546818 246.199 0.0553454 0.997406 0.0460253 -4.84906 0.548692 0.00813001 -0.835985 255.959 
-0.834692 0.073189 -0.545832 244.697 0.0585542 0.997306 0.0441842 -4.78259 0.547596 0.0049194 -0.836729 253.65 
-0.835313 0.0719446 -0.545046 243.193 0.0574044 0.997395 0.043678 -4.73365 0.546769 0.00519677 -0.837268 251.335 
-0.835675 0.0714634 -0.544555 241.668 0.055985 0.997418 0.0449792 -4.66954 0.546364 0.007101 -0.837518 248.995 
-0.835902 0.0716019 -0.544188 240.122 0.0572385 0.99742 0.0433149 -4.60965 0.545886 0.0050585 -0.837844 246.649 
-0.836031 0.0715983 -0.543991 238.557 0.0578631 0.997426 0.0423514 -4.53326 0.545623 0.00393007 -0.838022 244.277 
-0.835942 0.0746865 -0.543713 236.972 0.0602972 0.997198 0.0442739 -4.43461 0.545496 0.00422602 -0.838103 241.887 
-0.835302 0.0776727 -0.544277 235.373 0.0638797 0.996977 0.0442404 -4.31258 0.546068 0.00218581 -0.837738 239.49 
-0.834316 0.0804421 -0.545386 233.763 0.0698891 0.996748 0.0401018 -4.20752 0.546839 -0.00465898 -0.837225 237.091 
-0.832905 0.0797091 -0.547645 232.145 0.0672272 0.996818 0.0428407 -4.09614 0.549317 -0.00113448 -0.835613 234.673 
-0.830177 0.0753208 -0.552388 230.508 0.061302 0.997156 0.0438371 -3.98877 0.554119 0.00253005 -0.832433 232.238 
-0.827364 0.077276 -0.556325 228.838 0.0616624 0.997 0.0467839 -3.87833 0.558271 0.00440297 -0.829647 229.808 
-0.825304 0.0741324 -0.559801 227.177 0.0608625 0.997248 0.0423335 -3.77646 0.561399 0.000867153 -0.827545 227.383 
-0.823767 0.0751962 -0.561919 225.502 0.0612486 0.997167 0.0436515 -3.68378 0.56361 0.00154187 -0.82604 224.954 
-0.822529 0.0807355 -0.562963 223.819 0.0648752 0.996731 0.0481556 -3.59978 0.56501 0.00308703 -0.825078 222.534 
-0.82142 0.0841977 -0.564074 222.131 0.0687969 0.996448 0.0485531 -3.50858 0.566159 0.00107603 -0.824296 220.114 
-0.820727 0.0887335 -0.564388 220.441 0.0720061 0.996054 0.0518899 -3.41336 0.566765 0.00194799 -0.823877 217.69 
-0.820912 0.0895383 -0.563991 218.752 0.0746906 0.995982 0.0494053 -3.32391 0.566149 -0.00156734 -0.824302 215.265 
-0.822267 0.086796 -0.562444 217.082 0.0714015 0.996226 0.0493514 -3.26146 0.564604 0.000420708 -0.825362 212.846 
-0.824042 0.0854078 -0.560054 215.421 0.0687914 0.996341 0.0507242 -3.19264 0.562337 0.00327195 -0.826901 210.425 
-0.826281 0.0842789 -0.556917 213.762 0.066892 0.996428 0.051545 -3.1093 0.559272 0.00533731 -0.828967 207.998 
-0.829106 0.0743418 -0.554126 212.128 0.0607641 0.997231 0.0428713 -3.04341 0.555779 0.0018739 -0.831328 205.571 
-0.832195 0.0706557 -0.549962 210.508 0.0541529 0.997463 0.0462044 -2.97345 0.551832 0.00866902 -0.83391 203.127 
-0.835036 0.0714706 -0.545533 208.894 0.0532234 0.99737 0.0491981 -2.8776 0.547615 0.012047 -0.836644 200.677 
-0.838143 0.0758243 -0.540154 207.297 0.0582324 0.99707 0.0496063 -2.78231 0.542333 0.0101227 -0.840103 198.219 
-0.841944 0.0792699 -0.533709 205.726 0.0620403 0.996811 0.050182 -2.69226 0.535986 0.00913898 -0.844178 195.763 
-0.848251 0.0813525 -0.523309 204.178 0.0651865 0.996656 0.0492749 -2.60998 0.525568 0.00768479 -0.850717 193.291 
-0.855892 0.0749121 -0.511701 202.671 0.0614004 0.997174 0.043284 -2.52567 0.513498 0.00562774 -0.858073 190.802 
-0.863246 0.0716552 -0.499673 201.191 0.0568589 0.997377 0.0447975 -2.46314 0.501572 0.0102604 -0.865055 188.29 
-0.87021 0.0729911 -0.487245 199.74 0.0566149 0.997228 0.0482755 -2.39652 0.489418 0.0144245 -0.87193 185.759 
-0.876537 0.0699819 -0.476219 198.335 0.0575389 0.997514 0.0406808 -2.33214 0.477882 0.00825708 -0.878385 183.227 
-0.881043 0.0718892 -0.467541 196.938 0.058747 0.997361 0.0426505 -2.25971 0.469373 0.0101103 -0.882942 180.671 
-0.883859 0.0767145 -0.46142 195.568 0.0629007 0.996992 0.04527 -2.19234 0.463505 0.0109887 -0.886026 178.119 
-0.886004 0.0761217 -0.457387 194.226 0.0648482 0.99708 0.040324 -2.14047 0.459121 0.00606648 -0.888353 175.567 
-0.888617 0.0737581 -0.452681 192.911 0.0621427 0.997245 0.0405006 -2.09719 0.454422 0.00785868 -0.890752 172.993 
-0.891193 0.0731897 -0.447681 191.624 0.0606218 0.997262 0.0423596 -2.05726 0.449556 0.0106114 -0.893189 170.408 
-0.893664 0.0732761 -0.442714 190.351 0.0613773 0.997265 0.0411667 -2.02058 0.44452 0.00961663 -0.895718 167.825 
-0.89579 0.0775481 -0.43766 189.079 0.0660622 0.996955 0.0414344 -1.97357 0.43954 0.00820379 -0.898185 165.229 
-0.897701 0.0768579 -0.433849 187.815 0.0667914 0.997027 0.038425 -1.91645 0.435513 0.00551681 -0.900166 162.622 
-0.899677 0.0703651 -0.430847 186.577 0.0575096 0.997427 0.0428087 -1.86772 0.432751 0.0137362 -0.901409 159.995 
-0.900876 0.0667409 -0.428916 185.338 0.0529583 0.997627 0.0440034 -1.79345 0.430835 0.016927 -0.902272 157.367 
-0.901509 0.0687334 -0.427266 184.094 0.0547158 0.997487 0.045016 -1.7239 0.429286 0.0172042 -0.903005 154.738 
-0.902243 0.0689114 -0.425685 182.856 0.0566342 0.997534 0.0414478 -1.65846 0.427492 0.0132877 -0.903922 152.111 
-0.90321 0.065804 -0.424125 181.626 0.0542819 0.997756 0.0392064 -1.59946 0.425753 0.0123892 -0.904755 149.482 
-0.904336 0.0644091 -0.421933 180.398 0.0523825 0.997824 0.040048 -1.53841 0.423594 0.014115 -0.905742 146.846 
-0.905861 0.0651479 -0.418534 179.193 0.053337 0.99778 0.0398711 -1.4933 0.420202 0.0137943 -0.907326 144.218 
-0.906957 0.0671855 -0.415831 177.997 0.0561639 0.997671 0.0386957 -1.44829 0.417462 0.0117406 -0.908618 141.581 
-0.907389 0.0695441 -0.414498 176.795 0.0599153 0.997547 0.0362054 -1.4038 0.415998 0.00801766 -0.90933 138.933 
-0.906182 0.0687221 -0.417267 175.581 0.0589765 0.997602 0.0362213 -1.35629 0.418756 0.00821411 -0.908062 136.282 
-0.902895 0.0653203 -0.424868 174.368 0.0538234 0.997788 0.0390214 -1.33845 0.426477 0.0123643 -0.904414 133.66 
-0.897712 0.0631893 -0.436028 173.137 0.0489833 0.997841 0.0437587 -1.31991 0.437852 0.0179246 -0.898868 131.052 
-0.890462 0.0623443 -0.450767 171.869 0.0456831 0.997814 0.0477608 -1.30164 0.452759 0.0219367 -0.891363 128.47 
-0.881579 0.0565108 -0.468642 170.56 0.0406038 0.998207 0.0439866 -1.26915 0.470288 0.019749 -0.882292 125.923 
-0.871646 0.0522225 -0.487345 169.204 0.034771 0.998391 0.0447948 -1.22526 0.4889 0.0220998 -0.87206 123.404 
-0.860935 0.0539393 -0.505847 167.789 0.0359597 0.998328 0.0452512 -1.14743 0.507442 0.0207682 -0.861435 120.925 
-0.849468 0.0563312 -0.524624 166.313 0.0375919 0.998219 0.0463146 -1.05042 0.526299 0.0196211 -0.850073 118.48 
-0.836371 0.0592696 -0.544951 164.779 0.0411777 0.998122 0.045359 -0.955916 0.546616 0.0154971 -0.83724 116.076 
-0.822361 0.0669291 -0.565015 163.184 0.0476668 0.99767 0.0488019 -0.853053 0.566965 0.0132003 -0.823636 113.699 
-0.808129 0.0732361 -0.584434 161.538 0.0531254 0.997259 0.0515081 -0.731978 0.586604 0.0105769 -0.809805 111.359 
-0.795868 0.0743231 -0.600891 159.843 0.057165 0.997228 0.0476314 -0.621183 0.602765 0.00355841 -0.797911 109.067 
-0.786638 0.0754277 -0.612789 158.119 0.0595847 0.997151 0.0462496 -0.534764 0.614532 -0.000131134 -0.788892 106.814 
-0.778019 0.0829192 -0.622745 156.365 0.0674597 0.996547 0.0484113 -0.452921 0.624609 -0.00434529 -0.780926 104.583 
-0.769802 0.0842912 -0.632693 154.586 0.0711692 0.996396 0.0461539 -0.367982 0.634303 -0.00949891 -0.773026 102.373 
-0.763102 0.0822969 -0.641016 152.774 0.0684495 0.996572 0.0464588 -0.289215 0.642643 -0.00842449 -0.76612 100.171 
-0.757102 0.0848714 -0.647761 150.925 0.0668953 0.996385 0.0523621 -0.197316 0.649863 -0.00368869 -0.760042 97.9833 
-0.752578 0.0804233 -0.653574 149.065 0.063786 0.99675 0.0492032 -0.124271 0.655407 -0.00465968 -0.755262 95.8122 
-0.746005 0.0819872 -0.660874 147.172 0.0606675 0.996633 0.0551586 -0.0487024 0.663171 0.00105501 -0.748467 93.6529 
-0.735462 0.0818394 -0.672606 145.244 0.062445 0.996641 0.052986 0.033542 0.674683 -0.00303169 -0.738102 91.5336 
-0.723823 0.0811798 -0.685194 143.29 0.0639431 0.996673 0.050535 0.106228 0.687016 -0.00723498 -0.726606 89.4389 
-0.717478 0.0832711 -0.691586 141.308 0.0654876 0.996495 0.0520446 0.177119 0.693496 -0.0079494 -0.720417 87.3582 
-0.714015 0.0833459 -0.695152 139.314 0.0624286 0.996513 0.0553552 0.261725 0.697342 -0.00387292 -0.716728 85.2743 
-0.714837 0.08419 -0.694205 137.315 0.0620158 0.996447 0.0569856 0.356784 0.696536 -0.00231625 -0.717518 83.1885 
-0.717935 0.082868 -0.69116 135.31 0.0595376 0.99656 0.0576405 0.45662 0.693559 0.000232142 -0.720399 81.0849 
-0.720394 0.074079 -0.689597 133.306 0.0572098 0.997238 0.0473623 0.565717 0.691201 -0.00533218 -0.722643 78.9673 
-0.721475 0.0760623 -0.68825 131.294 0.0600822 0.997076 0.0472098 0.660568 0.689829 -0.00729089 -0.723936 76.8548 
-0.722112 0.0830479 -0.686773 129.267 0.0658703 0.996511 0.0512432 0.749166 0.688633 -0.0082346 -0.725063 74.7374 
-0.721754 0.0809867 -0.687396 127.25 0.0650523 0.996672 0.049121 0.840489 0.689086 -0.00926342 -0.72462 72.6257 
-0.720701 0.0782897 -0.688811 125.224 0.0623544 0.996896 0.0480652 0.929862 0.690436 -0.00830972 -0.723346 70.5101 
-0.719031 0.079846 -0.690376 123.19 0.0612046 0.996794 0.0515401 1.0227 0.692277 -0.00519524 -0.721613 68.3876 
-0.716609 0.0796791 -0.692909 121.153 0.0601026 0.996812 0.0524674 1.12007 0.694881 -0.00404703 -0.719114 66.2694 
-0.71241 0.0778366 -0.697434 119.104 0.0594089 0.996951 0.0505796 1.20975 0.699245 -0.00540044 -0.714862 64.1512 
-0.708654 0.0799184 -0.701015 117.037 0.0590541 0.996796 0.053941 1.30269 0.70308 -0.0031723 -0.711103 62.0394 
-0.705329 0.0796904 -0.704387 114.964 0.0567603 0.996819 0.0559385 1.39661 0.706604 -0.000526225 -0.707609 59.9307 
-0.702448 0.0816125 -0.707041 112.861 0.0581036 0.996664 0.0573171 1.50168 0.70936 -0.000819296 -0.704846 57.8172 
-0.700471 0.0812423 -0.709042 110.73 0.0604737 0.996683 0.0544577 1.61951 0.711114 -0.00473239 -0.70306 55.7032 
-0.699585 0.0827571 -0.709741 108.609 0.0592415 0.996568 0.0578079 1.7239 0.71209 -0.0016046 -0.702087 53.5948 
-0.699162 0.078971 -0.710589 106.495 0.0530379 0.996872 0.0586019 1.81809 0.712994 0.00328407 -0.701163 51.4689 
-0.698308 0.0837905 -0.710877 104.355 0.0561607 0.996477 0.0622863 1.92999 0.713591 0.00357173 -0.700553 49.3379 
-0.699618 0.0765545 -0.710404 102.241 0.06054 0.99702 0.0478199 2.03821 0.711947 -0.00955216 -0.702168 47.2502 
-0.700185 0.0766455 -0.709835 100.126 0.0549725 0.997057 0.0534336 2.12695 0.711842 -0.00160797 -0.702338 45.1325 
-0.700712 0.080451 -0.708894 98.0075 0.0592534 0.996751 0.0545499 2.23233 0.71098 -0.00378067 -0.703202 43.0268 
-0.700673 0.0832553 -0.708609 95.8835 0.0637267 0.996502 0.0540672 2.33626 0.710631 -0.00727391 -0.703527 40.9226 
-0.700501 0.0858812 -0.708465 93.7393 0.067809 0.996251 0.0537203 2.45732 0.710422 -0.0104091 -0.703699 38.8038 
-0.701759 0.0863564 -0.707161 91.6168 0.0678374 0.996216 0.0543357 2.56885 0.709177 -0.00984139 -0.704962 36.6882 
-0.703011 0.0829406 -0.706326 89.5179 0.0628999 0.996535 0.0544139 2.66999 0.708392 -0.00617421 -0.705793 34.5759 
-0.704003 0.0819488 -0.705453 87.4158 0.0587378 0.996636 0.057157 2.7936 0.707764 -0.00119804 -0.706448 32.459 
-0.705182 0.0818903 -0.704282 85.3152 0.0602336 0.996636 0.0555733 2.93033 0.706464 -0.00323214 -0.707742 30.3506 
-0.706535 0.0791211 -0.703241 83.2135 0.0592577 0.996855 0.0526201 3.06681 0.705192 -0.00449445 -0.709002 28.242 
-0.707692 0.0772175 -0.702288 81.1235 0.0566864 0.997011 0.0525001 3.18464 0.704243 -0.00265629 -0.709954 26.1294 
-0.708845 0.0769802 -0.701151 79.0382 0.0544905 0.997032 0.054377 3.30078 0.703256 0.000338829 -0.710936 24.014 
-0.709566 0.0759021 -0.700539 76.957 0.0521528 0.997112 0.0552105 3.41736 0.702706 0.00264043 -0.711475 21.8956 
-0.71031 0.0670584 -0.700688 74.8906 0.0447797 0.99774 0.0500928 3.52678 0.702464 0.00420481 -0.711707 19.7748 
-0.710645 0.0708862 -0.699971 72.8158 0.0432545 0.997431 0.057096 3.63591 0.70222 0.0102981 -0.711886 17.6478 
-0.711734 0.0698429 -0.698969 70.7225 0.0469714 0.99755 0.0518488 3.75781 0.700878 0.00407098 -0.71327 15.5333 
-0.711814 0.0682534 -0.699044 68.6304 0.0418552 0.997621 0.0547861 3.87499 0.70112 0.00973887 -0.712977 13.3965 
-0.7124 0.0667375 -0.698593 66.5237 0.0427706 0.997746 0.0517001 4.00121 0.700469 0.00695195 -0.713649 11.2666 
-0.712901 0.0699162 -0.697771 64.4091 0.0472057 0.997545 0.0517242 4.11777 0.699674 0.0039354 -0.714451 9.13901 
-0.714053 0.0703486 -0.696548 62.3143 0.0467132 0.997509 0.0528573 4.23005 0.698531 0.005205 -0.715561 7.00737 
-0.715195 0.0645185 -0.695941 60.2406 0.0412413 0.997891 0.050129 4.3358 0.697708 0.00715045 -0.716347 4.8748 
-0.715786 0.0593063 -0.695796 58.1672 0.0359227 0.998195 0.0481267 4.44165 0.697395 0.00945357 -0.716625 2.73356 
-0.716324 0.0569394 -0.695441 56.0919 0.0335512 0.998323 0.0471792 4.55714 0.696961 0.0104627 -0.717032 0.584754 
-0.717219 0.0540119 -0.694751 54.0289 0.0335269 0.998512 0.0430159 4.65566 0.696041 0.00755898 -0.717962 -1.5557 
-0.717541 0.0527886 -0.694513 51.9874 0.0338601 0.998589 0.040918 4.73028 0.695693 0.00584406 -0.718316 -3.6922 
-0.717866 0.046808 -0.694606 49.9557 0.0303662 0.998893 0.0359302 4.79262 0.695519 0.00470046 -0.718492 -5.82235 
-0.717541 0.0352996 -0.695622 47.9425 0.0205225 0.999353 0.0295434 4.83281 0.696214 0.00692275 -0.717801 -7.95047 
-0.717616 0.0322568 -0.695691 45.9188 0.013691 0.999387 0.0322156 4.86804 0.696304 0.0135937 -0.717618 -10.1029 
-0.719646 0.0342862 -0.693494 43.893 0.0133815 0.999279 0.0355181 4.94461 0.694212 0.0162805 -0.719587 -12.2165 
-0.722998 0.0293771 -0.690226 41.9107 0.0187472 0.999562 0.0229057 4.99097 0.690596 0.00362102 -0.723232 -14.2742 
-0.726685 0.0420049 -0.685685 39.9586 0.0329351 0.999111 0.026301 5.01139 0.68618 -0.00347055 -0.727423 -16.3072 
-0.732304 0.0468338 -0.679366 38.0895 0.0355808 0.998901 0.0305084 5.02334 0.680048 -0.00183095 -0.733165 -18.3174 
-0.736798 0.0426364 -0.674767 36.2957 0.0297122 0.999087 0.0306855 5.02636 0.67546 0.00256024 -0.737392 -20.31 
-0.741292 0.0408644 -0.669938 34.5545 0.0358314 0.999131 0.0212966 5.03795 0.670226 -0.00821782 -0.742112 -22.2504 
-0.744749 0.0393841 -0.666182 32.8668 0.0344794 0.999195 0.0205258 5.03551 0.666454 -0.00768302 -0.745507 -24.1573 
-0.747386 0.0257487 -0.663891 31.2901 0.0196551 0.999668 0.0166447 5.03293 0.6641 -0.000608903 -0.747644 -26.0238 
-0.749392 0.0178199 -0.661887 29.7429 0.00314322 0.999722 0.0233566 5.02522 0.662119 0.0154228 -0.74924 -27.8401 
-0.751095 0.00433468 -0.66018 28.2828 -0.0100987 0.999786 0.0180539 5.00102 0.660117 0.0202272 -0.750891 -29.5528 
-0.748453 -0.013765 -0.663044 26.9279 -0.0339614 0.999268 0.017591 4.96092 0.662317 0.035684 -0.748373 -31.1964 
-0.738614 -0.0248922 -0.673669 25.6359 -0.054345 0.998264 0.022698 4.91141 0.671934 0.0533756 -0.738685 -32.7301 
-0.721447 -0.0401486 -0.691304 24.4065 -0.072457 0.997214 0.0177015 4.8686 0.688668 0.0628606 -0.722347 -34.1191 
-0.696865 -0.0532654 -0.715221 23.2084 -0.0893989 0.995912 0.012935 4.85797 0.711608 0.0729539 -0.698778 -35.3677 
-0.661328 -0.0629842 -0.747448 22.04 -0.103253 0.994626 0.00754337 4.83952 0.742957 0.0821649 -0.664277 -36.4692 
-0.58104 -0.0612361 -0.811568 20.3033 -0.109484 0.993983 0.00338464 4.8217 0.806477 0.0908202 -0.584249 -37.8209 
-0.478098 -0.0595875 -0.876283 18.6249 -0.109197 0.993988 -0.00801404 4.76529 0.871492 0.0918556 -0.481731 -38.8013 
-0.360291 -0.0391385 -0.932019 16.9571 -0.0902446 0.995896 -0.00693504 4.71041 0.928465 0.0816111 -0.362344 -39.442 
-0.204911 -0.00909909 -0.978738 15.2794 -0.0844224 0.996394 0.00841168 4.64593 0.975133 0.0843511 -0.204941 -39.7948 
-0.0300036 0.014917 -0.999439 13.6574 -0.0730275 0.997184 0.0170757 4.5941 0.996879 0.0734988 -0.0288297 -39.8056 
0.142065 0.0225533 -0.9896 12.1373 -0.0752736 0.997092 0.0119179 4.57048 0.986991 0.0727976 0.14335 -39.567 
0.308004 0.0245667 -0.951068 10.7005 -0.0746483 0.997209 0.00158367 4.56219 0.948452 0.0705078 0.308978 -39.0712 
0.463616 0.0253631 -0.885673 9.34677 -0.0763744 0.997014 -0.0114275 4.55886 0.882738 0.0729407 0.464168 -38.3572 
0.560187 0.033076 -0.827705 8.49767 -0.074432 0.99717 -0.0105273 4.55748 0.825015 0.067505 0.561064 -37.7385 
0.687225 0.0445762 -0.725076 7.30894 -0.0747924 0.997153 -0.00958498 4.56279 0.722585 0.0608172 0.688602 -36.6169 
0.791001 0.042784 -0.610317 6.25632 -0.0699231 0.997337 -0.020709 4.59319 0.607806 0.0590561 0.791886 -35.2826 
0.847206 0.0389743 -0.529833 5.6536 -0.0620954 0.997734 -0.0258979 4.58195 0.527624 0.0548411 0.847706 -34.2721 
0.89313 0.0344829 -0.448474 5.12251 -0.0525776 0.998225 -0.0279546 4.56583 0.446715 0.0485468 0.893358 -33.1716 
0.927358 0.0320013 -0.372805 4.66673 -0.0466211 0.998454 -0.0302642 4.54382 0.37126 0.0454464 0.927416 -31.995 
0.959585 0.0217203 -0.280581 4.11807 -0.0342013 0.998628 -0.0396627 4.45093 0.279334 0.047656 0.959011 -30.0874 
0.972119 0.0189369 -0.233723 3.80557 -0.0305128 0.998475 -0.046012 4.36048 0.232495 0.0518606 0.971214 -28.7509 
0.982489 0.0106749 -0.186015 3.42857 -0.0193694 0.9988 -0.044986 4.20151 0.185311 0.0478013 0.981517 -26.637 
0.986037 0.000528603 -0.166528 3.07053 -0.0069709 0.999249 -0.0381039 4.06798 0.166382 0.0387327 0.9853 -24.4287 
0.986737 0.00259048 -0.162304 2.82413 -0.00836618 0.999355 -0.0349124 3.96905 0.162109 0.0358072 0.986123 -22.9119 
0.987168 -0.000892415 -0.15968 2.58965 -0.00489382 0.999346 -0.0358395 3.88571 0.159608 0.0361611 0.986518 -21.3542 
0.987991 -0.00127027 -0.154506 2.23535 -0.0036711 0.999491 -0.0316923 3.74998 0.154467 0.0318789 0.987483 -18.9419 
0.9887 -0.0073967 -0.149723 1.88322 0.00315815 0.999588 -0.0285273 3.63151 0.149872 0.0277321 0.988316 -16.439 
0.989134 -0.0114773 -0.146568 1.65178 0.00818219 0.9997 -0.0230648 3.54818 0.146789 0.0216149 0.988932 -14.7331 
0.989485 -0.0171895 -0.143607 1.43782 0.0141671 0.999657 -0.0220428 3.44671 0.143937 0.0197766 0.989389 -13.0395 
0.989835 -0.0217359 -0.14055 1.22906 0.0194766 0.999658 -0.0174306 3.35758 0.140881 0.0145159 0.98992 -11.3742 
0.989901 -0.0250605 -0.139525 0.914029 0.0241557 0.999675 -0.00817467 3.25586 0.139684 0.0047218 0.990185 -8.93495 
0.989333 -0.0275181 -0.143046 0.69767 0.0261047 0.99959 -0.0117488 3.21394 0.143311 0.00788927 0.989646 -7.35981 
0.988777 -0.0216316 -0.147824 0.432975 0.0193868 0.999674 -0.0166094 3.19234 0.148135 0.0135572 0.988874 -5.83456 
0.98737 -0.017812 -0.15743 0.0417045 0.0177828 0.999841 -0.00159405 3.15025 0.157433 -0.00122562 0.987529 -3.58744 
0.986127 -0.0131641 -0.165471 -0.233814 0.0126548 0.999911 -0.00413146 3.11987 0.165511 0.00198014 0.986206 -2.1481 
0.98317 -0.00958007 -0.182444 -0.6525 0.0110107 0.999916 0.00682988 3.09423 0.182363 -0.00872375 0.983193 -0.0272375 
0.97788 -0.0121251 -0.208814 -1.1288 0.0117509 0.999926 -0.00303256 3.09716 0.208836 0.000511741 0.977951 2.02776 
0.972826 -0.0151276 -0.231042 -1.49252 0.0142515 0.999884 -0.00546067 3.09464 0.231098 0.0020196 0.972928 3.39938 
0.967298 -0.0146364 -0.253221 -1.89071 0.0152808 0.999883 0.000578022 3.07722 0.253183 -0.00442853 0.967408 4.78315 
0.96126 -0.0133903 -0.275316 -2.32685 0.0139854 0.999902 0.000198338 3.07464 0.275287 -0.00404105 0.961354 6.15689 
0.954992 -0.0156186 -0.296219 -2.7753 0.0133221 0.999864 -0.00976944 3.05817 0.296331 0.00538347 0.95507 7.52846 
