0 0.000056 0.003668 100.000000 27.027027
0 0.000060 0.004595 200.000000 27.397261
0 0.000063 0.006682 300.000000 28.301888
1 0.000052 0.003641 100.000000 27.027027
1 0.000061 0.005040 200.000000 27.027027
1 0.000061 0.007237 300.000000 28.301888
2 0.000057 0.003133 100.000000 27.027027
2 0.000062 0.004831 200.000000 27.027027
2 0.000061 0.006907 300.000000 28.301888
3 0.000059 0.002165 100.000000 27.027027
3 0.000060 0.004114 200.000000 27.397261
3 0.000061 0.006232 300.000000 28.301888
4 0.000066 0.002524 100.000000 27.027027
4 0.000066 0.004666 200.000000 27.397261
4 0.000060 0.006826 300.000000 28.301888
5 0.000079 0.003577 100.000000 27.027027
5 0.000065 0.006359 200.000000 27.397261
5 0.000061 0.008201 300.000000 28.571428
6 0.000104 0.004119 100.000000 26.315790
6 0.000069 0.006992 200.000000 27.397261
6 0.000062 0.008797 300.000000 28.571428
7 0.000110 0.003691 100.000000 26.315790
7 0.000069 0.006953 200.000000 27.397261
7 0.000063 0.008886 300.000000 28.571428
8 0.000107 0.003842 100.000000 26.315790
8 0.000075 0.007122 200.000000 27.397261
8 0.000066 0.009045 300.000000 28.571428
9 0.000131 0.003059 100.000000 26.315790
9 0.000076 0.007174 200.000000 27.397261
9 0.000064 0.008935 300.000000 28.571428
10 0.000140 0.002925 100.000000 26.315790
10 0.000071 0.007352 200.000000 27.397261
10 0.000063 0.009019 300.000000 28.571428
11 0.000134 0.002679 100.000000 26.315790
11 0.000069 0.007327 200.000000 27.397261
11 0.000061 0.008740 300.000000 28.846153
12 0.000125 0.003468 100.000000 26.315790
12 0.000071 0.008035 200.000000 27.397261
12 0.000065 0.009464 300.000000 28.846153
13 0.000126 0.002925 100.000000 26.315790
13 0.000068 0.007596 200.000000 27.397261
13 0.000059 0.009075 300.000000 28.846153
14 0.000119 0.003074 100.000000 26.315790
14 0.000071 0.007944 200.000000 27.397261
14 0.000062 0.009622 300.000000 28.846153
15 0.000134 0.003516 100.000000 26.315790
15 0.000068 0.008467 200.000000 27.397261
15 0.000060 0.010079 300.000000 28.846153
16 0.000129 0.002620 100.000000 26.315790
16 0.000071 0.008211 200.000000 27.397261
16 0.000058 0.009956 300.000000 28.846153
17 0.000122 0.002890 100.000000 26.315790
17 0.000068 0.008228 200.000000 27.777779
17 0.000054 0.010134 300.000000 28.846153
18 0.000115 0.002961 100.000000 26.315790
18 0.000072 0.008579 200.000000 27.777779
18 0.000058 0.010501 300.000000 28.846153
19 0.000121 0.002773 100.000000 26.315790
19 0.000066 0.008564 200.000000 27.777779
19 0.000056 0.010119 300.000000 29.126213
20 0.000113 0.002578 100.000000 26.315790
20 0.000065 0.008341 200.000000 27.777779
20 0.000054 0.009732 300.000000 29.126213
21 0.000106 0.002670 100.000000 26.315790
21 0.000066 0.008157 200.000000 27.777779
21 0.000052 0.009478 300.000000 29.126213
22 0.000115 0.002975 100.000000 26.315790
22 0.000061 0.008344 200.000000 27.777779
22 0.000053 0.009454 300.000000 29.126213
23 0.000122 0.002837 100.000000 26.315790
23 0.000068 0.008203 200.000000 27.777779
23 0.000060 0.009445 300.000000 29.126213
24 0.000114 0.002834 100.000000 26.315790
24 0.000067 0.007915 200.000000 27.777779
24 0.000061 0.009006 300.000000 29.126213
25 0.000126 0.003348 100.000000 26.315790
25 0.000064 0.007900 200.000000 27.777779
25 0.000054 0.009055 300.000000 29.126213
26 0.000129 0.003833 100.000000 26.315790
26 0.000058 0.007881 200.000000 27.777779
26 0.000055 0.008746 300.000000 29.126213
27 0.000092 0.002047 100.000000 26.315790
27 0.000060 0.005490 200.000000 27.777779
27 0.000046 0.006492 300.000000 29.126213
28 0.000075 0.001811 100.000000 26.315790
28 0.000060 0.004746 200.000000 27.777779
28 0.000043 0.005637 300.000000 29.411764
29 0.000092 0.002513 100.000000 26.315790
29 0.000059 0.005327 200.000000 27.777779
29 0.000045 0.006209 300.000000 29.411764
30 0.000100 0.002913 100.000000 26.315790
30 0.000061 0.005641 200.000000 28.169014
30 0.000046 0.006711 300.000000 29.411764
31 0.000092 0.001568 100.000000 26.315790
31 0.000060 0.004811 200.000000 28.169014
31 0.000045 0.006370 300.000000 29.411764
32 0.000074 0.002511 100.000000 26.315790
32 0.000060 0.005057 200.000000 28.169014
32 0.000045 0.006570 300.000000 29.411764
33 0.000077 0.002532 100.000000 26.315790
33 0.000066 0.005049 200.000000 28.169014
34 0.000078 0.002415 100.000000 26.315790
34 0.000065 0.004595 200.000000 28.169014
35 0.000066 0.002503 100.000000 26.315790
35 0.000067 0.004260 200.000000 28.169014
36 0.000068 0.003333 100.000000 26.315790
36 0.000065 0.005188 200.000000 28.169014
37 0.000073 0.003427 100.000000 26.315790
37 0.000067 0.005233 200.000000 28.571428
38 0.000070 0.002992 100.000000 26.315790
38 0.000066 0.004496 200.000000 28.571428
39 0.000063 0.002895 100.000000 27.027027
39 0.000062 0.003982 200.000000 28.571428
40 0.000073 0.002951 100.000000 27.027027
40 0.000059 0.003594 200.000000 28.571428
41 0.000077 0.003025 100.000000 27.027027
41 0.000064 0.003412 200.000000 28.571428
42 0.000111 0.002752 100.000000 27.027027
42 0.000070 0.001889 200.000000 28.985508
43 0.000098 0.003239 100.000000 27.027027
43 0.000063 0.002496 200.000000 28.985508
44 0.000108 0.003175 100.000000 27.027027
44 0.000067 0.002561 200.000000 28.985508
45 0.000122 0.003321 100.000000 27.027027
45 0.000067 0.002682 200.000000 28.985508
46 0.000141 0.002096 100.000000 27.027027
46 0.000073 0.000984 200.000000 29.411764
47 0.000124 0.002636 100.000000 27.027027
47 0.000063 0.001509 200.000000 29.411764
48 0.000114 0.002759 100.000000 27.027027
48 0.000061 0.001746 200.000000 29.411764
49 0.000098 0.003226 100.000000 27.027027
49 0.000052 0.002431 200.000000 29.411764
50 0.000099 0.003320 100.000000 27.777779
50 0.000057 0.002749 200.000000 29.411764
51 0.000093 0.003907 100.000000 27.777779
51 0.000047 0.003567 200.000000 29.411764
52 0.000103 0.004104 100.000000 27.777779
52 0.000049 0.003599 200.000000 29.850746
53 0.000099 0.004017 100.000000 27.777779
53 0.000053 0.003591 200.000000 29.850746
54 0.000059 0.004874 100.000000 27.777779
54 0.000039 0.004431 200.000000 29.850746
55 0.000052 0.005262 100.000000 27.777779
55 0.000040 0.004562 200.000000 29.850746
56 0.000072 0.004654 100.000000 27.777779
56 0.000042 0.003635 200.000000 29.850746
57 0.000081 0.004669 100.000000 27.777779
57 0.000043 0.003607 200.000000 29.850746
58 0.000087 0.004869 100.000000 28.571428
58 0.000047 0.003861 200.000000 30.303030
59 0.000083 0.004691 100.000000 28.571428
59 0.000043 0.003438 200.000000 30.303030
60 0.000087 0.003787 100.000000 28.571428
60 0.000049 0.002761 200.000000 30.303030
61 0.000095 0.003700 100.000000 28.571428
61 0.000048 0.002548 200.000000 30.303030
62 0.000099 0.002561 100.000000 28.571428
62 0.000040 0.001633 200.000000 30.303030
63 0.000128 0.002722 100.000000 28.571428
63 0.000040 0.001426 200.000000 30.303030
64 0.000124 0.002759 100.000000 28.571428
64 0.000041 0.001561 200.000000 30.303030
65 0.000120 0.003427 100.000000 28.571428
65 0.000038 0.002285 200.000000 30.769230
66 0.000135 0.002647 100.000000 28.571428
66 0.000039 0.001732 200.000000 30.769230
67 0.000133 0.002723 100.000000 29.411764
67 0.000037 0.001677 200.000000 30.769230
68 0.000112 0.002623 100.000000 29.411764
68 0.000037 0.001464 200.000000 30.769230
69 0.000090 0.002968 100.000000 29.411764
69 0.000033 0.002448 200.000000 30.769230
70 0.000090 0.003001 100.000000 29.411764
71 0.000069 0.002985 100.000000 29.411764
72 0.000078 0.002636 100.000000 29.411764
73 0.000073 0.003126 100.000000 29.411764
74 0.000081 0.002295 100.000000 29.411764
75 0.000063 0.002890 100.000000 29.411764
76 0.000051 0.003329 100.000000 29.411764
77 0.000056 0.004009 100.000000 29.411764
78 0.000052 0.005125 100.000000 30.303030
79 0.000056 0.005133 100.000000 30.303030
80 0.000054 0.005183 100.000000 30.303030
81 0.000057 0.005268 100.000000 30.303030
82 0.000051 0.004867 100.000000 30.303030
83 0.000057 0.005196 100.000000 30.303030
84 0.000053 0.005262 100.000000 30.303030
85 0.000050 0.005958 100.000000 30.303030
86 0.000053 0.006135 100.000000 30.303030
87 0.000042 0.006169 100.000000 30.303030
88 0.000026 0.005904 100.000000 30.303030
89 0.000028 0.005867 100.000000 30.303030
90 0.000032 0.005753 100.000000 30.303030
91 0.000030 0.006382 100.000000 30.303030
92 0.000045 0.006842 100.000000 30.303030
93 0.000046 0.006435 100.000000 31.250000
94 0.000048 0.006741 100.000000 31.250000
95 0.000069 0.006257 100.000000 31.250000
96 0.000052 0.006332 100.000000 31.250000
97 0.000093 0.006431 100.000000 31.250000
98 0.000078 0.006242 100.000000 31.250000
99 0.000090 0.006831 100.000000 31.250000
100 0.000093 0.007223 100.000000 31.250000
101 0.000072 0.006399 100.000000 31.250000
102 0.000070 0.006656 100.000000 31.250000
