-0.000000 0.000000 -0.000000 0.000000
0.007571 7.908780 -0.085444 7.902750
-0.005852 15.930700 -0.074718 15.904800
-0.007369 24.072100 -0.085041 24.054300
0.006827 32.335300 -0.176539 32.326500
0.026224 44.928200 -0.182817 44.854800
0.016809 56.316600 -0.292839 56.212200
-0.002874 64.871900 -0.514191 64.772000
-0.042147 73.339900 -0.652703 73.229200
-0.060720 85.865600 -0.730229 85.867200
-0.212031 98.165500 -0.985522 98.170200
-0.334309 107.565000 -1.132340 107.510000
-0.429590 115.560000 -1.294900 115.484000
-0.456074 123.624000 -1.362110 123.539000
-0.465694 133.110000 -1.258160 132.972000
-0.467442 141.213000 -1.173440 141.077000
-0.488799 150.648000 -1.149050 150.519000
-0.490889 160.079000 -1.087380 159.872000
-0.442444 169.560000 -1.134870 169.262000
-0.340531 177.785000 -1.400300 177.492000
-0.314130 186.099000 -1.348340 185.805000
-0.299864 198.801000 -1.408690 198.500000
-0.353316 213.245000 -1.595090 212.916000
-0.374570 232.542000 -1.870060 232.202000
-0.362986 252.224000 -2.071290 251.909000
-0.324905 266.057000 -2.126230 265.751000
-0.301129 279.945000 -2.320940 279.591000
-0.182827 293.932000 -2.331660 293.646000
-0.100990 308.212000 -2.757230 307.801000
-0.100918 322.814000 -2.940440 322.411000
-0.054350 335.802000 -2.985790 335.382000
-0.035147 345.452000 -3.142590 345.019000
-0.075066 355.038000 -3.228870 354.588000
-0.141995 364.587000 -3.391620 364.124000
-0.237813 374.225000 -3.522930 373.807000
-0.296087 383.841000 -3.638290 383.394000
