1 1.19763e-11 1.70464e-10 5.55111e-17 1.19763e-11 1 3.5625e-10 0 1.70464e-10 3.5625e-10 1 2.22045e-16 
0.999773 0.000619419 -0.0212785 -0.0213179 -0.000625171 1 -0.000263678 -0.00601178 0.0212783 0.000276921 0.999774 0.283383 
0.998436 0.000193874 -0.0559133 -0.070134 -0.000410054 0.999992 -0.0038549 -0.00983627 0.0559122 0.00387179 0.998428 0.627212 
0.995895 -0.000781233 -0.0905148 -0.129396 0.000414811 0.999992 -0.00406695 -0.01084 0.0905173 0.00401271 0.995887 0.91651 
0.991078 -0.00199044 -0.133271 -0.205638 0.00132106 0.999986 -0.00511095 -0.0123286 0.133279 0.00488929 0.991066 1.24797 
0.983322 0.00741149 -0.18172 -0.333514 -0.00900342 0.999928 -0.00793701 -0.0301035 0.181648 0.00944074 0.983318 1.59454 
0.971311 0.0112571 -0.237548 -0.485956 -0.0137875 0.999865 -0.00899358 -0.0408989 0.237414 0.0120107 0.971334 1.96582 
0.954441 0.016607 -0.297936 -0.697633 -0.0199641 0.999767 -0.00822816 -0.0424047 0.29773 0.0138013 0.95455 2.33975 
0.931728 0.0217379 -0.362506 -0.940275 -0.0258538 0.999645 -0.00650608 -0.0491696 0.362235 0.015434 0.931959 2.71458 
0.902768 0.0256068 -0.429365 -1.20638 -0.0311062 0.999499 -0.00579379 -0.0391496 0.429001 0.0185863 0.903113 3.09364 
0.864407 0.0155022 -0.502554 -1.50255 -0.0221625 0.999728 -0.00728174 -0.0251634 0.502304 0.0174322 0.864515 3.46838 
0.811706 0.023101 -0.583609 -1.86984 -0.0282203 0.999602 0.000317387 -0.0345497 0.583383 0.016212 0.812035 3.82686 
0.744957 0.0258929 -0.66661 -2.29771 -0.0318411 0.999488 0.00323927 -0.037654 0.666352 0.0188125 0.7454 4.16083 
0.666091 0.0190073 -0.745628 -2.78669 -0.02235 0.999735 0.005519 -0.0389379 0.745536 0.0129886 0.666339 4.46536 
0.575901 0.0196574 -0.817283 -3.33843 -0.0177767 0.999776 0.0115203 -0.0438042 0.817326 0.00789401 0.576121 4.75133 
0.474664 0.022289 -0.879885 -3.95798 -0.0167698 0.999727 0.0162781 -0.0383624 0.880007 0.00702886 0.474908 4.98079 
0.363963 0.0259155 -0.931053 -4.64177 -0.0126163 0.999658 0.0228932 -0.0346389 0.931328 0.0034142 0.364166 5.20314 
0.257385 0.0315533 -0.965794 -5.4151 -0.00844935 0.999502 0.0304028 -0.0358935 0.966272 0.000335087 0.257524 5.31965 
0.206605 0.0319034 -0.977904 -5.81584 -0.00495296 0.99949 0.0315612 -0.0309845 0.978412 -0.00167717 0.206657 5.37118 
0.15881 0.0328074 -0.986764 -6.23413 -0.00433387 0.999461 0.0325321 -0.0270218 0.9873 -0.000889922 0.158867 5.41367 
0.116699 0.0331086 -0.992615 -6.67067 -0.00631053 0.999449 0.0325946 -0.0121868 0.993147 0.00246016 0.116844 5.42241 
0.0786592 0.0318104 -0.996394 -7.1207 -0.00702854 0.999484 0.0313541 0.000680284 0.996877 0.0045369 0.0788422 5.42714 
0.0443565 0.0291551 -0.99859 -7.58635 -0.00615857 0.999563 0.02891 0.0100417 0.998997 0.00486754 0.0445167 5.41806 
0.0132291 0.0263463 -0.999565 -8.06352 -0.00601476 0.999637 0.0262685 0.0212011 0.999894 0.00566463 0.0133827 5.39482 
-0.0125928 0.024272 -0.999626 -8.55819 -0.00741504 0.999676 0.0243666 0.0300462 0.999893 0.00771911 -0.0124087 5.35736 
-0.0493159 0.0214475 -0.998553 -9.59644 -0.00776438 0.999731 0.0218562 0.0440531 0.998753 0.00883101 -0.0491361 5.27749 
-0.0719877 0.0228467 -0.997144 -10.6984 -0.00809956 0.999691 0.0234898 0.0638407 0.997373 0.0097674 -0.0717805 5.18019 
-0.0827481 0.0251733 -0.996253 -11.8578 -0.0109192 0.999598 0.0261648 0.0776353 0.996511 0.0130434 -0.0824399 5.06278 
-0.0827709 0.0279172 -0.996178 -13.0859 -0.00773328 0.999559 0.0286545 0.101442 0.996539 0.0100755 -0.0825185 4.949 
-0.0802149 0.0303827 -0.996314 -14.3767 -0.00973229 0.999464 0.0312623 0.121242 0.99673 0.0122041 -0.0798762 4.85098 
-0.0775507 0.0274296 -0.996611 -15.7197 -0.011385 0.999532 0.0283959 0.155906 0.996923 0.0135486 -0.0772021 4.74798 
-0.0734154 0.0338485 -0.996727 -17.1306 -0.0132842 0.999302 0.0349145 0.182226 0.997213 0.015804 -0.0729145 4.63121 
-0.0712067 0.035602 -0.996826 -18.6041 -0.0139125 0.99923 0.0366817 0.21085 0.997365 0.0164804 -0.0706566 4.54564 
-0.0684372 0.0316323 -0.997154 -20.1249 -0.0165264 0.999324 0.0328354 0.253708 0.997519 0.0187265 -0.0678682 4.43346 
-0.0671136 0.0340314 -0.997165 -20.9106 -0.0138201 0.999291 0.0350341 0.270452 0.99765 0.0161322 -0.0665956 4.37908 
-0.0648466 0.037523 -0.99719 -22.5025 -0.0117263 0.999195 0.038361 0.310639 0.997826 0.014181 -0.0643544 4.26481 
-0.0642608 0.0261176 -0.997591 -24.1081 -0.00925859 0.999599 0.0267665 0.335341 0.99789 0.0109563 -0.0639932 4.14529 
-0.0651198 0.0223539 -0.997627 -25.7599 -0.00525109 0.999728 0.0227438 0.364366 0.997864 0.0067197 -0.0649847 4.04174 
-0.0657284 0.0367729 -0.99716 -27.4474 -0.00640603 0.999285 0.0372736 0.393657 0.997817 0.00883777 -0.0654458 3.93405 
-0.0663941 0.0422378 -0.996899 -29.1357 -0.0094258 0.999033 0.042956 0.430881 0.997749 0.0122486 -0.0659318 3.80524 
-0.0665505 0.0388055 -0.997028 -29.9761 -0.0109386 0.999155 0.0396185 0.447708 0.997723 0.0135427 -0.0660698 3.74131 
-0.0665917 0.0370896 -0.997091 -31.6519 -0.0131303 0.99919 0.0380446 0.489673 0.997694 0.0156255 -0.0660508 3.60834 
-0.066316 0.0374826 -0.997094 -33.3298 -0.0145201 0.999152 0.0385256 0.52765 0.997693 0.0170328 -0.0657155 3.49036 
-0.0655657 0.0278435 -0.99746 -34.9923 -0.0165996 0.999442 0.0289899 0.562676 0.99771 0.0184581 -0.065067 3.35875 
-0.0647706 0.0285393 -0.997492 -35.8298 -0.0161005 0.999431 0.0296402 0.575938 0.99777 0.0179799 -0.0642742 3.29991 
-0.0643168 0.0308587 -0.997452 -36.6675 -0.0146979 0.999384 0.0318662 0.590933 0.997821 0.01671 -0.0638236 3.24706 
-0.063733 0.0358318 -0.997324 -37.5082 -0.0155623 0.999198 0.0368936 0.601259 0.997846 0.017872 -0.0631243 3.19 
-0.0632876 0.0412465 -0.997143 -38.3498 -0.0140499 0.99901 0.0422155 0.624275 0.997896 0.0166815 -0.0626454 3.13586 
-0.062994 0.0445472 -0.997019 -39.184 -0.0149593 0.998849 0.0455741 0.639714 0.997902 0.0177856 -0.0622551 3.07457 
-0.061833 0.0445155 -0.997093 -40.0163 -0.014835 0.998854 0.045514 0.659205 0.997976 0.0176062 -0.0611018 3.0111 
-0.0609809 0.0357255 -0.997499 -41.6755 -0.0167673 0.999182 0.0368108 0.699064 0.997998 0.0189701 -0.0603319 2.89434 
-0.0612246 0.0308716 -0.997646 -43.3295 -0.024147 0.999183 0.032401 0.738098 0.997832 0.0260739 -0.0604292 2.77164 
-0.063409 0.0252331 -0.997669 -44.9809 -0.0182931 0.999483 0.0264417 0.755412 0.99782 0.019927 -0.0629146 2.68072 
-0.0652796 0.0266721 -0.99751 -46.6252 -0.0149587 0.999504 0.0277044 0.780172 0.997755 0.01673 -0.0648482 2.5522 
-0.0694624 0.0368815 -0.996903 -48.2677 -0.0097105 0.999244 0.0376447 0.796731 0.997537 0.0122953 -0.0690517 2.4509 
-0.0717917 0.0322448 -0.996898 -49.8823 -0.0134802 0.999355 0.033295 0.818868 0.997329 0.0158287 -0.0713107 2.31987 
-0.0741729 0.0268829 -0.996883 -51.477 -0.0223463 0.999341 0.0286119 0.847759 0.996995 0.0243989 -0.0735233 2.18138 
-0.0762769 0.0295555 -0.996649 -53.0645 -0.0233525 0.999233 0.0314194 0.867766 0.996813 0.0256708 -0.0755283 2.04281 
-0.0766156 0.0290576 -0.996637 -53.8508 -0.0263528 0.999167 0.0311572 0.875986 0.996712 0.0286513 -0.0757861 1.96436 
-0.076773 0.0285505 -0.99664 -54.6334 -0.0279087 0.999137 0.0307719 0.885508 0.996658 0.0301774 -0.07591 1.89584 
-0.077723 0.0332685 -0.99642 -56.1927 -0.024952 0.999065 0.0353031 0.911405 0.996663 0.0276065 -0.0768202 1.76349 
-0.0790352 0.0398054 -0.996077 -57.7338 -0.0244378 0.998825 0.0418543 0.934759 0.996572 0.0276499 -0.0779696 1.63834 
-0.0804863 0.0378918 -0.996035 -59.2434 -0.0224748 0.998954 0.0398189 0.967036 0.996502 0.0255906 -0.0795505 1.51504 
-0.0801246 0.0315166 -0.996286 -60.6963 -0.0232959 0.999168 0.0334813 0.988679 0.996513 0.0258921 -0.0793237 1.39093 
-0.0768457 0.0286543 -0.996631 -62.1041 -0.0258183 0.999195 0.0307187 1.00198 0.996709 0.0280919 -0.076044 1.27216 
-0.0662057 0.0304791 -0.99734 -63.4421 -0.0258319 0.999146 0.0322491 1.02909 0.997472 0.0278983 -0.0653619 1.17401 
-0.0495325 0.033205 -0.99822 -64.7255 -0.0264487 0.999053 0.0345451 1.03961 0.998422 0.0281127 -0.0486073 1.08238 
-0.0225189 0.0361941 -0.999091 -65.9452 -0.0320694 0.998804 0.0369065 1.05909 0.999232 0.0328713 -0.0213312 1.04163 
0.0182953 0.0383288 -0.999098 -67.0882 -0.0353062 0.998666 0.0376657 1.07342 0.999209 0.0345852 0.0196241 1.05043 
0.073252 0.0381955 -0.996582 -68.1411 -0.032968 0.998813 0.0358578 1.08536 0.996768 0.0302286 0.0744242 1.13827 
0.14502 0.037815 -0.988706 -69.1008 -0.0315051 0.998939 0.0335853 1.10431 0.988927 0.0262788 0.146058 1.29275 
0.229546 0.0382423 -0.972546 -69.9879 -0.0302105 0.999026 0.0321531 1.11192 0.972829 0.0220005 0.230478 1.54909 
0.32638 0.0321658 -0.944691 -70.8052 -0.0185759 0.999446 0.0276124 1.0981 0.945056 0.00853637 0.326797 1.88967 
0.431292 0.0220921 -0.901942 -71.5813 -0.00914172 0.999756 0.0201165 1.10713 0.902166 -0.000430816 0.431389 2.27488 
0.530344 0.0192812 -0.847563 -72.3114 -0.00595484 0.999801 0.0190183 1.11689 0.847761 -0.00503916 0.530354 2.73896 
0.616141 0.00845172 -0.787591 -72.9294 0.0125409 0.99971 0.0205389 1.11527 0.787536 -0.022532 0.615856 3.35868 
0.697828 -0.00048838 -0.716265 -73.5055 0.0113882 0.999881 0.0104133 1.10528 0.716175 -0.0154237 0.69775 3.98404 
0.737634 -0.00713691 -0.675163 -73.7774 0.00831066 0.999964 -0.00149066 1.10527 0.67515 -0.00451149 0.737667 4.31863 
0.776492 -0.00764263 -0.630081 -74.0386 0.00249766 0.999956 -0.00905103 1.08985 0.630122 0.00545432 0.776477 4.66997 
0.811782 -0.00983793 -0.583877 -74.2705 0.00307373 0.999916 -0.0125744 1.08323 0.583952 0.00841299 0.811744 5.07144 
0.844338 -0.0115029 -0.535688 -74.4922 0.00429645 0.999883 -0.0146987 1.07529 0.535794 0.0101091 0.844288 5.49669 
0.873618 -0.0111462 -0.486485 -74.6959 0.00319681 0.999848 -0.0171674 1.06266 0.486602 0.0134426 0.87352 5.93767 
0.898842 -0.00945951 -0.438171 -74.9038 0.00279839 0.999871 -0.0158453 1.04574 0.438265 0.0130163 0.898752 6.40608 
0.936266 0.00220925 -0.351285 -75.2826 -0.00853607 0.999828 -0.0164629 1.01434 0.351188 0.0184122 0.936124 7.39247 
0.948844 0.00504982 -0.315705 -75.4352 -0.0104038 0.999829 -0.0152757 1.00236 0.315574 0.0177788 0.948734 7.93109 
0.958435 0.00627146 -0.285242 -75.5941 -0.010493 0.999857 -0.0132738 0.984586 0.285118 0.0157151 0.958364 8.48567 
0.965276 0.00451901 -0.261192 -75.7325 -0.00788593 0.999899 -0.011844 0.968298 0.261112 0.0134924 0.965214 9.06346 
0.970544 0.00428235 -0.240884 -75.8557 -0.00685195 0.999928 -0.0098308 0.953062 0.240825 0.0111918 0.970504 9.66135 
0.975094 0.00691352 -0.221685 -76.0163 -0.00877674 0.999934 -0.00742082 0.947771 0.221619 0.00918166 0.97509 10.2692 
0.981176 0.0155918 -0.192484 -76.2915 -0.0167959 0.999848 -0.00462541 0.927016 0.192383 0.0077713 0.981289 11.5385 
0.983781 0.0145064 -0.178784 -76.4176 -0.0156074 0.999867 -0.00475329 0.913432 0.178691 0.00746655 0.983877 12.1974 
0.986204 0.0154153 -0.164815 -76.5379 -0.0165226 0.999849 -0.0053493 0.906472 0.164708 0.00799868 0.98631 12.8724 
0.988504 0.0156969 -0.150377 -76.6387 -0.0165982 0.999851 -0.00474035 0.89459 0.15028 0.00718185 0.988617 13.5664 
0.99049 0.0169485 -0.136539 -76.7274 -0.0176791 0.999835 -0.00413997 0.880908 0.136446 0.00651448 0.990626 14.2777 
0.993433 0.0174497 -0.113075 -76.8946 -0.0189734 0.999743 -0.0124132 0.84878 0.11283 0.0144771 0.993509 15.7267 
0.994504 0.0154216 -0.103558 -76.9708 -0.0174269 0.999677 -0.0184865 0.833331 0.103239 0.0201896 0.994452 16.4691 
0.995963 0.0184966 -0.0878328 -77.1341 -0.0196819 0.999726 -0.0126474 0.799145 0.0875748 0.0143251 0.996055 18.001 
0.996647 0.0226568 -0.0786232 -77.2628 -0.0227558 0.999741 -0.000363675 0.752828 0.0785946 0.00215159 0.996904 19.55 
0.997175 0.021387 -0.0720012 -77.393 -0.0216039 0.999764 -0.00223504 0.724446 0.0719364 0.00378423 0.997402 21.083 
0.99763 0.0175023 -0.0665497 -77.5013 -0.0173821 0.999846 0.00238398 0.697588 0.0665812 -0.00122156 0.99778 22.6252 
0.997999 0.013158 -0.0618419 -77.5919 -0.013173 0.999913 0.000164928 0.671503 0.0618387 0.000650045 0.998086 24.1583 
0.998146 0.0165833 -0.0585615 -77.6926 -0.0174679 0.99974 -0.0146258 0.635404 0.0583038 0.0156216 0.998177 25.6794 
0.998289 0.0183101 -0.0555353 -77.781 -0.0192786 0.99967 -0.0169549 0.591852 0.0552066 0.0179965 0.998313 27.2012 
0.998398 0.0254163 -0.0505572 -77.8839 -0.025833 0.999637 -0.00760577 0.539522 0.0503456 0.00889963 0.998692 28.7196 
0.998681 0.01974 -0.047398 -77.953 -0.020052 0.99978 -0.00611568 0.509606 0.0472669 0.00705804 0.998857 30.2225 
0.998786 0.0185799 -0.0456281 -78 -0.0188802 0.999803 -0.00615902 0.491113 0.0455047 0.007013 0.99894 30.9736 
0.998846 0.0182612 -0.0444265 -78.0418 -0.0186387 0.999793 -0.00809781 0.475561 0.0442694 0.00891651 0.99898 31.7265 
0.998917 0.0173615 -0.0431751 -78.0829 -0.0177855 0.999797 -0.00945634 0.457933 0.0430022 0.010214 0.999023 32.4811 
0.998968 0.0149261 -0.0429085 -78.1159 -0.0153356 0.99984 -0.00922841 0.439487 0.0427638 0.0098769 0.999036 33.245 
0.998948 0.016852 -0.0426387 -78.1451 -0.0172447 0.999812 -0.00885845 0.429337 0.0424814 0.00958442 0.999051 34.0122 
0.998958 0.0181797 -0.041862 -78.1964 -0.0185881 0.999783 -0.00938686 0.408909 0.0416823 0.0101552 0.999079 34.7811 
0.998886 0.0171823 -0.0439396 -78.2265 -0.0175995 0.999803 -0.00912689 0.384738 0.0437741 0.00989005 0.998993 35.5583 
0.99883 0.014785 -0.046053 -78.2633 -0.0151989 0.999847 -0.00864947 0.369803 0.0459181 0.0093393 0.998902 36.3439 
0.998655 0.019717 -0.0479582 -78.3303 -0.0201709 0.999756 -0.00899926 0.350822 0.0477691 0.00995451 0.998809 37.1318 
0.998441 0.0222209 -0.0512123 -78.3754 -0.0227164 0.9997 -0.00911395 0.327363 0.0509944 0.0102631 0.998646 37.928 
0.998279 0.0222533 -0.0542495 -78.4139 -0.0230459 0.999636 -0.0140291 0.302668 0.0539175 0.0152552 0.998429 38.7214 
0.998151 0.0231987 -0.0561829 -78.4812 -0.0242101 0.999556 -0.017389 0.278351 0.0557546 0.018717 0.998269 39.5198 
0.998077 0.0215399 -0.0581191 -78.5432 -0.0226931 0.999557 -0.0192546 0.260219 0.0576786 0.0205365 0.998124 40.3305 
0.997953 0.0217673 -0.0601356 -78.606 -0.0228775 0.999579 -0.0178356 0.23382 0.0597221 0.0191749 0.998031 41.149 
0.99784 0.019572 -0.0627071 -78.6535 -0.0206762 0.999642 -0.0170082 0.204463 0.0623517 0.018268 0.997887 41.98 
0.997725 0.0182249 -0.0649092 -78.7047 -0.0192746 0.999693 -0.0155832 0.183931 0.0646053 0.0167989 0.997769 42.8164 
0.99768 0.0185328 -0.0655144 -78.7735 -0.0193746 0.999737 -0.012236 0.165216 0.0652704 0.0134769 0.997777 43.6606 
0.997636 0.0180538 -0.0663041 -78.8394 -0.018594 0.999799 -0.00754011 0.143953 0.0661546 0.00875514 0.997771 44.5113 
0.997657 0.0178078 -0.0660555 -78.8937 -0.0182078 0.999819 -0.00545956 0.122372 0.0659464 0.00664949 0.997801 45.3665 
0.997828 0.0204873 -0.0626075 -79.0083 -0.0209471 0.999758 -0.00669613 0.0886207 0.0624551 0.00799303 0.998016 47.0889 
0.997967 0.0175449 -0.061264 -79.0597 -0.018119 0.999797 -0.00882798 0.067296 0.0610967 0.00992008 0.998083 47.9535 
0.998138 0.0142584 -0.059313 -79.123 -0.0149092 0.999833 -0.0105447 0.050702 0.0591528 0.0114094 0.998184 48.8221 
0.998273 0.0134631 -0.0571752 -79.1762 -0.0140971 0.999843 -0.0106989 0.0272704 0.0570222 0.0114864 0.998307 49.693 
0.99838 0.0125212 -0.0555093 -79.2239 -0.0129903 0.999883 -0.0080965 0.00535847 0.0554014 0.00880446 0.998425 50.571 
0.998443 0.0088473 -0.0550712 -79.2635 -0.00919307 0.99994 -0.00602855 -0.0126008 0.0550145 0.00652544 0.998464 51.4476 
0.998489 0.00806088 -0.0543583 -79.3085 -0.00838184 0.999949 -0.00567917 -0.0352735 0.0543097 0.00612621 0.998505 52.3203 
0.998528 0.0117643 -0.0529403 -79.4128 -0.0125374 0.999819 -0.0142952 -0.0923172 0.0527626 0.0149379 0.998495 54.0398 
0.998582 0.0146274 -0.0511856 -79.4755 -0.0156438 0.999687 -0.0195138 -0.124087 0.0508841 0.0202868 0.998498 54.8989 
0.998617 0.0189915 -0.0490299 -79.5957 -0.0202693 0.999464 -0.0256958 -0.199159 0.0485157 0.026654 0.998467 56.6069 
0.998652 0.0152585 -0.0496045 -79.6249 -0.0162777 0.999663 -0.0202072 -0.224664 0.0492795 0.0209874 0.998565 57.4596 
0.998607 0.0133656 -0.0510484 -79.6502 -0.0139691 0.999836 -0.0114845 -0.252984 0.0508865 0.0121816 0.99863 58.317 
0.998531 0.0114215 -0.0529729 -79.6841 -0.0116415 0.999925 -0.00384621 -0.281027 0.052925 0.00445725 0.998589 59.1686 
0.998452 0.00763939 -0.0550967 -79.8215 -0.00814503 0.999927 -0.00895866 -0.336027 0.0550242 0.00939355 0.998441 60.8251 
0.998149 0.0100577 -0.0599856 -79.9337 -0.0108409 0.99986 -0.0127453 -0.381746 0.059849 0.013372 0.998118 62.4832 
0.997678 0.0135053 -0.0667516 -80.0581 -0.0148234 0.999704 -0.0192912 -0.437798 0.0664713 0.0202359 0.997583 64.1146 
0.997091 0.0196374 -0.0736484 -80.1871 -0.0214346 0.999489 -0.0236919 -0.497034 0.0731456 0.0252016 0.997003 65.731 
0.996354 0.0257618 -0.0813332 -80.338 -0.0271378 0.999506 -0.0158575 -0.555067 0.0808845 0.0180069 0.996561 67.3524 
0.995979 0.0249479 -0.0860455 -80.4121 -0.0258929 0.999616 -0.00988397 -0.584516 0.0857659 0.0120722 0.996242 68.1578 
0.995485 0.0234678 -0.0919766 -80.4726 -0.0241766 0.999686 -0.00660035 -0.604184 0.0917928 0.00879423 0.995739 68.9567 
0.994865 0.0222625 -0.0987331 -80.5588 -0.0228856 0.999725 -0.00518251 -0.629776 0.0985905 0.00741547 0.9951 69.7469 
0.994307 0.0201193 -0.104634 -80.6501 -0.0203728 0.999792 -0.00135449 -0.648669 0.104585 0.00347847 0.99451 70.5388 
0.993523 0.0201554 -0.111829 -80.7339 -0.0205242 0.999787 -0.00214744 -0.661874 0.111762 0.00442873 0.993725 71.321 
0.992772 0.024641 -0.117462 -80.8438 -0.0251549 0.999679 -0.00289421 -0.678983 0.117353 0.00582804 0.993073 72.0937 
0.99134 0.0261685 -0.128688 -81.0731 -0.027616 0.999574 -0.00947579 -0.716131 0.128385 0.0129476 0.99164 73.6241 
0.990613 0.0272224 -0.133955 -81.1869 -0.0289157 0.999524 -0.0107111 -0.736958 0.1336 0.014484 0.99093 74.3888 
0.989951 0.0298294 -0.13823 -81.3133 -0.0309254 0.999505 -0.00578735 -0.750792 0.137989 0.010004 0.990383 75.1495 
0.988963 0.0296635 -0.145163 -81.4272 -0.0302672 0.99954 -0.00195154 -0.762489 0.145038 0.00632368 0.989406 75.9108 
0.987071 0.0269103 -0.158006 -81.6785 -0.0277972 0.999608 -0.00340494 -0.804934 0.157852 0.00775304 0.987432 77.4075 
0.984103 0.02172 -0.176268 -81.9421 -0.024311 0.999626 -0.0125525 -0.838766 0.175929 0.0166382 0.984262 78.8887 
0.98215 0.0222497 -0.18678 -82.0933 -0.0244891 0.999653 -0.0096903 -0.857272 0.1865 0.0140914 0.982354 79.6297 
0.979945 0.0223572 -0.198011 -82.2537 -0.0235341 0.999717 -0.00359205 -0.871242 0.197875 0.00818003 0.980193 80.3683 
0.977633 0.0251495 -0.208811 -82.4332 -0.0248051 0.999683 0.00426841 -0.887877 0.208852 0.00100662 0.977947 81.1046 
0.974458 0.0267725 -0.222968 -82.5418 -0.0258476 0.999641 0.00706585 -0.888105 0.223077 -0.00112218 0.9748 81.845 
0.971336 0.0297212 -0.235844 -82.697 -0.0300193 0.999547 0.0023272 -0.90016 0.235806 0.00481937 0.971788 82.5689 
0.968358 0.0278798 -0.248002 -82.8861 -0.0304011 0.999518 -0.00634186 -0.926556 0.247705 0.0136807 0.968739 83.2745 
0.964983 0.0263567 -0.260985 -83.0924 -0.0302774 0.999481 -0.0110126 -0.941066 0.26056 0.018529 0.96528 83.9861 
0.9615 0.0255195 -0.273617 -83.3006 -0.0285537 0.999567 -0.00711212 -0.934754 0.273317 0.0146511 0.961812 84.709 
0.95851 0.0281716 -0.283663 -83.5575 -0.0293947 0.999568 -5.55652e-05 -0.948398 0.283539 0.00839147 0.958924 85.4227 
0.955588 0.0293522 -0.293242 -83.8152 -0.0293151 0.99956 0.00452223 -0.954483 0.293245 0.00427503 0.956028 86.1332 
0.951761 0.0268966 -0.305659 -84.0567 -0.0274048 0.999621 0.00262917 -0.965974 0.305614 0.00587419 0.952137 86.8408 
0.948333 0.0252085 -0.316272 -84.3191 -0.0271992 0.999628 -0.00188054 -0.974911 0.316107 0.0103857 0.948667 87.5394 
0.94252 0.0161819 -0.333756 -84.8074 -0.0221002 0.999659 -0.0139431 -1.01756 0.333417 0.0205177 0.942556 88.9505 
0.939894 0.0162579 -0.34108 -85.0677 -0.0230456 0.999609 -0.0158579 -1.03838 0.340689 0.0227652 0.9399 89.6563 
0.936868 0.0210477 -0.349048 -85.3408 -0.0283185 0.999475 -0.0157399 -1.06322 0.348534 0.0246307 0.936973 90.3607 
0.933974 0.0216681 -0.356683 -85.6233 -0.0283002 0.99951 -0.0133848 -1.08434 0.356218 0.0225953 0.934129 91.057 
0.930974 0.023486 -0.36433 -85.9138 -0.0278524 0.999589 -0.00673416 -1.09721 0.364022 0.0164168 0.931246 91.7596 
0.925772 0.0347922 -0.376478 -86.514 -0.0341381 0.999382 0.0084111 -1.12686 0.376538 0.00506548 0.926387 93.1652 
0.920823 0.0381942 -0.388107 -87.1308 -0.0423548 0.9991 -0.00216809 -1.14763 0.387675 0.0184346 0.921612 94.5466 
0.917138 0.031777 -0.397301 -87.7395 -0.0390003 0.999188 -0.0101118 -1.17328 0.396657 0.0247688 0.917632 95.9355 
0.912549 0.0401975 -0.406987 -88.3959 -0.044094 0.999027 -0.000195295 -1.21326 0.406584 0.0181239 0.913434 97.3371 
0.90802 0.0351494 -0.41745 -89.0279 -0.0426529 0.999052 -0.00865632 -1.24516 0.41675 0.0256655 0.908659 98.7409 
0.906064 0.034776 -0.421709 -89.3751 -0.0454272 0.998852 -0.0152329 -1.26322 0.420695 0.032959 0.906603 99.4204 
0.90421 0.0362378 -0.425548 -89.7234 -0.0479304 0.998709 -0.0167973 -1.27968 0.42439 0.035585 0.90478 100.103 
0.902821 0.0416277 -0.427996 -90.0851 -0.0519954 0.998568 -0.0125571 -1.303 0.426861 0.0335907 0.903693 100.785 
0.901024 0.0427338 -0.431659 -90.438 -0.0524038 0.99857 -0.0105276 -1.32101 0.430592 0.0321062 0.901975 101.472 
0.898509 0.043842 -0.43676 -90.7689 -0.053576 0.998514 -0.00998638 -1.34045 0.435673 0.0323727 0.899523 102.165 
0.896468 0.0421938 -0.441096 -91.1122 -0.0521244 0.998586 -0.0104143 -1.3654 0.440033 0.032328 0.8974 102.848 
0.892388 0.039241 -0.44956 -91.8115 -0.0490034 0.998748 -0.0100946 -1.41143 0.4486 0.0310382 0.893193 104.201 
0.890173 0.0403868 -0.453828 -92.1634 -0.050072 0.998702 -0.00933906 -1.43195 0.452862 0.0310375 0.89104 104.874 
0.887968 0.0411631 -0.458059 -92.5165 -0.050985 0.998658 -0.00909306 -1.45584 0.45707 0.0314285 0.888875 105.539 
0.886168 0.0389699 -0.461722 -92.882 -0.0507151 0.998628 -0.0130505 -1.47953 0.46058 0.0349812 0.886929 106.187 
0.882065 0.0346069 -0.469855 -93.5884 -0.0498127 0.998559 -0.0199659 -1.52779 0.468487 0.041016 0.882518 107.483 
0.880166 0.0362399 -0.473281 -93.943 -0.049761 0.998632 -0.0160742 -1.54869 0.472051 0.0376989 0.880765 108.134 
0.877345 0.0421899 -0.478003 -94.6626 -0.0469396 0.998896 0.00201057 -1.58772 0.477559 0.0206733 0.878356 109.409 
0.875606 0.041077 -0.481277 -94.9995 -0.0430643 0.999048 0.00692034 -1.60626 0.481103 0.0146664 0.876541 110.036 
0.874225 0.0379425 -0.484037 -95.3423 -0.0398246 0.999186 0.00639605 -1.61774 0.483886 0.013685 0.875024 110.641 
0.872766 0.0368672 -0.486744 -95.6843 -0.0405794 0.999172 0.00291809 -1.62962 0.486449 0.017205 0.87354 111.224 
0.872062 0.0365527 -0.488029 -96.0431 -0.0418409 0.999124 6.73261e-05 -1.6399 0.487604 0.0203609 0.872827 111.778 
0.870413 0.0339558 -0.49115 -96.3546 -0.0394829 0.99922 -0.000889897 -1.65552 0.490736 0.0201666 0.871075 112.344 
0.868318 0.0334148 -0.494881 -96.9851 -0.0384846 0.999259 -5.43126e-05 -1.68555 0.494513 0.0190925 0.868961 113.407 
0.865556 0.0317127 -0.499807 -97.5521 -0.0352076 0.999377 0.00243849 -1.71993 0.499573 0.0154864 0.866133 114.412 
0.863283 0.0296262 -0.50385 -98.0948 -0.032865 0.999457 0.0024578 -1.7563 0.503649 0.0144372 0.863788 115.316 
0.861264 0.0283146 -0.507368 -98.6156 -0.0350825 0.999377 -0.00378095 -1.80242 0.506945 0.0210561 0.861721 116.127 
0.856392 0.0196711 -0.515951 -99.058 -0.0262923 0.999639 -0.00552866 -1.81823 0.515656 0.0183003 0.8566 116.895 
0.849275 0.024466 -0.527384 -99.4907 -0.0299933 0.999548 -0.00192954 -1.8357 0.527098 0.0174567 0.849625 117.583 
0.842323 0.0353457 -0.537813 -99.9126 -0.035641 0.999316 0.00985517 -1.85014 0.537793 0.0108669 0.843007 118.189 
0.831738 0.034113 -0.55412 -100.261 -0.0300866 0.999413 0.0163662 -1.87482 0.554353 0.00305914 0.832276 118.752 
0.809162 0.0322737 -0.586699 -100.807 -0.025052 0.999477 0.020429 -1.88747 0.587051 -0.00183237 0.809548 119.41 
0.785597 0.033399 -0.617836 -101.156 -0.0279664 0.999438 0.0184675 -1.89557 0.618106 0.00277065 0.78609 119.761 
0.742212 0.0286917 -0.669551 -101.625 -0.0331646 0.999432 0.00606412 -1.90284 0.669344 0.0177046 0.742741 120.222 
0.708147 0.0356938 -0.705163 -101.932 -0.0430617 0.999046 0.00732559 -1.92832 0.704751 0.0251779 0.709008 120.522 
0.671365 0.0326797 -0.740406 -102.277 -0.0361954 0.999281 0.0112855 -1.91866 0.740243 0.0192226 0.672065 120.791 
0.627802 0.0391348 -0.777388 -102.649 -0.0399681 0.999039 0.0180156 -1.90734 0.777346 0.0197605 0.628763 121.009 
0.577084 0.0462937 -0.815371 -103.003 -0.042592 0.998739 0.0265599 -1.91096 0.815573 0.019401 0.578329 121.252 
0.528724 0.0539838 -0.847076 -103.411 -0.0500275 0.998222 0.0323904 -1.89622 0.847318 0.0252515 0.530484 121.378 
0.473126 0.0567172 -0.879167 -103.821 -0.050146 0.998041 0.0373999 -1.89512 0.879567 0.0263919 0.475043 121.527 
0.406525 0.0500841 -0.912266 -104.262 -0.0479515 0.99829 0.0334387 -1.89761 0.91238 0.0301509 0.408232 121.701 
0.329905 0.0465177 -0.942867 -104.802 -0.0450354 0.998424 0.033501 -1.86776 0.942939 0.0314102 0.33148 121.79 
0.286692 0.044928 -0.956969 -105.101 -0.0434101 0.998483 0.0338721 -1.85742 0.957039 0.0318312 0.288207 121.845 
0.1938 0.0402763 -0.980214 -105.734 -0.0399395 0.998652 0.0331374 -1.82757 0.980228 0.0327272 0.195148 121.879 
0.145589 0.0400631 -0.988534 -106.083 -0.0390038 0.998635 0.0347281 -1.81454 0.988576 0.0335006 0.146953 121.873 
0.0417142 0.0443351 -0.998145 -106.793 -0.0320272 0.998561 0.0430151 -1.79439 0.998616 0.0301735 0.0430741 121.843 
-0.066823 0.047418 -0.996637 -107.553 -0.0218911 0.99856 0.0489773 -1.75452 0.997525 0.0250903 -0.0656887 121.769 
-0.171158 0.0517873 -0.983882 -108.358 -0.0126349 0.99842 0.0547506 -1.73444 0.985163 0.0218023 -0.170233 121.581 
-0.267439 0.0538791 -0.962067 -109.192 -0.0028586 0.998387 0.0567077 -1.68432 0.963571 0.017916 -0.266854 121.276 
-0.315479 0.0547639 -0.947351 -109.627 0.002698 0.998381 0.0568154 -1.6592 0.948929 0.0153681 -0.315116 121.114 
-0.401838 0.0581396 -0.913863 -110.52 0.0132762 0.998247 0.0576703 -1.61517 0.915615 0.0110415 -0.401905 120.677 
-0.44083 0.0594125 -0.895622 -110.971 0.0179842 0.998191 0.0573646 -1.58534 0.89741 0.00918095 -0.441101 120.409 
-0.475102 0.0599175 -0.877888 -111.442 0.0200914 0.998158 0.0572529 -1.5594 0.879701 0.00956303 -0.475431 120.129 
-0.504126 0.0594217 -0.861583 -111.92 0.0207729 0.998176 0.0566877 -1.53079 0.86338 0.0106802 -0.504441 119.833 
-0.527387 0.0578633 -0.847652 -112.406 0.0197482 0.998244 0.0558563 -1.49943 0.849396 0.0127183 -0.527603 119.506 
-0.54614 0.0568378 -0.835763 -112.899 0.0199845 0.998296 0.054832 -1.47039 0.837455 0.0132437 -0.546345 119.169 
-0.559635 0.0563284 -0.826823 -113.394 0.0191019 0.998299 0.0550813 -1.44314 0.828519 0.0150316 -0.559759 118.793 
-0.570888 0.0575973 -0.819005 -113.912 0.0207905 0.998231 0.0557095 -1.41751 0.820765 0.0147764 -0.571075 118.419 
-0.580842 0.0589037 -0.811882 -114.442 0.0222305 0.998154 0.0565139 -1.38932 0.813713 0.0147771 -0.581079 118.03 
-0.589169 0.060338 -0.805753 -114.986 0.0239171 0.998073 0.0572515 -1.35911 0.807655 0.0144596 -0.589477 117.629 
-0.59535 0.0602847 -0.801202 -115.538 0.0227849 0.998047 0.0581651 -1.33016 0.803143 0.0163733 -0.595561 117.213 
-0.601033 0.0601757 -0.796956 -116.097 0.0223531 0.998037 0.0585009 -1.29612 0.798912 0.0173465 -0.601198 116.782 
-0.605598 0.0605473 -0.793464 -116.668 0.0226225 0.998008 0.0588893 -1.26332 0.795449 0.0177132 -0.605762 116.34 
-0.608635 0.061562 -0.791059 -117.237 0.0238622 0.997955 0.0593037 -1.2275 0.793092 0.0172179 -0.608859 115.869 
-0.611228 0.0622564 -0.789002 -117.835 0.0246103 0.997914 0.0596754 -1.19163 0.791072 0.0170577 -0.611485 115.414 
-0.611626 0.0630552 -0.788631 -118.437 0.0256849 0.997876 0.0598654 -1.15816 0.79073 0.0163593 -0.611946 114.93 
-0.61166 0.0622185 -0.78867 -119.05 0.0247021 0.997919 0.0595682 -1.12646 0.790735 0.0169537 -0.611924 114.439 
-0.611809 0.0619636 -0.788574 -119.67 0.0257035 0.997958 0.0584744 -1.08346 0.790587 0.015506 -0.612153 113.934 
-0.61253 0.0609304 -0.788095 -120.321 0.0252765 0.998025 0.0575152 -1.0404 0.790043 0.0153095 -0.61286 113.438 
-0.61282 0.0607561 -0.787884 -120.974 0.0236387 0.998003 0.0585728 -1.00075 0.789869 0.01727 -0.613032 112.918 
-0.613415 0.0610902 -0.787394 -121.632 0.0210544 0.997914 0.0610211 -0.960923 0.78948 0.0208532 -0.613422 112.391 
-0.614556 0.0622944 -0.78641 -122.312 0.020466 0.997801 0.0630459 -0.919333 0.788608 0.0226505 -0.614479 111.863 
-0.615148 0.0620979 -0.785962 -122.991 0.0199607 0.9978 0.0632124 -0.883567 0.788159 0.0231966 -0.615035 111.324 
-0.616117 0.0608864 -0.785298 -123.683 0.020829 0.997919 0.0610298 -0.839212 0.787379 0.0212445 -0.616103 110.78 
-0.617101 0.0619616 -0.784441 -124.393 0.0241714 0.997917 0.0598087 -0.795935 0.786513 0.017947 -0.617313 110.237 
-0.617585 0.0630054 -0.783977 -125.102 0.0261383 0.99788 0.0596053 -0.752777 0.78607 0.0163195 -0.617922 109.668 
-0.61905 0.0651127 -0.782648 -125.835 0.0306552 0.997801 0.0587652 -0.708827 0.784753 0.0123863 -0.619684 109.113 
-0.619944 0.0633609 -0.782083 -126.559 0.0307896 0.997931 0.0564415 -0.670216 0.784041 0.0109105 -0.620613 108.529 
-0.620995 0.0602428 -0.781496 -127.294 0.0305291 0.998144 0.0526842 -0.637925 0.78322 0.00885826 -0.621682 107.939 
-0.622016 0.0544295 -0.78111 -128.778 0.0264261 0.998472 0.0485321 -0.562336 0.782558 0.00954602 -0.622504 106.727 
-0.62159 0.0572091 -0.781251 -130.299 0.0250237 0.998271 0.0531912 -0.490522 0.782943 0.0135133 -0.621947 105.485 
-0.621812 0.0622396 -0.780689 -131.825 0.0275694 0.997959 0.0576024 -0.413094 0.782681 0.0142947 -0.622259 104.242 
-0.622171 0.063676 -0.780287 -133.366 0.0283965 0.997866 0.0587895 -0.33315 0.782366 0.0144197 -0.622652 103.006 
-0.622998 0.0633192 -0.779657 -134.905 0.0266497 0.997858 0.0597453 -0.24336 0.78177 0.0164435 -0.623351 101.768 
-0.624048 0.064726 -0.778701 -135.689 0.0276424 0.997768 0.0607824 -0.186732 0.780897 0.016406 -0.624444 101.153 
-0.623586 0.0661234 -0.778953 -136.439 0.0274896 0.997655 0.0626818 -0.164398 0.781271 0.0176745 -0.623942 100.505 
-0.62369 0.065015 -0.778963 -137.195 0.0262706 0.997715 0.0622388 -0.130539 0.78123 0.0183538 -0.623973 99.8638 
-0.623961 0.0641642 -0.778817 -137.941 0.025206 0.997757 0.0620078 -0.111239 0.781049 0.0190596 -0.624179 99.2029 
-0.624426 0.0643837 -0.778426 -138.694 0.0256526 0.99775 0.0619463 -0.0908293 0.780663 0.0187122 -0.624672 98.564 
-0.625732 0.0652798 -0.777301 -139.473 0.0272901 0.997714 0.0618219 -0.0399447 0.77956 0.0174713 -0.626083 97.9444 
-0.627914 0.0636503 -0.775675 -140.25 0.0258363 0.997806 0.0609632 0.00931311 0.777854 0.0182391 -0.628181 97.3337 
-0.627744 0.0624436 -0.775911 -141.003 0.0241531 0.99786 0.0607647 0.0420625 0.778045 0.0194041 -0.627909 96.6903 
-0.628647 0.0609341 -0.7753 -141.778 0.023483 0.997958 0.0593927 0.0910875 0.777336 0.0191307 -0.628795 96.0805 
-0.628137 0.0598249 -0.775799 -142.541 0.0219625 0.998006 0.0591778 0.137517 0.777793 0.0201333 -0.628198 95.4445 
-0.628392 0.0580348 -0.775729 -143.307 0.0184007 0.998043 0.0597611 0.171801 0.777679 0.0232794 -0.62823 94.809 
-0.627455 0.0567325 -0.776583 -144.066 0.0162808 0.99808 0.0597594 0.206897 0.778483 0.0248529 -0.627174 94.1729 
-0.626976 0.0557254 -0.777043 -144.838 0.0160989 0.998152 0.0585923 0.248931 0.778872 0.0242264 -0.626715 93.5585 
-0.625769 0.0538687 -0.778146 -145.6 0.0147454 0.998251 0.0572479 0.284339 0.779869 0.02435 -0.625469 92.9329 
-0.624323 0.0546835 -0.77925 -146.369 0.0155837 0.99822 0.0575643 0.326472 0.781011 0.0237951 -0.624064 92.3111 
-0.623637 0.0564379 -0.779674 -147.146 0.0166155 0.998122 0.0589603 0.371014 0.781538 0.0238151 -0.623403 91.6934 
-0.623156 0.0624784 -0.779598 -147.931 0.0199614 0.99775 0.0640058 0.415024 0.781843 0.0243237 -0.623001 91.0898 
-0.622282 0.0688637 -0.779758 -148.709 0.02206 0.99727 0.0704682 0.463355 0.782482 0.0266497 -0.622102 90.4704 
-0.621692 0.0706066 -0.780073 -149.476 0.0225126 0.997128 0.072311 0.51058 0.782938 0.0273937 -0.621496 89.8518 
-0.62162 0.0669745 -0.780451 -150.238 0.0225107 0.997454 0.0676672 0.565874 0.782996 0.0244947 -0.621545 89.2359 
-0.62176 0.0630677 -0.780664 -151.002 0.0223212 0.997775 0.0628297 0.616673 0.782889 0.0216396 -0.621784 88.6221 
-0.621096 0.0632098 -0.781181 -151.759 0.0223909 0.997767 0.0629325 0.657103 0.783414 0.0215958 -0.621124 87.995 
-0.621226 0.0659537 -0.780851 -152.524 0.0226062 0.997546 0.0662716 0.70025 0.783305 0.0235176 -0.621192 87.3726 
-0.621163 0.0670912 -0.780804 -153.286 0.0224942 0.997445 0.0678111 0.741531 0.783359 0.0245582 -0.621085 86.7553 
-0.621469 0.0662407 -0.780634 -154.041 0.0229437 0.997531 0.0663798 0.782733 0.783103 0.0233423 -0.621454 86.1384 
-0.622132 0.0654732 -0.78017 -154.797 0.0235755 0.997612 0.0649214 0.825955 0.782557 0.0219968 -0.62219 85.5243 
-0.622975 0.0695799 -0.779141 -156.301 0.0232966 0.997245 0.0704302 0.918669 0.781894 0.025725 -0.62288 84.2866 
-0.623742 0.0740674 -0.778113 -157.809 0.0258019 0.996909 0.0742112 1.01391 0.781204 0.0262119 -0.623725 83.0717 
-0.624469 0.0727894 -0.77765 -159.293 0.0275865 0.997082 0.0711762 1.11027 0.780562 0.0229947 -0.624655 81.8674 
-0.624169 0.0686887 -0.778264 -160.774 0.0231092 0.997315 0.0694882 1.20734 0.780948 0.0253873 -0.62408 80.6782 
-0.62337 0.0663626 -0.779106 -162.249 0.0196787 0.997408 0.069212 1.30013 0.781679 0.0278129 -0.62306 79.4897 
-0.62197 0.0662413 -0.780234 -163.711 0.018769 0.99739 0.0697159 1.39618 0.782816 0.028717 -0.62159 78.3072 
-0.621133 0.0641911 -0.781072 -165.174 0.0182527 0.997555 0.0674672 1.48226 0.783493 0.0276494 -0.620786 77.1405 
-0.619467 0.0670456 -0.782154 -166.631 0.021031 0.997406 0.0688403 1.57824 0.784741 0.0261948 -0.61927 75.981 
-0.619735 0.0664333 -0.781994 -168.091 0.0229525 0.997519 0.0665529 1.66599 0.784475 0.0232964 -0.619722 74.8495 
-0.619152 0.0631054 -0.782731 -169.534 0.0255391 0.997857 0.0602474 1.76158 0.784855 0.0173121 -0.619437 73.7388 
-0.618093 0.0626853 -0.783602 -170.929 0.0217137 0.997797 0.0626927 1.83032 0.785805 0.021735 -0.618092 72.6183 
-0.618297 0.0619757 -0.783497 -172.3 0.0216676 0.997851 0.0618324 1.90347 0.785646 0.0212543 -0.618312 71.5373 
-0.6182 0.061843 -0.783585 -173.62 0.0214613 0.997856 0.0618224 1.97188 0.785728 0.0214019 -0.618202 70.4756 
-0.617976 0.060965 -0.783829 -174.896 0.0198426 0.997881 0.0619696 2.03623 0.785946 0.0227425 -0.617876 69.4396 
-0.618402 0.0636326 -0.783282 -176.157 0.0204135 0.997681 0.0649336 2.10194 0.785597 0.0241656 -0.618266 68.449 
-0.61838 0.0667976 -0.783035 -177.382 0.0205661 0.997415 0.0688441 2.17783 0.78561 0.0264679 -0.618156 67.4818 
-0.619614 0.0705472 -0.78173 -178.569 0.0241752 0.997195 0.0708302 2.25429 0.784534 0.0249889 -0.619582 66.5662 
-0.620606 0.0705524 -0.780942 -179.684 0.0237344 0.997178 0.0712263 2.32266 0.783764 0.0256682 -0.620529 65.6557 
-0.623852 0.0715673 -0.778259 -180.759 0.027526 0.997193 0.0696353 2.38851 0.781057 0.0220198 -0.624071 64.7999 
-0.640298 0.0749808 -0.764458 -182.281 0.0361846 0.997064 0.067488 2.47629 0.767274 0.0155508 -0.641131 63.535 
-0.671997 0.0807953 -0.736133 -183.68 0.0455629 0.996658 0.0677964 2.56405 0.739151 0.0120186 -0.673432 62.2736 
-0.702438 0.0866009 -0.706457 -184.542 0.0556064 0.996214 0.0668307 2.61129 0.70957 0.00766087 -0.704593 61.4247 
-0.761889 0.0864493 -0.641913 -185.66 0.0560044 0.996134 0.0676821 2.69112 0.645282 0.0156163 -0.763785 60.1067 
-0.805912 0.0831885 -0.586162 -186.259 0.0535128 0.996262 0.0678157 2.73371 0.589612 0.0232863 -0.807351 59.1849 
-0.853028 0.0814597 -0.515468 -186.743 0.0542973 0.996235 0.067581 2.77804 0.519033 0.02966 -0.85424 58.2402 
-0.918394 0.0539059 -0.391978 -187.276 0.0338834 0.997752 0.0578256 2.83132 0.394214 0.0398251 -0.918155 56.8276 
-0.966363 0.0435169 -0.253475 -187.602 0.0318575 0.998245 0.0499246 2.87427 0.255203 0.0401702 -0.966053 55.402 
-0.987067 0.0345167 -0.156547 -187.675 0.0264982 0.998242 0.0530223 2.90483 0.158102 0.0481883 -0.986246 54.4384 
-0.998171 0.0222934 -0.0561843 -187.656 0.0188915 0.997997 0.0603693 2.93482 0.0574176 0.0591975 -0.996594 53.4723 
-0.99841 0.0323041 0.0461887 -187.568 0.0348684 0.997831 0.0558339 2.96839 -0.0442849 0.0573556 -0.997371 52.5475 
-0.988493 0.0360531 0.146908 -187.387 0.0437167 0.997828 0.0492742 2.98288 -0.144813 0.0551296 -0.987922 51.6445 
-0.969258 0.0344116 0.243626 -187.093 0.0457866 0.998102 0.0411811 3.02161 -0.241747 0.05107 -0.968994 50.8008 
-0.940042 0.0425997 0.338387 -186.77 0.0581313 0.997663 0.0358931 3.05184 -0.336067 0.0534119 -0.940322 49.9517 
-0.907915 0.0327917 0.41787 -186.317 0.0540696 0.997768 0.0391798 3.06352 -0.415652 0.058166 -0.907662 49.1184 
-0.875806 0.0336265 0.48149 -185.831 0.0616444 0.997194 0.0424857 3.07962 -0.47871 0.0668904 -0.875421 48.3034 
-0.847944 0.0304004 0.529214 -185.296 0.0620589 0.997182 0.0421525 3.09764 -0.526441 0.0685854 -0.847441 47.5092 
-0.826921 0.0285901 0.56159 -184.724 0.0614357 0.997322 0.0396891 3.12001 -0.558951 0.0673215 -0.826463 46.7078 
-0.81319 0.0256934 0.58143 -184.119 0.0578526 0.997646 0.0368269 3.14165 -0.579115 0.0635845 -0.812762 45.8979 
-0.804089 0.0262158 0.593931 -183.478 0.0563457 0.997891 0.0322368 3.16595 -0.591833 0.0593867 -0.80387 45.075 
-0.797981 0.031828 0.601842 -182.825 0.0630913 0.997529 0.030899 3.18878 -0.599371 0.0626278 -0.798017 44.2061 
-0.794919 0.0276028 0.606087 -182.116 0.0560419 0.998034 0.028049 3.20327 -0.604122 0.056263 -0.794903 43.3243 
-0.793725 0.0260734 0.607718 -181.374 0.0549441 0.99807 0.02894 3.23562 -0.605791 0.0563609 -0.793625 42.3901 
-0.795121 0.0292065 0.605747 -180.596 0.0582702 0.997898 0.0283729 3.2466 -0.603644 0.0578569 -0.795152 41.4081 
-0.795933 0.0304307 0.604619 -179.783 0.0517373 0.998501 0.0178533 3.26533 -0.603169 0.0454914 -0.796315 40.387 
-0.796336 0.0350612 0.603838 -178.955 0.0541833 0.99844 0.013483 3.28159 -0.602423 0.043455 -0.796993 39.2925 
-0.797049 0.0265388 0.603331 -178.079 0.0473576 0.998704 0.018633 3.29422 -0.602055 0.0434237 -0.797273 38.14 
-0.796487 0.0220542 0.604253 -177.165 0.0440674 0.998794 0.0216325 3.30653 -0.603048 0.0438579 -0.796499 36.9357 
-0.796663 0.0191418 0.604121 -176.686 0.042845 0.998773 0.0248538 3.31703 -0.602904 0.0456836 -0.796505 36.3119 
-0.796756 0.0178761 0.604036 -176.206 0.0441523 0.998613 0.0286859 3.33491 -0.602686 0.0495253 -0.79644 35.6702 
-0.7964 0.014511 0.604596 -175.715 0.0414327 0.998672 0.0306076 3.34573 -0.603349 0.049426 -0.795944 35.0198 
-0.796241 0.0126325 0.604847 -175.208 0.0373574 0.998901 0.0283162 3.36067 -0.603825 0.045142 -0.795838 34.3664 
-0.795802 0.0158711 0.605349 -174.692 0.0389347 0.998929 0.0249942 3.37885 -0.604304 0.0434595 -0.795567 33.7097 
-0.795154 0.0177094 0.606149 -174.18 0.0419275 0.998787 0.0258203 3.39767 -0.604956 0.0459455 -0.794932 33.0254 
-0.795956 0.0148188 0.605173 -173.639 0.0426719 0.998587 0.0316722 3.40436 -0.603848 0.0510335 -0.795464 32.3448 
-0.796052 0.0162861 0.605009 -173.109 0.0461397 0.998362 0.0338346 3.4235 -0.603467 0.0548491 -0.7955 31.6459 
-0.795818 0.0176997 0.605277 -172.57 0.0474658 0.99832 0.0332148 3.43602 -0.603672 0.0551628 -0.795322 30.9423 
-0.79596 0.0221344 0.604944 -172.021 0.0498675 0.998332 0.0290855 3.46202 -0.603291 0.053318 -0.795737 30.2343 
-0.795002 0.0288611 0.60592 -171.5 0.0549215 0.99819 0.0245145 3.48048 -0.604116 0.0527671 -0.795148 29.4923 
-0.794841 0.0310348 0.606023 -170.953 0.0555008 0.998223 0.0216736 3.50339 -0.604274 0.0508619 -0.795152 28.7583 
-0.795379 0.0312673 0.605305 -170.388 0.0554874 0.998231 0.021347 3.50573 -0.603567 0.0505658 -0.795707 28.0238 
-0.795925 0.0286296 0.604718 -169.819 0.0540056 0.998256 0.0238207 3.51092 -0.602981 0.0516177 -0.796084 27.279 
-0.79608 0.0258008 0.604641 -169.251 0.0531666 0.99821 0.0274051 3.52221 -0.602851 0.0539634 -0.796026 26.5304 
-0.795795 0.0262679 0.604996 -168.701 0.0553939 0.998028 0.029531 3.54136 -0.603027 0.0570137 -0.795681 25.77 
-0.795289 0.0304898 0.605463 -168.157 0.0618818 0.997601 0.0310462 3.55621 -0.603064 0.0621578 -0.795268 25.0113 
-0.794509 0.0367137 0.606142 -167.615 0.0708686 0.996956 0.0325069 3.56809 -0.603104 0.0687834 -0.794692 24.2559 
-0.79488 0.0371825 0.605626 -167.044 0.0736907 0.996648 0.0355293 3.58703 -0.602275 0.0728705 -0.794956 23.5189 
-0.79408 0.038541 0.60659 -166.502 0.0798708 0.99595 0.0412782 3.6099 -0.602542 0.081227 -0.793943 22.7563 
-0.793744 0.0382139 0.60705 -165.942 0.0835795 0.99541 0.0466226 3.63053 -0.602482 0.0877433 -0.793295 22.0098 
-0.793777 0.040873 0.606834 -165.383 0.0856952 0.995302 0.0450567 3.65116 -0.602141 0.0877678 -0.793551 21.2723 
-0.79396 0.0442636 0.606356 -164.823 0.084048 0.995761 0.0373621 3.66987 -0.602132 0.080627 -0.794315 20.545 
-0.794477 0.0496675 0.60526 -164.267 0.0843901 0.99601 0.0290399 3.68348 -0.601403 0.0741495 -0.795498 19.8235 
-0.795444 0.0506758 0.603905 -163.696 0.0833617 0.996175 0.0262086 3.69587 -0.600267 0.07119 -0.796625 19.0995 
-0.795772 0.0493612 0.603581 -163.158 0.0836287 0.996081 0.0287976 3.70271 -0.599794 0.073393 -0.796781 18.3588 
-0.795667 0.0489377 0.603754 -162.612 0.0851204 0.995874 0.031456 3.71229 -0.599723 0.0764202 -0.79655 17.6233 
-0.796006 0.0483939 0.603351 -162.058 0.0852973 0.99582 0.0326601 3.72209 -0.599249 0.0774619 -0.796807 16.8897 
-0.798078 0.0460123 0.600795 -161.519 0.0824249 0.996044 0.033208 3.73395 -0.59689 0.076023 -0.798713 16.1746 
-0.802311 0.0433753 0.595328 -160.97 0.0788982 0.996312 0.0337385 3.75185 -0.591669 0.0740391 -0.802774 15.4573 
-0.807353 0.041789 0.588587 -160.451 0.0770111 0.99642 0.03489 3.75846 -0.585022 0.0734963 -0.807681 14.7212 
-0.814444 0.0427226 0.578667 -159.917 0.0772036 0.996397 0.0350967 3.76108 -0.575082 0.0732595 -0.814809 14.0077 
-0.822707 0.0434827 0.5668 -159.426 0.0782487 0.996241 0.0371498 3.77475 -0.563054 0.0749148 -0.823017 13.2685 
-0.832306 0.045459 0.552449 -158.944 0.0816614 0.995813 0.0410872 3.79264 -0.548268 0.0793109 -0.832533 12.5292 
-0.843334 0.0463171 0.53539 -158.48 0.083481 0.995476 0.0453777 3.81096 -0.530866 0.0829634 -0.843385 11.7779 
-0.856433 0.0475706 0.514062 -158.02 0.0841741 0.995288 0.0481322 3.82794 -0.50935 0.0844927 -0.856401 11.0356 
-0.870713 0.0503695 0.489206 -157.597 0.0856715 0.995067 0.0500285 3.85029 -0.484273 0.0854715 -0.870732 10.2725 
-0.900669 0.0560185 0.43088 -156.811 0.088397 0.994539 0.0554767 3.89877 -0.425419 0.0880547 -0.900702 8.72766 
-0.926044 0.0660074 0.371599 -156.195 0.0906818 0.994659 0.0493017 3.94785 -0.36636 0.0793528 -0.927083 7.14344 
-0.949424 0.069138 0.306292 -155.595 0.084496 0.995731 0.0371528 3.99383 -0.302416 0.0611542 -0.951212 5.55836 
-0.966892 0.0630637 0.247269 -155.145 0.0750924 0.996393 0.0395115 4.03536 -0.243885 0.0567714 -0.968141 3.90967 
-0.977202 0.0686574 0.200906 -154.798 0.0778046 0.996245 0.0379838 4.0789 -0.197543 0.0527492 -0.978874 2.22812 
-0.984414 0.0642447 0.163713 -154.518 0.0728386 0.996234 0.0470366 4.12845 -0.160075 0.0582281 -0.985386 0.501296 
-0.989714 0.0645793 0.127653 -154.277 0.0715079 0.996163 0.050456 4.19253 -0.123905 0.0590652 -0.990535 -1.25604 
-0.993088 0.0671324 0.0962756 -154.064 0.0716956 0.996422 0.0447447 4.24356 -0.0929273 0.0513379 -0.994348 -3.03824 
-0.993693 0.0784344 0.0801374 -153.94 0.0832067 0.99484 0.0580535 4.32348 -0.0751705 0.0643553 -0.995092 -4.89562 
-0.993888 0.0801464 0.0759164 -153.791 0.0852977 0.994084 0.0672334 4.41724 -0.0700788 0.073298 -0.994845 -6.78307 
-0.994961 0.0700987 0.071684 -153.604 0.074484 0.995388 0.0604504 4.51121 -0.0671159 0.0654851 -0.995594 -8.68819 
-0.995941 0.0563225 0.070215 -153.426 0.0604877 0.996443 0.0586772 4.60479 -0.0666604 0.0626862 -0.995805 -10.6533 
-0.996009 0.0528681 0.0719146 -153.271 0.0573969 0.996397 0.0624369 4.69797 -0.0683546 0.0663154 -0.995455 -12.6631 
-0.996058 0.0495572 0.0735678 -153.099 0.0541245 0.996642 0.0614445 4.80141 -0.0702758 0.0651841 -0.995396 -14.7122 
-0.996114 0.0463347 0.0749058 -152.933 0.0506906 0.997067 0.0573349 4.90041 -0.0720295 0.0609091 -0.995541 -16.7836 
-0.996515 0.0406014 0.0728621 -152.751 0.0447708 0.997396 0.0565324 4.99358 -0.0703771 0.0595975 -0.995739 -18.8756 
-0.996735 0.0396383 0.0703402 -152.585 0.043714 0.997395 0.0573822 5.08606 -0.0678824 0.0602697 -0.995871 -20.9818 
-0.996875 0.0389662 0.0687119 -152.487 0.0429573 0.997415 0.0575971 5.12834 -0.0662899 0.0603688 -0.995973 -22.0343 
-0.996951 0.0395534 0.0672598 -152.402 0.043586 0.997271 0.0595838 5.17052 -0.0647196 0.0623337 -0.995955 -23.0902 
-0.99698 0.0395807 0.0668211 -152.341 0.043714 0.997145 0.0615724 5.22142 -0.0641932 0.0643074 -0.995863 -24.147 
-0.997112 0.0379588 0.0657771 -152.265 0.0421348 0.997104 0.0633079 5.2664 -0.0631836 0.0658966 -0.995824 -25.1994 
-0.997165 0.0372163 0.0654014 -152.199 0.0412495 0.997258 0.0614407 5.31756 -0.0629355 0.0639643 -0.995966 -26.246 
-0.997265 0.0363344 0.0643644 -152.127 0.0401396 0.99746 0.0588486 5.36334 -0.0620627 0.0612712 -0.99619 -27.2891 
-0.997353 0.0354799 0.0634668 -152.056 0.0391552 0.99757 0.0576357 5.40587 -0.0612676 0.0599682 -0.996318 -28.3324 
-0.997341 0.0362322 0.0632257 -151.998 0.0398936 0.99754 0.0576434 5.44972 -0.0609816 0.0600125 -0.996333 -29.3738 
-0.99755 0.0341512 0.0610618 -151.919 0.0377241 0.997583 0.0583502 5.49325 -0.0589215 0.0605107 -0.996427 -30.4153 
-0.997715 0.033718 0.0585554 -151.857 0.0372326 0.997503 0.0600052 5.53295 -0.056386 0.0620482 -0.996479 -31.4601 
-0.99789 0.0332915 0.0557429 -151.798 0.0366323 0.997524 0.0600254 5.57247 -0.0536066 0.0619407 -0.996639 -32.4855 
-0.998087 0.0327585 0.0524344 -151.726 0.0358555 0.997599 0.0592559 5.61584 -0.0503674 0.0610226 -0.996865 -33.5143 
-0.998227 0.0323882 0.0499307 -151.688 0.0352846 0.997678 0.0582631 5.64945 -0.0479277 0.0599216 -0.997052 -34.5461 
-0.998419 0.0311371 0.0467888 -151.628 0.0339152 0.997634 0.0598051 5.68787 -0.0448159 0.0612974 -0.997113 -35.5713 
-0.9986 0.0297339 0.0437515 -151.575 0.0323719 0.99762 0.0608755 5.73555 -0.0418373 0.0622065 -0.997186 -36.5909 
-0.998741 0.0288675 0.0410339 -151.531 0.0314008 0.997551 0.062497 5.77339 -0.0391293 0.0637068 -0.997201 -37.6101 
-0.998859 0.0281403 0.0385916 -151.486 0.0305324 0.997555 0.0628655 5.81617 -0.0367282 0.063972 -0.997276 -38.624 
-0.999015 0.0266561 0.0354624 -151.429 0.0288406 0.997623 0.0625854 5.85429 -0.0337099 0.0635466 -0.997409 -39.6331 
-0.999042 0.0279879 0.0336381 -151.38 0.0300387 0.997618 0.0620931 5.89144 -0.0318202 0.063044 -0.997503 -40.6435 
-0.999164 0.0258263 0.03169 -151.337 0.0277486 0.997703 0.0617997 5.93885 -0.0300211 0.0626274 -0.997585 -41.6437 
-0.999229 0.0246406 0.0305684 -151.306 0.0265158 0.99769 0.0625401 5.98248 -0.0289568 0.0633025 -0.997574 -42.6494 
-0.999256 0.0245086 0.0297639 -151.264 0.0262905 0.997789 0.061034 6.02181 -0.0282022 0.0617712 -0.997692 -43.6474 
-0.999209 0.0258396 0.0302175 -151.246 0.0275111 0.998036 0.0562773 6.06615 -0.028704 0.0570641 -0.997958 -44.6406 
-0.999246 0.024746 0.0299096 -151.206 0.026326 0.998213 0.0536408 6.10144 -0.0285287 0.0543877 -0.998112 -45.6305 
-0.999223 0.0255405 0.030026 -151.161 0.027095 0.99825 0.0525557 6.13491 -0.0286311 0.0533284 -0.998166 -46.6195 
-0.999127 0.0282438 0.0307973 -151.125 0.0298551 0.998139 0.0531773 6.17393 -0.029238 0.0540503 -0.99811 -47.6055 
-0.999029 0.0303743 0.0319107 -151.101 0.0320656 0.998031 0.0539006 6.20818 -0.0302107 0.0548715 -0.998036 -48.5901 
-0.998944 0.0321353 0.0328264 -151.067 0.0339062 0.997916 0.0548975 6.24226 -0.0309939 0.0559525 -0.997952 -49.5716 
-0.998886 0.0334843 0.0332444 -150.997 0.035299 0.997829 0.0555902 6.26914 -0.0313108 0.0567018 -0.9979 -50.5446 
-0.998856 0.0334786 0.0341443 -150.96 0.0353706 0.997782 0.0563998 6.30211 -0.0321804 0.057543 -0.997824 -51.5141 
-0.998819 0.0329097 0.0357482 -150.888 0.034861 0.997855 0.0554074 6.37685 -0.0338481 0.0565882 -0.997824 -53.4509 
-0.99862 0.0363858 0.0378834 -150.857 0.0384045 0.997802 0.0539968 6.41229 -0.0358355 0.0553771 -0.997822 -54.4117 
-0.998474 0.0370295 0.0409642 -150.816 0.0391662 0.997845 0.0526491 6.44748 -0.0389264 0.0541732 -0.997773 -55.3702 
-0.998446 0.0348595 0.0434693 -150.76 0.0371047 0.99796 0.0519608 6.4795 -0.0415693 0.053493 -0.997703 -56.3223 
-0.998319 0.0355435 0.0457788 -150.71 0.0378426 0.998013 0.0503738 6.508 -0.0438973 0.0520216 -0.997681 -57.2721 
-0.998277 0.0343067 0.0476 -150.652 0.0366642 0.998097 0.0495707 6.53798 -0.0458089 0.0512305 -0.997636 -58.2146 
-0.9983 0.0324854 0.0483944 -150.602 0.0349018 0.998142 0.0499513 6.56985 -0.0466818 0.0515555 -0.997578 -59.1523 
-0.998317 0.030938 0.049048 -150.555 0.0334866 0.998084 0.0520204 6.59919 -0.0473447 0.0535753 -0.997441 -60.0837 
-0.998369 0.0296779 0.0487732 -150.511 0.0323056 0.998018 0.0540018 6.63098 -0.0470738 0.0554894 -0.997349 -61.0043 
-0.998409 0.0296126 0.0479953 -150.467 0.0322429 0.997966 0.0549904 6.66341 -0.0462692 0.0564504 -0.997333 -61.9186 
-0.998464 0.0291793 0.0470886 -150.425 0.0317732 0.997963 0.0553118 6.69282 -0.0453787 0.056723 -0.997358 -62.8127 
-0.998607 0.0276733 0.0449177 -150.385 0.0301396 0.998021 0.0551905 6.72522 -0.0433015 0.0564674 -0.997465 -63.6944 
-0.998798 0.0273436 0.0406729 -150.317 0.0295784 0.998026 0.0553983 6.7535 -0.0390778 0.0565347 -0.997636 -64.5591 
-0.998986 0.0281119 0.0351554 -150.278 0.0300419 0.997999 0.0556326 6.77701 -0.0335211 0.0566323 -0.997832 -65.4106 
-0.999232 0.0277982 0.0276328 -150.24 0.0293111 0.998004 0.0559429 6.80277 -0.0260225 0.0567099 -0.998052 -66.2408 
-0.999378 0.0291588 0.0198295 -150.242 0.030237 0.997948 0.0564429 6.83342 -0.018143 0.0570073 -0.998209 -67.0523 
-0.999447 0.0310827 0.0118038 -150.228 0.0317185 0.997803 0.0581725 6.8567 -0.00996967 0.0585148 -0.998237 -67.8402 
-0.999411 0.0340876 0.00399917 -150.227 0.0342638 0.997685 0.0587359 6.87986 -0.00198774 0.0588383 -0.998266 -68.6045 
-0.999323 0.0366101 -0.00373484 -150.23 0.0363234 0.997567 0.0595058 6.9028 0.00590427 0.0593298 -0.998221 -69.343 
-0.999231 0.0374628 -0.0115332 -150.217 0.036702 0.997505 0.0603064 6.92897 0.0137637 0.0598367 -0.998113 -70.0575 
-0.999081 0.0390136 -0.0177456 -150.247 0.0378811 0.997467 0.0602113 6.95551 0.0200497 0.0594838 -0.998028 -70.7406 
-0.998904 0.0408485 -0.0228388 -150.287 0.039423 0.997436 0.0597231 6.98002 0.0252198 0.0587572 -0.997954 -71.3977 
-0.998722 0.0418296 -0.0283743 -150.332 0.040095 0.997442 0.0591691 7.01375 0.0307767 0.0579558 -0.997845 -72.0278 
-0.998492 0.0433642 -0.0336573 -150.352 0.0413325 0.997409 0.0588777 7.03265 0.0361233 0.0573978 -0.997698 -72.6357 
-0.998172 0.0469093 -0.0381157 -150.389 0.0446448 0.997304 0.0582354 7.05618 0.0407447 0.0564272 -0.997575 -73.2109 
-0.997898 0.049402 -0.0419505 -150.427 0.0468571 0.997121 0.0596218 7.07675 0.0447752 0.0575307 -0.997339 -73.7662 
-0.997761 0.0481902 -0.0463669 -150.45 0.0452944 0.997073 0.0615995 7.09652 0.0491996 0.0593615 -0.997023 -74.2902 
-0.99758 0.0462281 -0.0519281 -150.444 0.0429165 0.997079 0.0631724 7.10916 0.0546968 0.060791 -0.996651 -74.7843 
-0.997341 0.042447 -0.0592464 -150.449 0.0387012 0.997263 0.0630009 7.14172 0.0617584 0.0605405 -0.996253 -75.2349 
-0.997186 0.0444303 -0.0603894 -150.577 0.0405931 0.997166 0.0633472 7.1964 0.0630328 0.0607175 -0.996163 -76.0597 
-0.996988 0.0428361 -0.0646488 -150.222 0.0383985 0.996919 0.0683901 7.18425 0.0673792 0.0657018 -0.995562 -76.4177 
-0.99385 0.0419031 -0.102499 -149.67 0.0349172 0.997004 0.0690253 7.18097 0.105084 0.0650219 -0.992335 -76.5752 
-0.994617 0.0455692 -0.0930656 -149.721 0.0398957 0.997282 0.0619397 7.22718 0.0956352 0.0578934 -0.993731 -76.7552 
-0.995348 0.0445101 -0.0854461 -149.714 0.0397473 0.997602 0.056655 7.27551 0.087763 0.0529952 -0.994731 -77.3642 
-0.995693 0.0456124 -0.0807107 -149.744 0.0412971 0.997668 0.0543512 7.28794 0.0830016 0.050784 -0.995255 -77.7371 
-0.996476 0.0412184 -0.0730561 -149.763 0.037288 0.997824 0.0543723 7.31516 0.0751383 0.0514566 -0.995845 -78.2306 
-0.997293 0.0432076 -0.0595019 -149.776 0.0401217 0.997835 0.0521151 7.33004 0.0616248 0.0495867 -0.996867 -78.63 
-0.998639 0.0368864 -0.0368736 -149.771 0.0349495 0.998043 0.0518599 7.33775 0.0387143 0.0505006 -0.997973 -78.9676 
-0.999399 0.0323739 -0.0124213 -149.734 0.0316829 0.998129 0.0522851 7.33971 0.0140908 0.0518601 -0.998555 -79.2847 
-0.997935 0.0543888 0.0341831 -149.759 0.0559378 0.997368 0.0461211 7.32425 -0.0315847 0.047938 -0.998351 -79.3862 
-0.987121 0.0458367 0.153267 -149.556 0.0521216 0.997946 0.0372412 7.30072 -0.151245 0.0447501 -0.987483 -80.0144 
-0.973912 0.0404728 0.223289 -149.388 0.0490743 0.998246 0.0331061 7.32137 -0.221558 0.0432001 -0.97419 -80.4214 
-0.956042 0.0379875 0.290759 -149.205 0.0506649 0.99806 0.0361947 7.33161 -0.288819 0.0493349 -0.956112 -80.8825 
-0.929611 0.0374263 0.366637 -148.936 0.0554115 0.997715 0.0386495 7.33751 -0.364353 0.0562449 -0.929561 -81.4186 
-0.887383 0.0355106 0.459663 -148.55 0.0596027 0.997499 0.0380032 7.34466 -0.457164 0.0611206 -0.88728 -81.9992 
-0.818464 0.0306762 0.573738 -147.977 0.0567339 0.998009 0.0275727 7.34636 -0.57175 0.0551177 -0.818575 -82.6542 
-0.754072 0.0372327 0.655736 -147.465 0.0635105 0.997847 0.0163768 7.36359 -0.653714 0.0539954 -0.754813 -83.1422 
-0.681733 0.0375726 0.730635 -146.811 0.0638583 0.997925 0.00826637 7.36743 -0.728809 0.0522926 -0.682718 -83.6596 
-0.600654 0.0359195 0.798702 -146.024 0.0666451 0.997763 0.00524797 7.36516 -0.796726 0.0563818 -0.601704 -84.1844 
-0.513016 0.0267536 0.857962 -145.092 0.0671057 0.997705 0.00901451 7.3485 -0.855752 0.0621987 -0.513634 -84.6635 
-0.414899 0.0206939 0.909632 -144.073 0.0749549 0.997121 0.011504 7.35791 -0.906775 0.0729544 -0.415255 -85.1207 
-0.31464 0.0128577 0.949124 -142.902 0.0789446 0.996799 0.012667 7.3581 -0.945923 0.0789137 -0.314647 -85.5039 
-0.222796 0.010146 0.974812 -141.598 0.0821446 0.996585 0.00840175 7.34405 -0.971398 0.0819474 -0.222869 -85.7435 
-0.182511 0.0111644 0.98314 -140.922 0.0820743 0.996619 0.00391887 7.34595 -0.979772 0.0814058 -0.18281 -85.8596 
-0.148684 0.0114934 0.988818 -140.21 0.0806783 0.99674 0.000545733 7.3415 -0.985588 0.0798573 -0.149127 -85.9535 
-0.120652 0.0135528 0.992602 -139.479 0.0792291 0.996848 -0.00398031 7.33906 -0.989528 0.0781628 -0.121346 -86.0332 
-0.100059 0.0156497 0.994858 -138.715 0.0792541 0.996825 -0.00770957 7.32875 -0.99182 0.0780752 -0.100982 -86.0907 
-0.0832344 0.0162663 0.996397 -137.928 0.0817493 0.996608 -0.00944076 7.31566 -0.993171 0.080669 -0.0842819 -86.1467 
-0.0674549 0.0175567 0.997568 -137.117 0.0832852 0.996455 -0.0119054 7.30461 -0.99424 0.0822796 -0.068678 -86.2102 
-0.0526398 0.0197102 0.998419 -136.286 0.0857039 0.996205 -0.0151479 7.28348 -0.994929 0.084771 -0.0541293 -86.2602 
-0.0377671 0.0229227 0.999024 -135.434 0.0872019 0.995999 -0.0195567 7.25821 -0.995474 0.0863781 -0.0396149 -86.2925 
-0.0241821 0.0257283 0.999376 -134.56 0.086167 0.996002 -0.0235564 7.2316 -0.995987 0.0855436 -0.0263024 -86.29 
-0.0121849 0.0261323 0.999584 -133.659 0.0822069 0.996301 -0.0250443 7.20117 -0.996541 0.0818676 -0.0142881 -86.2868 
-0.00132305 0.0262311 0.999655 -132.738 0.0789624 0.996537 -0.0260448 7.18017 -0.996877 0.0789007 -0.00338974 -86.2994 
0.00399139 0.0260624 0.999652 -131.795 0.0746655 0.996862 -0.0262878 7.14348 -0.997201 0.0747445 0.0020329 -86.286 
0.00655265 0.0263113 0.999632 -130.83 0.0721006 0.99704 -0.0267156 7.10984 -0.997376 0.0722491 0.00463619 -86.2773 
0.00686806 0.0252601 0.999657 -129.842 0.0704141 0.997187 -0.0256814 7.08204 -0.997494 0.0705663 0.00507008 -86.2668 
0.00748855 0.0239273 0.999686 -128.827 0.0699983 0.997249 -0.0243933 7.04419 -0.997519 0.070159 0.00579308 -86.2474 
0.00863276 0.0232011 0.999694 -127.793 0.0671938 0.997458 -0.0237294 7.00597 -0.997703 0.0673781 0.00705185 -86.2259 
0.0122069 0.0232249 0.999656 -126.739 0.066412 0.997504 -0.0239859 6.97519 -0.997718 0.0666819 0.0106341 -86.2055 
0.0169611 0.0235169 0.99958 -125.662 0.0662622 0.997499 -0.0245923 6.93816 -0.997658 0.0666514 0.0153604 -86.1898 
0.0211158 0.0233008 0.999505 -124.568 0.0664937 0.997482 -0.0246584 6.89433 -0.997563 0.0669815 0.0195132 -86.154 
0.025391 0.0230161 0.999413 -123.456 0.0642182 0.997632 -0.0246066 6.86275 -0.997613 0.0648052 0.0238528 -86.1201 
0.0295016 0.0205019 0.999354 -122.333 0.0623229 0.997807 -0.02231 6.82133 -0.99762 0.0629408 0.0281591 -86.0759 
0.0352151 0.0166884 0.99924 -121.19 0.0647595 0.997721 -0.0189453 6.78746 -0.997279 0.0653774 0.0340541 -86.0423 
0.0381883 0.0143354 0.999168 -120.032 0.064703 0.997763 -0.0167882 6.75186 -0.997174 0.0652903 0.0371754 -85.9748 
0.0398518 0.0148031 0.999096 -118.861 0.0651865 0.997722 -0.0173829 6.71848 -0.997077 0.0658203 0.038796 -85.9232 
0.0396923 0.01675 0.999072 -117.676 0.064492 0.997732 -0.0192898 6.68122 -0.997129 0.0651978 0.038522 -85.8615 
0.0383693 0.0171049 0.999117 -116.477 0.0644605 0.997729 -0.0195566 6.65193 -0.997182 0.065154 0.0371796 -85.8125 
0.0376715 0.0150242 0.999177 -115.273 0.0651501 0.997723 -0.0174587 6.61864 -0.997164 0.0657542 0.0366069 -85.7712 
0.0366315 0.0129382 0.999245 -114.063 0.0668126 0.997647 -0.0153668 6.58006 -0.997093 0.067325 0.0356809 -85.7255 
0.0358906 0.011553 0.999289 -112.86 0.06879 0.997533 -0.0140034 6.54106 -0.996985 0.0692436 0.0350073 -85.6801 
0.034927 0.0110122 0.999329 -111.665 0.0663405 0.997708 -0.0133129 6.50235 -0.997186 0.066761 0.0341164 -85.6194 
0.0345818 0.0108299 0.999343 -110.468 0.0674876 0.997633 -0.0131468 6.46412 -0.997121 0.0678979 0.0337691 -85.5735 
0.0340816 0.0124457 0.999342 -109.277 0.0669126 0.99765 -0.0147066 6.42513 -0.997177 0.0673698 0.0331688 -85.5321 
0.0330051 0.0148382 0.999345 -108.087 0.0661287 0.997666 -0.0169973 6.38826 -0.997265 0.0666464 0.0319468 -85.4853 
0.0321993 0.0147045 0.999373 -106.897 0.0668379 0.997622 -0.0168322 6.34234 -0.997244 0.067338 0.03114 -85.4368 
0.0316491 0.0127548 0.999418 -105.705 0.0661347 0.997701 -0.0148272 6.30755 -0.997309 0.0665654 0.0307328 -85.4044 
0.0301146 0.010792 0.999488 -104.515 0.0658823 0.997746 -0.0127582 6.26601 -0.997373 0.0662328 0.0293357 -85.3507 
0.0292566 0.0123292 0.999496 -103.331 0.0645537 0.997813 -0.014198 6.22745 -0.997485 0.0649366 0.0283967 -85.2894 
0.0286954 0.014507 0.999483 -102.151 0.0652932 0.997732 -0.0163561 6.18963 -0.997453 0.0657288 0.0276831 -85.2469 
0.028471 0.0160363 0.999466 -100.974 0.0651904 0.997713 -0.0178652 6.14692 -0.997467 0.0656643 0.0273604 -85.2181 
0.0285309 0.0139033 0.999496 -99.7975 0.0636425 0.997849 -0.0156971 6.11285 -0.997565 0.0640583 0.0275846 -85.1952 
0.0276389 0.0108155 0.999559 -98.6221 0.0625729 0.997962 -0.0125284 6.08264 -0.997658 0.0628916 0.0269058 -85.1508 
0.0277803 0.00863828 0.999577 -97.4486 0.0603726 0.998123 -0.0103036 6.04794 -0.997789 0.0606333 0.0272066 -85.1394 
0.0275536 0.00994565 0.999571 -96.2822 0.058092 0.998245 -0.0115338 6.01038 -0.997931 0.0583849 0.0269275 -85.1052 
0.0269772 0.0117495 0.999567 -95.1224 0.0564435 0.998318 -0.0132582 5.97991 -0.998041 0.0567767 0.0262686 -85.0562 
0.0267715 0.0123282 0.999566 -93.9643 0.0562297 0.998322 -0.0138189 5.94441 -0.998059 0.0565752 0.0260333 -85.0273 
0.0267747 0.0116576 0.999574 -92.8079 0.0552559 0.998386 -0.0131238 5.91144 -0.998113 0.0555837 0.0260873 -84.9975 
0.026801 0.010299 0.999588 -91.6526 0.0567761 0.998317 -0.0118082 5.87025 -0.998027 0.0570691 0.0261711 -84.9633 
0.026859 0.0106806 0.999582 -90.5015 0.0578054 0.998253 -0.0122196 5.83487 -0.997966 0.0581095 0.0261947 -84.9321 
0.0264914 0.0126209 0.999569 -89.3559 0.0604382 0.998071 -0.0142038 5.79497 -0.99782 0.0607884 0.0256775 -84.9017 
0.0275728 0.0135228 0.999528 -88.2162 0.0630324 0.997895 -0.0152395 5.7504 -0.997631 0.0634228 0.0266624 -84.8752 
0.0282196 0.0128746 0.999519 -87.0826 0.0637735 0.997857 -0.0146537 5.70329 -0.997565 0.0641564 0.027338 -84.8192 
0.0324066 0.0118954 0.999404 -85.9427 0.0648375 0.997798 -0.0139787 5.66786 -0.997369 0.0652519 0.031564 -84.8051 
0.0355611 0.0108985 0.999308 -84.8105 0.0645723 0.997826 -0.0131802 5.62762 -0.997279 0.0649964 0.03478 -84.758 
0.0377901 0.0101996 0.999234 -83.6817 0.0611455 0.998051 -0.0125 5.58783 -0.997413 0.061571 0.0370928 -84.7062 
0.0388556 0.0115862 0.999178 -82.5606 0.0564831 0.998309 -0.0137726 5.54769 -0.997647 0.0569718 0.0381354 -84.6264 
0.041849 0.013365 0.999035 -81.4417 0.0550705 0.99836 -0.0156629 5.51096 -0.997605 0.0556728 0.0410443 -84.5725 
0.0452914 0.0132446 0.998886 -80.3182 0.0545379 0.998388 -0.0157109 5.46978 -0.997484 0.0551887 0.044496 -84.5228 
0.0474454 0.0119374 0.998802 -79.2014 0.0550487 0.998378 -0.0145472 5.42909 -0.997356 0.055673 0.0467113 -84.4643 
0.0500784 0.0116931 0.998677 -78.0868 0.0554584 0.998356 -0.0144703 5.40054 -0.997204 0.0561096 0.0493476 -84.4243 
0.0522392 0.0111553 0.998572 -76.9766 0.0551564 0.998379 -0.0140386 5.36353 -0.99711 0.055811 0.0515392 -84.3717 
0.0530526 0.0100809 0.998541 -75.8665 0.0531298 0.998504 -0.0129033 5.32294 -0.997177 0.0537368 0.0524376 -84.2991 
0.0534665 0.00977185 0.998522 -74.7633 0.050734 0.998634 -0.0124895 5.28673 -0.99728 0.0513268 0.0528977 -84.2283 
0.053535 0.00955314 0.99852 -73.6642 0.0495161 0.998699 -0.0122096 5.25139 -0.997338 0.0500964 0.0529923 -84.1576 
0.053269 0.0103235 0.998527 -72.5664 0.0498107 0.998674 -0.0129823 5.21361 -0.997337 0.0504289 0.0526841 -84.1086 
0.0525066 0.0103961 0.998566 -71.4692 0.0512728 0.998599 -0.0130924 5.17873 -0.997303 0.0518867 0.0519 -84.058 
0.0508724 0.0101642 0.998653 -70.3716 0.0521233 0.998558 -0.0128184 5.14498 -0.997344 0.0527052 0.0502693 -84.0037 
0.0485627 0.0107362 0.998762 -69.271 0.0542016 0.998441 -0.0133681 5.10967 -0.997348 0.0547837 0.0479051 -83.941 
0.0467815 0.0122327 0.99883 -68.1717 0.0575341 0.998232 -0.0149201 5.07746 -0.997247 0.0581648 0.045995 -83.9022 
0.044748 0.0137572 0.998904 -67.068 0.0593392 0.998103 -0.0164045 5.0424 -0.997234 0.0600082 0.0438468 -83.8562 
0.0433407 0.013407 0.99897 -65.9815 0.0618152 0.997958 -0.0160753 5.01397 -0.997146 0.0624482 0.0424235 -83.8242 
0.0412123 0.0113613 0.999086 -64.8848 0.0637132 0.99787 -0.0139757 4.97691 -0.997117 0.0642309 0.0404006 -83.7892 
0.0389786 0.00978796 0.999192 -63.7901 0.0621881 0.99799 -0.0122021 4.93612 -0.997303 0.0626135 0.0382915 -83.745 
0.0363835 0.00980111 0.99929 -62.7123 0.0601238 0.998119 -0.0119787 4.89972 -0.997528 0.0605169 0.0357258 -83.6871 
0.0336851 0.0114118 0.999367 -61.6404 0.0569382 0.998289 -0.0133186 4.86933 -0.997809 0.0573508 0.0329777 -83.626 
0.0321903 0.0136102 0.999389 -60.5735 0.0561905 0.998301 -0.0154052 4.82923 -0.997901 0.0566521 0.0313708 -83.5956 
0.0305118 0.0165546 0.999397 -59.4941 0.0557429 0.998279 -0.0182379 4.79306 -0.997979 0.0562658 0.0295365 -83.548 
0.0289901 0.0183806 0.999411 -58.4193 0.0570262 0.998172 -0.020012 4.7515 -0.997952 0.0575727 0.0278889 -83.5137 
0.0282677 0.0190841 0.999418 -57.3409 0.0575256 0.99813 -0.0206866 4.71588 -0.997944 0.0580769 0.027117 -83.4768 
0.0277774 0.0171935 0.999466 -56.2648 0.0577451 0.998155 -0.0187758 4.677 -0.997945 0.0582358 0.0267333 -83.4406 
0.0277706 0.0148497 0.999504 -55.19 0.0573341 0.99822 -0.0164236 4.64318 -0.997969 0.0577617 0.0268698 -83.4002 
0.0280537 0.0130632 0.999521 -54.1242 0.0551566 0.998371 -0.0145962 4.60708 -0.998084 0.0555396 0.0272875 -83.3653 
0.0283208 0.0115007 0.999533 -53.0733 0.0515856 0.998585 -0.0129514 4.56597 -0.998267 0.0519282 0.0276875 -83.3239 
0.0289651 0.0116958 0.999512 -52.0213 0.0464562 0.998835 -0.0130341 4.52914 -0.9985 0.046811 0.028388 -83.2952 
0.0295056 0.0121467 0.999491 -50.9702 0.0428877 0.99899 -0.0134067 4.49264 -0.998644 0.0432614 0.0289549 -83.2588 
0.0295186 0.0127209 0.999483 -49.9247 0.0392581 0.999133 -0.0138759 4.45436 -0.998793 0.0396474 0.0289936 -83.2088 
0.0296029 0.0141343 0.999462 -48.8754 0.0373755 0.999185 -0.0152374 4.41634 -0.998863 0.0378064 0.0290505 -83.1544 
0.0307951 0.0157241 0.999402 -47.8138 0.036406 0.999195 -0.0168427 4.38006 -0.998862 0.0369029 0.0301978 -83.1231 
0.030667 0.0167638 0.999389 -46.7547 0.0367841 0.999163 -0.0178887 4.34629 -0.998853 0.0373102 0.0300247 -83.0609 
0.0313278 0.0120474 0.999437 -45.6875 0.0400987 0.999107 -0.0133003 4.31749 -0.998704 0.0404927 0.0308167 -83.0341 
0.0325488 0.00715508 0.999445 -44.6247 0.0421305 0.999076 -0.0085245 4.28969 -0.998582 0.0423846 0.0322173 -83.002 
0.0341679 0.00636356 0.999396 -43.5595 0.0453324 0.998941 -0.00791051 4.25543 -0.998387 0.0455753 0.0338432 -82.97 
0.035511 0.0106004 0.999313 -42.5036 0.0480223 0.998771 -0.0123012 4.22525 -0.998215 0.0484261 0.0349582 -82.936 
0.035708 0.0142727 0.99926 -41.4467 0.0469224 0.998771 -0.0159425 4.19402 -0.99826 0.047457 0.0349945 -82.8985 
0.0360793 0.015516 0.999228 -40.3949 0.0460651 0.998791 -0.0171725 4.15179 -0.998287 0.0466491 0.0353209 -82.8577 
0.0363026 0.0157012 0.999217 -39.3461 0.0462023 0.998781 -0.0173729 4.11203 -0.998272 0.0467968 0.035533 -82.8015 
0.0366444 0.0157641 0.999204 -38.306 0.0487901 0.998655 -0.0175447 4.07084 -0.998137 0.0493942 0.0358259 -82.7353 
0.0371577 0.017979 0.999148 -37.2689 0.0517069 0.998464 -0.0198897 4.03043 -0.997971 0.0524019 0.036171 -82.7177 
0.03688 0.0205668 0.999108 -36.2343 0.055177 0.998221 -0.0225852 3.98447 -0.997795 0.0559607 0.0356796 -82.6729 
0.0346468 0.0190298 0.999218 -34.1786 0.0576755 0.998114 -0.0210086 3.90035 -0.997734 0.0583583 0.033484 -82.5792 
0.0331075 0.0136683 0.999358 -32.1275 0.0597848 0.998089 -0.0156316 3.82032 -0.997662 0.0602639 0.0322271 -82.5083 
0.0321048 0.0148566 0.999374 -31.1093 0.0583413 0.998157 -0.0167128 3.78288 -0.99778 0.0588414 0.0311789 -82.4674 
0.0309987 0.016317 0.999386 -30.0984 0.0558554 0.998276 -0.0180314 3.74407 -0.997958 0.05638 0.0300338 -82.4297 
0.0301439 0.0158378 0.99942 -29.0847 0.055593 0.9983 -0.0174968 3.70661 -0.997998 0.0560882 0.0292122 -82.4048 
0.0284883 0.013868 0.999498 -28.0741 0.0537217 0.998437 -0.0153845 3.66895 -0.998149 0.054133 0.0276988 -82.3573 
0.0269858 0.0122959 0.99956 -27.0682 0.0527015 0.998516 -0.0137059 3.63016 -0.998246 0.0530482 0.0262977 -82.3282 
0.0261651 0.0125782 0.999578 -26.0642 0.0539467 0.998446 -0.0139761 3.5914 -0.998201 0.0542897 0.0254459 -82.2942 
0.0257474 0.0124752 0.999591 -25.0683 0.0547456 0.998404 -0.0138705 3.5506 -0.998168 0.0550803 0.0250234 -82.267 
0.0235699 0.0108798 0.999663 -23.1024 0.0520409 0.998572 -0.0120949 3.49016 -0.998367 0.0523084 0.0229701 -82.1874 
0.0210305 0.00990523 0.99973 -21.2058 0.0492933 0.998725 -0.0109322 3.42184 -0.998563 0.0495099 0.0205154 -82.1277 
0.0212632 0.00712358 0.999749 -19.3771 0.0482139 0.998804 -0.00814228 3.36181 -0.998611 0.0483749 0.0208943 -82.0952 
0.0243103 0.00791175 0.999673 -17.6348 0.0486179 0.998776 -0.00908695 3.3025 -0.998522 0.0488229 0.0238959 -82.0407 
0.0316959 0.00896374 0.999457 -15.9755 0.0464498 0.998866 -0.0104315 3.25308 -0.998418 0.0467552 0.0312436 -81.9656 
0.0408498 0.0107135 0.999108 -14.3967 0.0436183 0.99897 -0.0124954 3.19016 -0.998213 0.0440898 0.0403404 -81.8872 
0.0571587 0.0136467 0.998272 -12.9013 0.0468794 0.998767 -0.0163377 3.12974 -0.997264 0.0477323 0.0564484 -81.7913 
0.0804016 0.0158284 0.996637 -11.4945 0.047072 0.998698 -0.0196585 3.07424 -0.99565 0.0484942 0.0795518 -81.6731 
0.106813 0.014904 0.994167 -10.1832 0.0474935 0.99867 -0.0200742 3.01469 -0.993144 0.0493606 0.105963 -81.5223 
0.138346 0.0125128 0.990305 -8.9753 0.0453565 0.998791 -0.0189563 2.95582 -0.989345 0.0475393 0.137611 -81.3328 
0.177288 0.0150984 0.984043 -7.80709 0.0379996 0.999032 -0.0221745 2.9046 -0.983425 0.0413245 0.176542 -81.1022 
0.220606 0.0136826 0.975267 -6.70876 0.036206 0.999098 -0.0222068 2.85297 -0.974691 0.0402095 0.219912 -80.8287 
0.270451 0.0143114 0.962627 -5.69314 0.031845 0.999209 -0.0238022 2.79671 -0.962207 0.0370922 0.269782 -80.5067 
0.332679 0.0194687 0.942839 -4.73358 0.0290747 0.9991 -0.0308894 2.74875 -0.942592 0.037689 0.331814 -80.133 
0.412618 0.0183088 0.91072 -3.79449 0.0331414 0.998834 -0.0350955 2.71319 -0.910301 0.0446636 0.41153 -79.7574 
0.496886 0.0140296 0.867702 -3.00635 0.0290823 0.999038 -0.032807 2.66109 -0.867328 0.0415361 0.496 -79.1654 
0.584897 0.0191971 0.81088 -2.22996 0.0179966 0.999167 -0.0366358 2.60416 -0.810908 0.0360213 0.584064 -78.5667 
0.66764 0.0173635 0.744282 -1.52623 0.0197372 0.998964 -0.0410099 2.54457 -0.744222 0.0420699 0.666606 -77.9098 
0.743251 0.022138 0.668646 -0.886751 0.00284097 0.999339 -0.0362448 2.48459 -0.669006 0.0288386 0.742697 -77.1997 
0.808613 0.0197671 0.588009 -0.368378 -0.00590372 0.999658 -0.0254869 2.44096 -0.588311 0.0171376 0.808453 -76.4039 
0.83503 0.0171125 0.549939 -0.186027 -0.00800467 0.999788 -0.0189562 2.4274 -0.550147 0.0114269 0.83499 -75.9592 
0.862582 0.015823 0.50567 0.0384953 -0.0115716 0.999866 -0.011548 2.40664 -0.505785 0.00410966 0.86265 -75.5392 
0.907979 0.0258306 0.418218 0.359822 -0.027936 0.999609 -0.00108839 2.37617 -0.418083 -0.0106951 0.908346 -74.6209 
0.942743 0.0278084 0.33236 0.624919 -0.0286529 0.999587 -0.00236052 2.35661 -0.332288 -0.00729773 0.94315 -73.7008 
0.955771 0.0254711 0.293008 0.76185 -0.0260357 0.999659 -0.00197341 2.34998 -0.292958 -0.00574254 0.956108 -73.2385 
0.96554 0.0320627 0.258273 0.842784 -0.0328373 0.99946 -0.0013148 2.34281 -0.258176 -0.00721151 0.966071 -72.7467 
0.973563 0.0387182 0.225112 0.921337 -0.0393416 0.999224 -0.00171766 2.34355 -0.225004 -0.00718403 0.974331 -72.2558 
0.979318 0.0408069 0.198168 0.986806 -0.0413575 0.999143 -0.00136106 2.34034 -0.198054 -0.00686283 0.980167 -71.752 
0.986799 0.0422568 0.15634 1.11737 -0.0430835 0.99907 0.00190134 2.32536 -0.156114 -0.0086119 0.987701 -70.7188 
0.989656 0.0396846 0.137864 1.18107 -0.0403137 0.999185 0.0017733 2.32112 -0.137681 -0.00731276 0.99045 -70.1918 
0.991862 0.0374529 0.121685 1.2506 -0.0377603 0.999287 0.000220894 2.31963 -0.121589 -0.00481395 0.992569 -69.6555 
0.993416 0.0384948 0.107904 1.29645 -0.0386695 0.999252 -0.000473981 2.31168 -0.107841 -0.00370173 0.994161 -69.1017 
0.994854 0.0391145 0.0934615 1.34103 -0.0392321 0.99923 -0.000579452 2.30567 -0.0934122 -0.00309022 0.995623 -68.5301 
0.99599 0.0393245 0.0803562 1.37128 -0.0394118 0.999223 -0.000499675 2.30028 -0.0803134 -0.00266931 0.996766 -67.9437 
0.997011 0.0388767 0.066773 1.39731 -0.0389493 0.999241 -0.000214235 2.29636 -0.0667307 -0.00238717 0.997768 -67.3394 
0.998568 0.035702 0.0398309 1.43613 -0.0357435 0.999361 0.000329672 2.28456 -0.0397937 -0.00175289 0.999206 -66.0849 
0.999074 0.0378025 0.0205409 1.44559 -0.0377764 0.999285 -0.00165449 2.26797 -0.0205888 0.000876991 0.999788 -64.7627 
0.999208 0.0383343 0.0106314 1.43866 -0.038305 0.999262 -0.00295094 2.25266 -0.0107367 0.00254137 0.999939 -63.3668 
0.999303 0.0370522 0.00462215 1.41517 -0.0370468 0.999313 -0.00123576 2.22545 -0.00466476 0.00106366 0.999989 -61.9179 
0.999291 0.0376314 -0.00111183 1.44922 -0.0376282 0.999288 0.002784 2.2124 0.00121581 -0.00274019 0.999996 -60.4346 
0.999318 0.0367449 -0.00358204 1.43982 -0.0367243 0.999309 0.00565173 2.19878 0.00378724 -0.00551633 0.999978 -59.6723 
0.99933 0.0359753 -0.00675723 1.42385 -0.0359185 0.99932 0.00835117 2.1889 0.00705307 -0.00810287 0.999942 -58.9069 
0.999355 0.0345271 -0.00986259 1.40719 -0.0344275 0.999356 0.0100943 2.18221 0.0102048 -0.00974822 0.9999 -58.1413 
0.999378 0.0325662 -0.0135178 1.39194 -0.0324224 0.999417 0.0107249 2.17905 0.0138592 -0.0102799 0.999851 -57.3784 
0.999361 0.0313517 -0.0171419 1.39196 -0.0311748 0.999459 0.0104919 2.17389 0.0174616 -0.00995082 0.999798 -56.6118 
0.99926 0.0323904 -0.0207219 1.39679 -0.0321889 0.999432 0.00998464 2.17594 0.0210335 -0.00931025 0.999735 -55.8468 
0.999201 0.0316871 -0.0243625 1.36436 -0.0314534 0.999456 0.00991683 2.16939 0.0246635 -0.00914262 0.999654 -55.0786 
0.999103 0.0325993 -0.0270252 1.34218 -0.0323346 0.999425 0.0101751 2.15933 0.0273414 -0.00929213 0.999583 -54.3122 
0.999046 0.0327474 -0.0289068 1.30493 -0.032456 0.999418 0.0104912 2.15351 0.0292335 -0.009543 0.999527 -53.5439 
0.999067 0.0317984 -0.0292182 1.26664 -0.0315191 0.999453 0.00996969 2.1509 0.0295192 -0.00903946 0.999523 -52.7796 
0.999012 0.0325417 -0.0302689 1.24622 -0.0322483 0.999429 0.0101323 2.14111 0.0305813 -0.00914621 0.99949 -52.0113 
0.999039 0.0317699 -0.0302114 1.18434 -0.0314747 0.999453 0.0101972 2.13436 0.0305188 -0.00923648 0.999492 -51.2468 
0.999066 0.0305653 -0.0305457 1.16482 -0.0302455 0.999483 0.010878 2.12663 0.0308624 -0.00994393 0.999474 -50.4822 
0.999077 0.0304805 -0.0302828 1.13227 -0.0301281 0.999474 0.0120273 2.1182 0.0306335 -0.0111039 0.999469 -49.7174 
0.999084 0.0302078 -0.0303136 1.10076 -0.0298105 0.999465 0.0134739 2.11134 0.0307044 -0.0125579 0.99945 -48.9571 
0.999089 0.0295982 -0.0307286 1.08025 -0.0291735 0.999474 0.0141794 2.10958 0.0311321 -0.01327 0.999427 -48.198 
0.999076 0.0292331 -0.0315078 1.05832 -0.0288037 0.999487 0.0139967 2.10856 0.0319008 -0.0130762 0.999405 -47.4431 
0.999091 0.029279 -0.0309886 1.02806 -0.0288629 0.999488 0.0137925 2.10447 0.0313766 -0.0128855 0.999425 -46.6908 
0.999126 0.0278821 -0.0311433 1.0103 -0.027502 0.999543 0.0125676 2.10316 0.0314795 -0.0117001 0.999436 -45.9406 
0.999173 0.0274767 -0.0299594 0.980387 -0.0271243 0.999559 0.0121092 2.0989 0.0302789 -0.0112865 0.999478 -45.1956 
0.99919 0.0288153 -0.0280923 0.946881 -0.0284867 0.999522 0.0120281 2.09303 0.0284254 -0.0112181 0.999533 -44.4546 
0.999305 0.0272103 -0.0254965 0.899293 -0.0268952 0.999559 0.0126238 2.08094 0.0258288 -0.0119293 0.999595 -43.0018 
0.999384 0.02612 -0.0234339 0.878832 -0.0257998 0.999571 0.0138675 2.07681 0.0237861 -0.0132543 0.999629 -42.2891 
0.999308 0.0299297 -0.0220796 0.859867 -0.0295773 0.999433 0.0161199 2.07339 0.0225495 -0.0154557 0.999626 -41.5869 
0.999345 0.0290232 -0.0216377 0.845889 -0.028679 0.99946 0.0160501 2.06696 0.0220919 -0.0154191 0.999637 -40.8987 
0.9994 0.0275344 -0.0210071 0.81944 -0.027262 0.999542 0.0131423 2.06106 0.0213593 -0.0125617 0.999693 -40.2225 
0.999367 0.0298729 -0.019344 0.774954 -0.0297438 0.999534 0.00692763 2.05347 0.019542 -0.00634788 0.999789 -38.9004 
0.999242 0.0341066 -0.0187643 0.738645 -0.0340193 0.999409 0.00495715 2.03778 0.0189223 -0.00431504 0.999812 -37.5985 
0.999224 0.0351848 -0.0177305 0.717706 -0.0350995 0.999371 0.0050967 2.02055 0.0178986 -0.00447041 0.99983 -36.9532 
0.999243 0.0347086 -0.0175527 0.705897 -0.0346388 0.999391 0.00426422 2.00766 0.01769 -0.00365299 0.999837 -36.3153 
0.999187 0.0364638 -0.0171953 0.68016 -0.0364161 0.999332 0.00307844 1.99804 0.017296 -0.00244975 0.999847 -35.6816 
0.998981 0.0421615 -0.0160743 0.641751 -0.0421451 0.999111 0.00135975 1.99633 0.0161173 -0.000680912 0.99987 -35.0613 
0.998924 0.043421 -0.0162796 0.617324 -0.0434102 0.999057 0.00101417 1.99119 0.0163083 -0.000306375 0.999867 -34.4365 
0.998928 0.0433232 -0.0163264 0.59393 -0.0433046 0.999061 0.00148686 1.98245 0.0163755 -0.00077826 0.999866 -33.8167 
0.998861 0.0454031 -0.0146601 0.545167 -0.0453821 0.998968 0.00176104 1.97524 0.0147249 -0.00109373 0.999891 -33.2044 
0.998885 0.0445958 -0.0155132 0.533827 -0.04457 0.999004 0.00199983 1.96237 0.015587 -0.00130617 0.999878 -32.5932 
0.998967 0.0419051 -0.0175699 0.530118 -0.0418826 0.999121 0.00164964 1.94883 0.0176235 -0.000912063 0.999844 -31.9851 
0.998942 0.0415996 -0.0196109 0.490715 -0.0416146 0.999134 -0.00035916 1.92641 0.019579 0.00117488 0.999808 -30.7753 
0.998796 0.0447781 -0.0200376 0.454966 -0.0448098 0.998995 -0.00113606 1.92086 0.0199666 0.00203257 0.999799 -30.1747 
0.998771 0.0443902 -0.0220633 0.443294 -0.0444206 0.999013 -0.000891438 1.90667 0.0220019 0.00187041 0.999756 -29.5756 
0.998754 0.0446125 -0.0223642 0.401913 -0.0446554 0.999001 -0.00142446 1.89603 0.0222784 0.00242137 0.999749 -28.9789 
0.998732 0.0445239 -0.0234836 0.37531 -0.0445602 0.999006 -0.0010234 1.88396 0.0234147 0.00206854 0.999724 -28.3842 
0.998707 0.0447551 -0.0241069 0.33451 -0.0447661 0.998997 8.47161e-05 1.87436 0.0240865 0.000994566 0.999709 -27.7916 
0.998653 0.0456259 -0.0247044 0.309228 -0.0456128 0.998959 0.00109073 1.86296 0.0247285 3.75812e-05 0.999694 -27.2037 
0.998531 0.0475127 -0.0260304 0.301273 -0.0474702 0.99887 0.00224935 1.8503 0.0261078 -0.00101038 0.999659 -26.6196 
0.998425 0.0488833 -0.0275447 0.288821 -0.048808 0.998802 0.00340015 1.839 0.0276779 -0.00205039 0.999615 -26.0402 
0.998407 0.0490947 -0.0278115 0.248237 -0.0490076 0.998791 0.0038026 1.83737 0.0279646 -0.00243356 0.999606 -25.4683 
0.998369 0.0496503 -0.0281673 0.218858 -0.0495564 0.998763 0.00402361 1.82814 0.0283322 -0.00262118 0.999595 -24.9061 
0.998351 0.0496824 -0.0287402 0.206789 -0.0495904 0.998762 0.00390746 1.82114 0.0288987 -0.00247578 0.999579 -24.3514 
0.998341 0.050328 -0.027978 0.191825 -0.0502365 0.998729 0.00396264 1.81298 0.0281419 -0.00255055 0.999601 -23.8079 
0.998369 0.0504317 -0.0267564 0.169447 -0.0503501 0.998725 0.00371669 1.80423 0.0269098 -0.00236343 0.999635 -23.2768 
0.998366 0.051326 -0.0250993 0.14679 -0.0512485 0.998679 0.00372235 1.7937 0.0252572 -0.00242996 0.999678 -22.7558 
0.998457 0.0499611 -0.0242579 0.134829 -0.0498766 0.998747 0.00407745 1.77968 0.0244312 -0.00286126 0.999697 -22.2465 
0.998523 0.049214 -0.0230259 0.126402 -0.049132 0.998784 0.00411338 1.76617 0.0232003 -0.00297599 0.999726 -21.75 
0.998546 0.049379 -0.021604 0.122504 -0.0493268 0.998778 0.00294193 1.76096 0.0217228 -0.001872 0.999762 -21.2656 
0.998591 0.0492775 -0.0196787 0.098156 -0.0492399 0.998784 0.002394 1.7475 0.0197728 -0.00142165 0.999803 -20.3266 
0.998664 0.0485292 -0.0177393 0.0792717 -0.0484871 0.99882 0.00279109 1.73129 0.0178539 -0.00192723 0.999839 -19.4353 
0.99876 0.0470997 -0.0161056 0.0695288 -0.0470391 0.998885 0.0041211 1.71224 0.0162817 -0.0033584 0.999862 -18.5992 
0.998738 0.0479041 -0.0150839 0.0498416 -0.0478126 0.998836 0.0063726 1.69947 0.0153716 -0.00564336 0.999866 -17.8712 
0.998848 0.0458323 -0.0142144 0.0433758 -0.0457512 0.998935 0.00597855 1.68438 0.0144733 -0.00532134 0.999881 -17.2091 
0.998921 0.0444217 -0.0135299 0.0380268 -0.0443591 0.999004 0.0048977 1.67254 0.013734 -0.00429225 0.999896 -16.6165 
0.998926 0.0442256 -0.0137996 0.0312039 -0.0441791 0.999017 0.00365167 1.65964 0.0139475 -0.00303809 0.999898 -16.0731 
0.998967 0.0433315 -0.0136705 0.0303179 -0.0433334 0.999061 0.000157786 1.64844 0.0136645 0.000434767 0.999907 -15.5556 
0.998971 0.0433293 -0.0133918 0.0224609 -0.0433281 0.999061 0.000381625 1.63963 0.0133958 0.00019901 0.99991 -15.0411 
0.999052 0.0411559 -0.0142046 0.0247309 -0.0411441 0.999153 0.00112403 1.63125 0.0142388 -0.000538531 0.999898 -14.5411 
0.999039 0.041503 -0.0140611 0.00883765 -0.0414848 0.999138 0.00158377 1.62089 0.0141147 -0.000998924 0.9999 -14.0412 
0.999107 0.039192 -0.0157683 0.00598467 -0.0391718 0.999231 0.00158372 1.61253 0.0158183 -0.000964636 0.999874 -13.5454 
0.999009 0.0377071 -0.0236266 -0.008125 -0.0376686 0.999288 0.0020693 1.60254 0.0236879 -0.00117727 0.999719 -13.0541 
0.998558 0.0389204 -0.0369671 -0.043869 -0.0388668 0.999242 0.00216856 1.59361 0.0370235 -0.000728641 0.999314 -12.5703 
0.997827 0.0428443 -0.0500487 -0.0870565 -0.0427617 0.999082 0.00272043 1.58725 0.0501193 -0.000574352 0.998743 -12.0915 
0.997273 0.0443766 -0.0589632 -0.142187 -0.0443312 0.999015 0.00207753 1.58487 0.0589973 0.000542049 0.998258 -11.6224 
0.996613 0.0437477 -0.0696392 -0.152659 -0.0436624 0.999043 0.00274686 1.56762 0.0696926 0.000303056 0.997568 -11.1503 
0.996242 0.0463906 -0.0731467 -0.180223 -0.0463196 0.998923 0.00266852 1.55631 0.0731918 0.000729637 0.997318 -10.6838 
0.996416 0.0464347 -0.0706987 -0.225162 -0.0463734 0.998921 0.00250894 1.5475 0.0707389 0.000778587 0.997495 -10.2278 
0.996729 0.0464378 -0.0661448 -0.26555 -0.0463733 0.998921 0.00251098 1.54687 0.06619 0.000564577 0.997807 -9.77235 
0.997069 0.0467068 -0.0605974 -0.293498 -0.0466861 0.998908 0.00175904 1.53843 0.0606134 0.00107517 0.998161 -9.32023 
0.997412 0.045359 -0.0557907 -0.288489 -0.045321 0.998971 0.00194666 1.51996 0.0558216 0.000586869 0.998441 -8.86989 
0.99783 0.0455909 -0.0475149 -0.312246 -0.0455574 0.99896 0.00178712 1.51048 0.0475469 0.000381417 0.998869 -8.42248 
0.998214 0.0451333 -0.039137 -0.329129 -0.0452303 0.998975 -0.00159602 1.50771 0.0390249 0.00336335 0.999233 -7.95967 
0.998582 0.0442148 -0.0296482 -0.345432 -0.0443602 0.999007 -0.00426293 1.50537 0.0294303 0.00557209 0.999551 -7.45411 
0.998943 0.0408935 -0.0210137 -0.337151 -0.0409807 0.999153 -0.00373584 1.48906 0.0208431 0.00459304 0.999772 -6.9006 
0.999242 0.0374043 -0.0107433 -0.332155 -0.0374343 0.999296 -0.00260454 1.48748 0.0106383 0.00300473 0.999939 -6.30636 
0.999313 0.0370621 0.000230757 -0.338281 -0.0370619 0.999313 -0.000972076 1.47457 -0.000266626 0.000962856 1 -5.68225 
0.999206 0.0386876 0.0094714 -0.339945 -0.0386924 0.999251 0.000323031 1.46663 -0.00945181 -0.000689246 0.999955 -5.02418 
0.999218 0.0356506 0.0171216 -0.326758 -0.03568 0.999362 0.00141642 1.45539 -0.0170602 -0.00202621 0.999852 -4.33466 
0.999248 0.0323603 0.0213651 -0.305279 -0.0323041 0.999474 -0.00297122 1.44107 -0.02145 0.0022788 0.999767 -3.61396 
0.998945 0.037915 0.0258926 -0.292623 -0.0377934 0.999272 -0.0051692 1.43063 -0.0260698 0.00418518 0.999651 -2.85061 
0.998457 0.039573 0.0389567 -0.253995 -0.0394594 0.999214 -0.00368052 1.42013 -0.0390718 0.00213763 0.999234 -2.04207 
0.998481 0.0309226 0.0455956 -0.203674 -0.0307667 0.999518 -0.00411773 1.41233 -0.045701 0.00270865 0.998951 -1.64021 
0.998572 0.0223948 0.0484991 -0.165112 -0.0220602 0.999729 -0.00742246 1.40037 -0.0486522 0.00634196 0.998796 -1.24153 
0.998824 0.0191823 0.0445322 -0.152503 -0.0187155 0.999766 -0.0108754 1.38701 -0.0447304 0.0100291 0.998949 -0.85027 
0.99947 0.0284168 0.0159033 -0.176222 -0.0281692 0.999482 -0.0155812 1.36496 -0.0163378 0.015125 0.999752 -0.0786594 
0.999184 0.0340245 -0.0217799 -0.218814 -0.0344435 0.999223 -0.0191618 1.35159 0.021111 0.0198963 0.999579 0.674924 
0.997125 0.0307019 -0.069281 -0.286265 -0.0315288 0.999444 -0.0108737 1.32749 0.0689087 0.0130268 0.997538 1.41858 
0.991865 0.0418129 -0.120231 -0.43467 -0.0419827 0.999118 0.00112153 1.31459 0.120171 0.0039352 0.992745 2.1359 
0.984435 0.0451512 -0.169851 -0.595264 -0.0443943 0.99898 0.0082533 1.31278 0.17005 -0.000584419 0.985435 2.82735 
0.978048 0.0499384 -0.202308 -0.773951 -0.0477334 0.998736 0.0157668 1.30499 0.20284 -0.00576378 0.979195 3.50586 
0.975521 0.0618355 -0.211032 -0.954875 -0.0583355 0.998037 0.0227768 1.30235 0.212027 -0.0099086 0.977214 4.17508 
0.978266 0.0604887 -0.198336 -1.08494 -0.0572773 0.998118 0.0218942 1.30495 0.199288 -0.0100582 0.979889 4.83273 
0.982147 0.0529978 -0.180496 -1.16651 -0.0490735 0.998453 0.0261417 1.30092 0.181603 -0.0168174 0.983228 5.412 
0.985472 0.0552249 -0.160609 -1.21591 -0.0515732 0.998309 0.0268205 1.29519 0.161819 -0.0181477 0.986654 5.84156 
0.988251 0.0520999 -0.143688 -1.23343 -0.0492206 0.998511 0.0235234 1.29248 0.144699 -0.0161746 0.989343 6.12871 
