1 1.19763e-11 1.70464e-10 0 1.19763e-11 1 3.5625e-10 -1.11022e-16 1.70464e-10 3.5625e-10 1 2.22045e-16 
0.999998 0.00143088 -0.00136626 -0.0278736 -0.00143123 0.999999 -0.000257619 -0.0560812 0.00136589 0.000259574 0.999999 2.38418 
0.999992 0.00286033 -0.00273194 -0.0557354 -0.00286175 0.999996 -0.000515091 -0.112136 0.00273045 0.000522905 0.999996 4.76729 
0.999982 0.0042904 -0.00409898 -0.0836255 -0.0042936 0.999991 -0.000772789 -0.168246 0.00409563 0.000790375 0.999991 7.15277 
0.999969 0.00571877 -0.00546518 -0.111499 -0.00572448 0.999983 -0.00103029 -0.224319 0.0054592 0.00106155 0.999985 9.53676 
0.999951 0.00714577 -0.00683087 -0.139362 -0.00715472 0.999974 -0.00128767 -0.28037 0.00682149 0.00133648 0.999976 11.9198 
0.999906 0.0102148 -0.00911026 -0.181814 -0.010232 0.999946 -0.0018401 -0.365424 0.00909098 0.00193314 0.999957 15.4966 
0.999904 0.00937389 -0.0101513 -0.208176 -0.00938912 0.999955 -0.00145354 -0.419151 0.0101373 0.00154871 0.999947 17.881 
0.999893 0.00927013 -0.0113331 -0.237295 -0.00929306 0.999955 -0.00197185 -0.471514 0.0113143 0.00207696 0.999934 20.2702 
0.999874 0.00961327 -0.0126392 -0.270764 -0.00964448 0.999951 -0.00241051 -0.524744 0.0126154 0.00253211 0.999917 22.6588 
0.99985 0.00985233 -0.0142752 -0.307115 -0.00989673 0.999946 -0.00304227 -0.581233 0.0142445 0.00318309 0.999893 25.0468 
0.999832 0.00925498 -0.0158083 -0.347249 -0.00926459 0.999957 -0.000534481 -0.632943 0.0158027 0.000680849 0.999875 27.4417 
0.999801 0.0074613 -0.0185104 -0.411276 -0.0075089 0.999969 -0.00250366 -0.70872 0.0184912 0.00264216 0.999826 31.0279 
0.999774 0.00740399 -0.0199167 -0.459653 -0.0074443 0.99997 -0.00195049 -0.763253 0.0199017 0.00209831 0.9998 33.4202 
0.999758 0.00640272 -0.0210545 -0.509819 -0.00643811 0.999978 -0.00161332 -0.818272 0.0210438 0.00174848 0.999777 35.8126 
0.999746 0.0055957 -0.0218499 -0.562741 -0.00562143 0.999984 -0.00111657 -0.873467 0.0218433 0.00123911 0.999761 38.2069 
0.999747 0.0062008 -0.0216065 -0.61817 -0.00617996 0.99998 0.00103148 -0.926858 0.0216124 -0.000897686 0.999766 40.6024 
0.999739 0.00782238 -0.0214496 -0.675668 -0.00781302 0.999969 0.000520558 -0.977631 0.021453 -0.000352835 0.99977 42.9959 
0.999751 0.0110736 -0.019367 -0.735861 -0.010976 0.999927 0.00514141 -1.02036 0.0194225 -0.00492756 0.999799 45.3956 
0.999804 0.0119197 -0.0158213 -0.784447 -0.0117438 0.999869 0.0111629 -1.05121 0.0159523 -0.0109749 0.999812 47.8015 
0.999865 0.00992313 -0.013056 -0.822002 -0.00977267 0.999886 0.0115377 -1.07385 0.013169 -0.0114085 0.999848 50.2035 
0.999871 0.0115474 -0.0111836 -0.859463 -0.0114466 0.999894 0.00904029 -1.09829 0.0112868 -0.00891111 0.999897 52.6058 
0.99988 0.0099049 -0.0118841 -0.892873 -0.00981186 0.999921 0.00786143 -1.12788 0.011961 -0.00774388 0.999899 55.0152 
0.999837 0.0100971 -0.0149447 -0.933231 -0.00995818 0.999907 0.00933976 -1.16069 0.0150376 -0.00918942 0.999845 57.4278 
0.999799 0.0110527 -0.0167453 -0.981436 -0.0108951 0.999896 0.00946992 -1.19028 0.0168482 -0.00928557 0.999815 59.8386 
0.999786 0.0108011 -0.0176325 -1.03113 -0.0106471 0.999905 0.00880072 -1.22132 0.0177259 -0.0086111 0.999806 62.2456 
0.999793 0.00908842 -0.018201 -1.07847 -0.00893026 0.999922 0.00875222 -1.2517 0.0182792 -0.00858786 0.999796 64.6475 
0.999779 0.00952396 -0.0187288 -1.12954 -0.00934732 0.999911 0.00949644 -1.28111 0.0188176 -0.00931928 0.99978 67.0476 
0.999735 0.0131959 -0.0188793 -1.18693 -0.0130472 0.999883 0.00797869 -1.30942 0.0189824 -0.00773025 0.99979 69.4353 
0.999688 0.0166571 -0.0185977 -1.24323 -0.0164973 0.999826 0.00871377 -1.33946 0.0187396 -0.00840424 0.999789 71.816 
0.999704 0.0187315 -0.0155521 -1.29284 -0.0185739 0.999775 0.0102144 -1.37147 0.0157399 -0.00992248 0.999827 74.1875 
0.999836 0.0146383 -0.0106252 -1.32014 -0.0145978 0.999886 0.00388094 -1.40752 0.0106808 -0.0037252 0.999936 76.5408 
0.999881 0.0145024 -0.00525761 -1.33795 -0.0144706 0.999877 0.0060339 -1.4488 0.00534447 -0.00595709 0.999968 78.8946 
0.999885 0.0150247 0.00205161 -1.34229 -0.0150362 0.999871 0.00571294 -1.48583 -0.00196551 -0.00574313 0.999982 81.2345 
0.99988 0.0127292 0.00886334 -1.32387 -0.0127231 0.999919 -0.000739437 -1.53031 -0.00887203 0.000626579 0.999961 83.558 
0.999807 0.0116764 0.0157817 -1.29299 -0.0116789 0.999932 6.52823e-05 -1.58059 -0.0157798 -0.000249582 0.999876 85.877 
0.999651 0.0124442 0.0232842 -1.24713 -0.012416 0.999922 -0.00135718 -1.63067 -0.0232992 0.00106761 0.999728 88.1838 
0.999481 0.0122127 0.029818 -1.18274 -0.0120887 0.999918 -0.00433684 -1.68316 -0.0298685 0.00397413 0.999546 90.4834 
0.999319 0.0101085 0.0354901 -1.10175 -0.0100514 0.999948 -0.00178757 -1.73609 -0.0355063 0.00142963 0.999368 92.7913 
0.999138 0.00815756 0.0406936 -1.00612 -0.00821454 0.999965 0.00123296 -1.78507 -0.0406821 -0.00156617 0.999171 95.1026 
0.998965 0.00539851 0.0451542 -0.89754 -0.00520135 0.999976 -0.0044828 -1.83487 -0.0451773 0.0042433 0.99897 97.4132 
0.99879 0.00589486 0.0488303 -0.782045 -0.0054781 0.999947 -0.00866424 -1.89164 -0.0488788 0.00838626 0.998769 99.7397 
0.998865 0.005468 0.0473268 -0.607718 -0.00526529 0.999976 -0.00440692 -1.98309 -0.0473498 0.00415272 0.99887 103.279 
0.999189 0.00637717 0.0397667 -0.448327 -0.00625591 0.999975 -0.00317304 -2.06974 -0.0397859 0.00292169 0.999204 106.867 
0.999453 0.00797542 0.0320995 -0.365108 -0.00787451 0.999964 -0.00326915 -2.127 -0.0321244 0.00301459 0.999479 109.279 
0.999679 0.008809 0.0237386 -0.298528 -0.00878063 0.999961 -0.00129932 -2.18567 -0.0237491 0.00109046 0.999717 111.707 
0.999851 0.00934745 0.0145022 -0.253779 -0.00934393 0.999956 -0.000310941 -2.24015 -0.0145045 0.000175388 0.999895 114.142 
0.999932 0.0106937 0.0046037 -0.234072 -0.0106914 0.999943 -0.000525943 -2.29683 -0.00460906 0.000476688 0.999989 116.586 
0.999903 0.0134151 -0.00374102 -0.237293 -0.0134203 0.999909 -0.0013563 -2.358 0.00372248 0.00140637 0.999992 119.04 
0.999837 0.0167111 -0.00682861 -0.256232 -0.0167211 0.999859 -0.00140924 -2.41742 0.0068041 0.0015232 0.999976 121.501 
0.999755 0.0202564 -0.00889889 -0.283572 -0.0202553 0.999795 0.000204309 -2.4715 0.0089012 -2.40077e-05 0.99996 123.983 
0.999667 0.0235682 -0.0104931 -0.316815 -0.0235496 0.999721 0.00189471 -2.52162 0.0105348 -0.00164697 0.999943 126.47 
0.999638 0.0241768 -0.0118416 -0.353204 -0.0241148 0.999695 0.00534702 -2.56129 0.0119673 -0.00505952 0.999916 128.97 
0.99969 0.0211635 -0.0131168 -0.384545 -0.0211108 0.999768 0.00414784 -2.59617 0.0132015 -0.00386964 0.999905 131.476 
0.999767 0.0160332 -0.0144467 -0.413373 -0.0159196 0.999842 0.00794194 -2.63136 0.0145718 -0.0077101 0.999864 133.996 
0.999843 0.00989517 -0.0147093 -0.443887 -0.00978133 0.999922 0.00779134 -2.66006 0.0147852 -0.00764623 0.999861 136.523 
0.999878 0.00564459 -0.0145769 -0.472057 -0.00555702 0.999966 0.00604079 -2.69321 0.0146105 -0.00595904 0.999876 139.057 
0.99989 0.00597114 -0.0136025 -0.509951 -0.0058595 0.999949 0.00823257 -2.72813 0.013651 -0.00815196 0.999874 141.606 
0.999887 0.00866059 -0.0123187 -0.550146 -0.00854776 0.999921 0.00918276 -2.75953 0.0123973 -0.00907642 0.999882 144.153 
0.999892 0.00910511 -0.0114942 -0.586224 -0.0090539 0.999949 0.00449961 -2.79483 0.0115346 -0.00439506 0.999924 146.694 
0.999911 0.00789119 -0.0107591 -0.618401 -0.00792518 0.999964 -0.00311978 -2.84455 0.0107341 0.00320477 0.999937 149.227 
0.999915 0.00747066 -0.0106815 -0.649286 -0.00751224 0.999964 -0.00385818 -2.90876 0.0106523 0.00393809 0.999935 151.756 
0.999901 0.00893226 -0.0108898 -0.684175 -0.00895768 0.999957 -0.00228766 -2.96991 0.0108688 0.00238498 0.999938 154.288 
0.999885 0.00967133 -0.0116837 -0.721231 -0.00969494 0.999951 -0.00196518 -3.02488 0.0116641 0.00207822 0.99993 156.817 
0.999871 0.00943709 -0.0130048 -0.75814 -0.00944675 0.999955 -0.000680968 -3.07934 0.0129978 0.000803735 0.999915 159.342 
0.999842 0.0105925 -0.0142772 -0.798967 -0.010612 0.999943 -0.00129639 -3.13526 0.0142626 0.00144769 0.999897 161.864 
0.999806 0.0118748 -0.0157159 -0.844849 -0.0119134 0.999926 -0.0023666 -3.19122 0.0156867 0.00255337 0.999874 164.39 
0.999783 0.0118115 -0.0171891 -0.891591 -0.011886 0.99992 -0.00423947 -3.25233 0.0171377 0.00444285 0.999843 166.914 
0.999752 0.0123362 -0.0185243 -0.941804 -0.0123873 0.99992 -0.00264513 -3.31395 0.0184902 0.00287394 0.999825 169.441 
0.99972 0.0127729 -0.019905 -0.99577 -0.0128126 0.999916 -0.00186476 -3.37385 0.0198795 0.00211927 0.9998 171.971 
0.999661 0.0144512 -0.0216718 -1.08317 -0.0145182 0.99989 -0.00293639 -3.46124 0.0216269 0.00325002 0.999761 175.759 
0.999659 0.0132581 -0.0225007 -1.1675 -0.0133785 0.999897 -0.00520742 -3.55545 0.0224294 0.00550667 0.999733 179.549 
0.999681 0.0102488 -0.0230688 -1.22091 -0.0102893 0.999946 -0.00163495 -3.61722 0.0230509 0.00187179 0.999733 182.072 
0.999673 0.0103628 -0.0233607 -1.28027 -0.0103012 0.999943 0.00275764 -3.66913 0.0233879 -0.0025161 0.999723 184.593 
0.99965 0.0123045 -0.0234172 -1.34277 -0.0123672 0.99992 -0.00253445 -3.72236 0.0233842 0.00282317 0.999723 187.092 
0.999653 0.0119275 -0.023508 -1.40087 -0.0119497 0.999928 -0.000803738 -3.78186 0.0234967 0.00108437 0.999723 189.586 
0.999705 0.0114696 -0.0213956 -1.48235 -0.0114366 0.999933 0.001663 -3.86886 0.0214133 -0.00141782 0.99977 193.304 
0.999773 0.010028 -0.0187743 -1.52543 -0.0100574 0.999948 -0.00147379 -3.92931 0.0187585 0.00166228 0.999823 195.761 
0.999826 0.0092654 -0.0161766 -1.56132 -0.00928975 0.999956 -0.00143049 -3.99452 0.0161627 0.00158052 0.999868 198.199 
0.999861 0.00965481 -0.0136221 -1.59322 -0.00964213 0.999953 0.000996523 -4.05572 0.0136311 -0.000865037 0.999907 200.619 
0.999885 0.00982983 -0.0115409 -1.61957 -0.00981773 0.999951 0.00110458 -4.11261 0.0115512 -0.000991152 0.999933 203.016 
0.99991 0.0101237 -0.00875483 -1.64907 -0.0101128 0.999948 0.00128718 -4.19622 0.00876741 -0.00119853 0.999961 206.553 
0.999931 0.00830088 -0.00828296 -1.67052 -0.00827281 0.99996 0.00341813 -4.27705 0.008311 -0.00334937 0.99996 209.982 
0.999917 0.0088232 -0.00934657 -1.69261 -0.00880109 0.999958 0.00240453 -4.32686 0.0093674 -0.00232207 0.999953 212.191 
0.999905 0.00906468 -0.0103449 -1.71766 -0.00905148 0.999958 0.00132208 -4.3768 0.0103564 -0.00122831 0.999946 214.345 
0.999882 0.00812922 -0.0130471 -1.74418 -0.00810178 0.999965 0.00215459 -4.42687 0.0130641 -0.00204863 0.999913 216.448 
0.999825 0.00730526 -0.0172146 -1.77596 -0.00720667 0.999957 0.00578251 -4.47251 0.0172561 -0.00565743 0.999835 218.508 
0.999724 0.00788841 -0.0221393 -1.82019 -0.007773 0.999956 0.00529428 -4.51313 0.0221801 -0.00512072 0.999741 220.495 
0.999579 0.0085377 -0.027723 -1.8716 -0.00837363 0.999947 0.0060289 -4.5533 0.0277731 -0.00579422 0.999598 222.403 
0.99939 0.00884009 -0.0337725 -1.93108 -0.00866386 0.999948 0.00536098 -4.59419 0.0338181 -0.00506511 0.999415 224.219 
0.999147 0.00982997 -0.0401111 -1.99932 -0.00964786 0.999942 0.0047311 -4.63434 0.0401553 -0.00434007 0.999184 225.946 
0.998893 0.0120495 -0.0454686 -2.07606 -0.0118789 0.999921 0.00402076 -4.67414 0.0455135 -0.00347619 0.998958 227.589 
0.998855 0.0129183 -0.0460674 -2.14943 -0.012684 0.999905 0.00537645 -4.71057 0.0461325 -0.00478597 0.998924 229.159 
0.998893 0.0128098 -0.0452506 -2.21517 -0.0125671 0.999905 0.00564562 -4.74656 0.0453186 -0.0050707 0.99896 230.658 
0.998938 0.0132911 -0.0441086 -2.27881 -0.0132363 0.999911 0.00153503 -4.77892 0.044125 -0.000949568 0.999026 232.116 
0.999039 0.0140376 -0.0415125 -2.33855 -0.0140623 0.999901 -0.000304814 -4.81318 0.0415041 0.000888285 0.999138 233.56 
0.999191 0.0132864 -0.0379686 -2.38958 -0.0133178 0.999911 -0.000573615 -4.84796 0.0379576 0.00107881 0.999279 234.992 
0.999342 0.0131104 -0.0338217 -2.43716 -0.0131495 0.999913 -0.00093472 -4.88158 0.0338065 0.00137885 0.999428 236.409 
0.99954 0.0123102 -0.0277262 -2.47522 -0.0123198 0.999924 -0.000175058 -4.91213 0.0277219 0.000516559 0.999616 237.811 
0.999701 0.0109899 -0.0218298 -2.50154 -0.010982 0.99994 0.00048182 -4.94755 0.0218338 -0.00024194 0.999762 239.2 
0.999818 0.0103818 -0.0159961 -2.52029 -0.0103879 0.999946 -0.000297044 -4.98174 0.0159921 0.000463156 0.999872 240.575 
0.999885 0.0112616 -0.0101863 -2.53435 -0.0112818 0.999934 -0.00192606 -5.01566 0.0101639 0.00204076 0.999946 241.957 
0.999919 0.011816 -0.00476259 -2.54339 -0.011818 0.99993 -0.000381602 -5.04817 0.00475775 0.000437855 0.999989 243.356 
0.999935 0.0113925 -0.000171411 -2.54685 -0.0113928 0.999934 -0.00178213 -5.08029 0.000151097 0.00178397 0.999998 244.763 
0.999938 0.0108462 0.00249051 -2.54558 -0.0108313 0.999924 -0.0059351 -5.10904 -0.00255469 0.00590776 0.999979 246.186 
0.999946 0.0100129 0.00284872 -2.54206 -0.00999282 0.999926 -0.00699183 -5.14519 -0.00291852 0.00696299 0.999972 247.636 
0.999925 0.011761 0.00332098 -2.5422 -0.0117345 0.9999 -0.00786543 -5.18538 -0.00341315 0.00782587 0.999964 249.111 
0.999932 0.0110868 0.00352747 -2.54094 -0.0110516 0.99989 -0.00985862 -5.20598 -0.00363639 0.00981897 0.999945 249.857 
0.999983 0.00402366 0.00424756 -2.52926 -0.00396977 0.999912 -0.0126188 -5.24631 -0.00429796 0.0126017 0.999911 251.371 
0.999935 0.01001 0.00551496 -2.53441 -0.00999102 0.999944 -0.00346176 -5.28296 -0.00554931 0.00340643 0.999979 252.929 
0.999931 0.00828298 0.00826515 -2.52283 -0.00827762 0.999965 -0.000683216 -5.31615 -0.00827053 0.000614754 0.999966 254.511 
0.999803 0.0115532 0.016109 -2.50891 -0.0113657 0.999867 -0.011683 -5.34529 -0.0162419 0.0114976 0.999802 256.112 
0.999677 0.0116732 0.0225798 -2.47644 -0.0114726 0.999894 -0.00899468 -5.38577 -0.0226824 0.00873272 0.999705 257.758 
0.999583 0.00615029 0.0282192 -2.42627 -0.00603844 0.999974 -0.00404695 -5.42505 -0.0282434 0.00387486 0.999594 259.43 
0.99939 0.00817133 0.0339433 -2.37745 -0.00798873 0.999953 -0.00551177 -5.46745 -0.0339867 0.00523724 0.999409 261.103 
0.999204 0.00895698 0.0388821 -2.31559 -0.0086414 0.999928 -0.00827684 -5.50957 -0.0389534 0.00793425 0.999209 262.779 
0.998917 0.0113817 0.0451077 -2.24929 -0.0111924 0.999927 -0.00444753 -5.55757 -0.045155 0.00393785 0.998972 264.463 
0.998653 0.0117972 0.050521 -2.16903 -0.0115492 0.99992 -0.00519778 -5.60156 -0.0505783 0.00460731 0.99871 266.146 
0.998464 0.00718835 0.0549306 -2.07093 -0.00692358 0.999964 -0.00500896 -5.64239 -0.0549646 0.00462095 0.998478 267.834 
0.998395 0.00496856 0.0564207 -1.97234 -0.00469959 0.999977 -0.00489907 -5.68395 -0.0564437 0.00462605 0.998395 269.529 
0.998368 0.00482439 0.0569088 -1.87569 -0.00458219 0.99998 -0.0043856 -5.72699 -0.0569288 0.00411767 0.99837 271.234 
0.99846 0.00500763 0.0552475 -1.78334 -0.00476577 0.999978 -0.00450878 -5.77311 -0.0552689 0.00423854 0.998463 272.943 
0.998628 0.00591853 0.0520212 -1.70084 -0.00559772 0.999964 -0.00631051 -5.81491 -0.0520567 0.00601066 0.998626 274.651 
0.998766 0.00813344 0.0489941 -1.62267 -0.0078224 0.999948 -0.00653684 -5.85824 -0.0490447 0.00614552 0.998778 276.354 
0.998995 0.00842248 0.0440316 -1.55063 -0.00822813 0.999956 -0.00459322 -5.90115 -0.0440683 0.0042263 0.99902 278.052 
0.999363 0.00582291 0.0351951 -1.48931 -0.00581906 0.999983 -0.000211965 -5.94192 -0.0351957 7.02846e-06 0.99938 279.735 
0.999657 0.00491401 0.0257086 -1.44776 -0.00496239 0.999986 0.00181816 -5.97802 -0.0256993 -0.00194511 0.999668 281.39 
0.999858 0.00341794 0.0164903 -1.41905 -0.00346411 0.99999 0.00277228 -6.01085 -0.0164806 -0.00282901 0.99986 283.004 
0.999959 0.00344834 0.00839104 -1.41125 -0.00346866 0.999991 0.00240803 -6.04017 -0.00838266 -0.00243704 0.999962 284.555 
0.999993 0.00353435 0.000765703 -1.41778 -0.00353637 0.99999 0.0026483 -6.06917 -0.000756335 -0.00265099 0.999996 286.036 
0.999958 0.00381434 -0.00837492 -1.43582 -0.00381016 0.999993 0.000514589 -6.10138 0.00837682 -0.000482656 0.999965 287.433 
0.999719 0.00628369 -0.0228721 -1.47765 -0.00635626 0.999975 -0.00310117 -6.1326 0.022852 0.00324568 0.999734 288.751 
0.998896 0.006605 -0.0465137 -1.54562 -0.00681246 0.999968 -0.00430299 -6.16704 0.0464837 0.00461511 0.998908 290.017 
0.991448 0.013381 -0.129815 -1.83449 -0.0137845 0.999903 -0.0022104 -6.22425 0.129772 0.00398093 0.991536 292.379 
0.966428 0.0166369 -0.256399 -2.3679 -0.0161328 0.999862 0.00406952 -6.27107 0.256431 0.00020353 0.966562 294.512 
0.92833 0.0207961 -0.371175 -2.94905 -0.017502 0.999772 0.0122414 -6.30794 0.371345 -0.00486779 0.928482 295.902 
0.868843 0.0205875 -0.49466 -3.68733 -0.0137525 0.999753 0.0174538 -6.32823 0.494897 -0.00836182 0.868911 297.164 
0.782848 0.0220978 -0.621821 -4.58632 -0.0104315 0.999695 0.0223937 -6.33944 0.622126 -0.0110443 0.782839 298.262 
0.709248 0.0210131 -0.704646 -5.27032 -0.004494 0.99967 0.0252877 -6.34781 0.704945 -0.0147685 0.709109 298.869 
0.618595 0.0212149 -0.785423 -6.01439 0.0063723 0.999467 0.0320152 -6.33996 0.785684 -0.0248094 0.618131 299.434 
0.51501 0.0317447 -0.856596 -6.80887 0.00190339 0.999269 0.0381764 -6.33128 0.857182 -0.0212917 0.514573 299.805 
0.40308 0.0387493 -0.914344 -7.62009 -0.00102594 0.999122 0.0418898 -6.31563 0.915164 -0.0159469 0.402766 300.062 
0.286916 0.0441768 -0.956937 -8.43615 0.00348417 0.998881 0.0471579 -6.29231 0.95795 -0.0168645 0.286441 300.22 
0.165841 0.0515813 -0.984803 -9.27029 0.00873268 0.998515 0.0537701 -6.27121 0.986114 -0.0175172 0.165144 300.329 
-0.0286115 0.0676125 -0.997301 -10.5813 0.0145099 0.997633 0.0672187 -6.22432 0.999485 -0.0125475 -0.0295249 300.229 
-0.227627 0.0866127 -0.969889 -11.9432 0.0251397 0.996227 0.0830646 -6.15018 0.973424 -0.00547504 -0.228945 299.798 
-0.353129 0.0936364 -0.930877 -12.8598 0.0348506 0.995605 0.0869267 -6.09478 0.934925 -0.00174529 -0.35484 299.434 
-0.519594 0.0946639 -0.849153 -14.2125 0.0459407 0.995501 0.082868 -5.98976 0.853177 0.00404709 -0.521606 298.522 
-0.607122 0.0956122 -0.788836 -15.1162 0.050497 0.99537 0.081781 -5.91352 0.793003 0.00981719 -0.609139 297.802 
-0.680915 0.105633 -0.724704 -16.0243 0.0643617 0.994346 0.0844632 -5.83093 0.729529 0.0108691 -0.683864 296.918 
-0.749283 0.113476 -0.652455 -16.9039 0.0759321 0.993434 0.0855786 -5.73774 0.657882 0.0145804 -0.75298 295.877 
-0.779741 0.110185 -0.616331 -17.3224 0.0764321 0.993782 0.080967 -5.69239 0.62142 0.0160258 -0.783314 295.284 
-0.83237 0.102443 -0.54467 -18.1234 0.0777282 0.994633 0.0682891 -5.59632 0.548742 0.0145056 -0.835866 294.047 
-0.875764 0.0978334 -0.472723 -18.872 0.078503 0.995076 0.0605041 -5.50938 0.476314 0.0158772 -0.879132 292.636 
-0.913017 0.0936182 -0.397033 -19.5385 0.0779441 0.995413 0.0554726 -5.4355 0.400406 0.0197009 -0.916126 291.079 
-0.942603 0.0992123 -0.318837 -20.1292 0.0868463 0.994821 0.0528074 -5.36469 0.322425 0.0220865 -0.946337 289.39 
-0.964622 0.102636 -0.242839 -20.6125 0.0925591 0.994318 0.0525791 -5.29613 0.246856 0.028242 -0.968641 287.568 
-0.985364 0.0988385 -0.138881 -21.1166 0.0939911 0.994726 0.0410546 -5.19823 0.142207 0.0274002 -0.989458 284.63 
-0.994366 0.0948339 -0.0473559 -21.3587 0.0931642 0.994989 0.0363086 -5.11824 0.0505619 0.0316922 -0.998218 281.431 
-0.995538 0.0901444 0.0278974 -21.3456 0.091076 0.995258 0.0341483 -5.04425 -0.0246868 0.0365367 -0.999027 278.007 
-0.994471 0.0827435 0.064654 -21.2092 0.0847867 0.995962 0.0295192 -5.00136 -0.0619504 0.0348378 -0.997471 275.639 
-0.993718 0.0728344 0.0849721 -21.0019 0.0755538 0.996713 0.0292337 -4.96544 -0.0825636 0.03547 -0.995954 273.207 
-0.993731 0.0674377 0.0891622 -20.7768 0.0703133 0.997088 0.0295097 -4.92746 -0.0869125 0.035594 -0.99558 270.705 
-0.994305 0.0646509 0.0847192 -20.5552 0.0673417 0.9973 0.0292953 -4.88341 -0.0825965 0.0348336 -0.995974 268.136 
-0.994922 0.0631624 0.0783582 -20.3459 0.0657742 0.997346 0.0312087 -4.83852 -0.076179 0.0362041 -0.996437 265.51 
-0.995843 0.0609834 0.0676525 -20.1563 0.0634881 0.997351 0.0355105 -4.79953 -0.0653077 0.039658 -0.997077 262.848 
-0.996535 0.0601223 0.0574689 -19.9933 0.0623565 0.997334 0.0379073 -4.76049 -0.0550366 0.0413595 -0.997627 260.19 
-0.99725 0.0575239 0.0467308 -19.8553 0.0592684 0.997562 0.036842 -4.71799 -0.0444976 0.0395103 -0.998228 257.511 
-0.997763 0.0562884 0.0360518 -19.7459 0.0576884 0.997571 0.0390465 -4.67367 -0.0337664 0.0410389 -0.998587 254.824 
-0.997977 0.0576164 0.0268775 -19.6682 0.0587277 0.997366 0.0425707 -4.61864 -0.0243539 0.044063 -0.998732 252.123 
-0.998048 0.0591368 0.0200731 -19.6137 0.0599296 0.997339 0.0415063 -4.55642 -0.0175652 0.0426283 -0.998937 249.416 
-0.998137 0.0591983 0.0147777 -19.5693 0.0596954 0.997573 0.0358331 -4.50137 -0.0126206 0.0366485 -0.999248 246.706 
-0.998188 0.0592129 0.0107365 -19.538 0.0596028 0.997396 0.0406116 -4.445 -0.00830382 0.0411779 -0.999117 243.97 
-0.998114 0.0606161 0.00971818 -19.5138 0.0609638 0.997309 0.0407275 -4.37826 -0.00722329 0.0412431 -0.999123 241.222 
-0.997981 0.0626714 0.010313 -19.4932 0.0630302 0.997241 0.0392085 -4.317 -0.00782726 0.0397794 -0.999178 238.458 
-0.997771 0.0656159 0.012142 -19.4667 0.0660322 0.9971 0.0378388 -4.25571 -0.00962396 0.0385562 -0.99921 235.684 
-0.997792 0.0648515 0.0143111 -19.4304 0.0654015 0.996972 0.0420578 -4.18669 -0.0115402 0.0429009 -0.999013 232.893 
-0.997966 0.0617424 0.015851 -19.3813 0.0623657 0.997151 0.0424197 -4.12114 -0.0131868 0.043322 -0.998974 230.091 
-0.998033 0.0604636 0.0165655 -19.3324 0.0610939 0.997305 0.0406309 -4.06108 -0.0140641 0.041563 -0.999037 227.283 
-0.997966 0.0614959 0.0168017 -19.2882 0.0621177 0.997291 0.0394034 -4.00341 -0.014333 0.040367 -0.999082 224.454 
-0.997963 0.0613937 0.0173255 -19.241 0.0620628 0.997223 0.0411638 -3.94556 -0.0147502 0.0421552 -0.999002 221.611 
-0.997984 0.0611058 0.0171689 -19.1907 0.0617821 0.997202 0.042095 -3.88454 -0.0145486 0.0430708 -0.998966 218.756 
-0.997911 0.062211 0.0173995 -19.1405 0.0628876 0.997157 0.0414991 -3.81669 -0.0147683 0.0425067 -0.998987 215.892 
-0.99787 0.0628501 0.0174598 -19.084 0.0635439 0.997073 0.0425218 -3.74454 -0.0147362 0.0435407 -0.998943 213.011 
-0.997826 0.0636074 0.0172678 -19.0221 0.0642469 0.997155 0.0394219 -3.6702 -0.0147112 0.0404456 -0.999073 210.124 
-0.997852 0.0631863 0.0173172 -18.9602 0.0638142 0.99722 0.0384841 -3.59675 -0.0148374 0.0395065 -0.999109 207.219 
-0.997984 0.0610634 0.0173202 -18.8961 0.0617471 0.997201 0.0421475 -3.52479 -0.0146981 0.0431319 -0.998961 204.295 
-0.99794 0.0617754 0.0173135 -18.8371 0.062452 0.997176 0.0417199 -3.45304 -0.0146874 0.0427152 -0.998979 201.368 
-0.997888 0.062688 0.0170078 -18.7808 0.0633664 0.997071 0.0428183 -3.38478 -0.0142738 0.0438056 -0.998938 198.44 
-0.998025 0.0609385 0.0152772 -18.7236 0.0615833 0.997039 0.0460573 -3.31386 -0.0124253 0.0469071 -0.998822 195.515 
-0.998162 0.059105 0.0133474 -18.6712 0.0596663 0.997133 0.0465325 -3.24151 -0.0105588 0.0472433 -0.998828 192.6 
-0.998118 0.0602425 0.0114617 -18.6285 0.0607002 0.997142 0.0449787 -3.17062 -0.00871928 0.0455898 -0.998922 189.691 
-0.998096 0.0607915 0.0104141 -18.5941 0.0612041 0.997093 0.0453942 -3.1077 -0.00762424 0.0459451 -0.998915 186.794 
-0.998131 0.0604498 0.00902349 -18.5605 0.0608012 0.9971 0.0457688 -3.04424 -0.00623061 0.0462318 -0.998911 183.909 
-0.998156 0.0602652 0.00722776 -18.5334 0.0605447 0.996998 0.048264 -2.97727 -0.00429743 0.0486126 -0.998808 181.032 
-0.998199 0.059895 0.00323911 -18.5152 0.0599806 0.997142 0.0459439 -2.90829 -0.000478051 0.0460554 -0.998939 178.175 
-0.998113 0.0613978 -0.000664971 -18.5102 0.0612897 0.996892 0.0495055 -2.83865 0.00370243 0.0493714 -0.998774 175.337 
-0.998024 0.0626469 -0.0048148 -18.5183 0.0623395 0.996867 0.0486763 -2.76955 0.00784914 0.04828 -0.998803 172.537 
-0.997975 0.062982 -0.00888985 -18.5371 0.0624394 0.996699 0.0518804 -2.70136 0.012128 0.0512203 -0.998614 169.792 
-0.997866 0.0640468 -0.0127156 -18.5681 0.063298 0.996615 0.0524611 -2.63353 0.0160325 0.0515443 -0.998542 167.126 
-0.997822 0.0641553 -0.0153698 -18.605 0.0632094 0.996447 0.0556675 -2.56588 0.0188866 0.0545747 -0.998331 164.539 
-0.997856 0.0635031 -0.0158523 -18.6621 0.0625813 0.996626 0.0530981 -2.47385 0.0191707 0.0519922 -0.998463 160.837 
-0.997796 0.0645406 -0.0153892 -18.7004 0.0636388 0.996551 0.0532498 -2.42222 0.0187729 0.0521531 -0.998463 158.493 
-0.997811 0.0645853 -0.0142252 -18.7334 0.0636958 0.996398 0.055983 -2.3708 0.0177897 0.0549543 -0.99833 156.25 
-0.99794 0.0627639 -0.0132854 -18.7623 0.0619265 0.996502 0.056109 -2.32265 0.0167606 0.0551707 -0.998336 154.117 
-0.997892 0.0637176 -0.0122759 -18.7924 0.0629679 0.996554 0.0539915 -2.27446 0.0156738 0.0531048 -0.998466 152.087 
-0.997912 0.0635831 -0.0113027 -18.8164 0.0628687 0.996498 0.0551257 -2.23022 0.0147682 0.0543001 -0.998416 150.162 
-0.997919 0.0636418 -0.0104049 -18.8377 0.062965 0.996448 0.0559198 -2.18775 0.0139268 0.0551483 -0.998381 148.339 
-0.998009 0.0624197 -0.00907076 -18.8548 0.0618204 0.996529 0.0557508 -2.1442 0.0125192 0.055079 -0.998403 146.599 
-0.997672 0.0677028 -0.00815838 -18.8824 0.0672119 0.996478 0.0501328 -2.07834 0.0115238 0.0494677 -0.998709 144.104 
-0.997589 0.0689579 -0.00781221 -18.9013 0.068504 0.996485 0.0482197 -2.02299 0.0111099 0.0475683 -0.998806 141.752 
-0.997558 0.0692891 -0.00880415 -18.9195 0.0687757 0.996418 0.0492041 -1.97456 0.0121819 0.0484784 -0.99875 139.499 
-0.997204 0.0739792 -0.0105095 -18.9546 0.0734402 0.996295 0.0447485 -1.91499 0.013781 0.0438516 -0.998943 136.621 
-0.997186 0.0739533 -0.0123225 -18.9791 0.0734361 0.996569 0.0381627 -1.88135 0.0151025 0.0371503 -0.999196 134.517 
-0.996996 0.0762837 -0.0133804 -19.0039 0.0756835 0.996299 0.040751 -1.83902 0.0164395 0.0396159 -0.99908 132.429 
-0.997851 0.0639298 -0.0143858 -19.0117 0.0634115 0.997409 0.0339853 -1.81349 0.0165212 0.033 -0.999319 130.377 
-0.99785 0.0639143 -0.0144844 -19.0298 0.0635588 0.997694 0.0238037 -1.79041 0.0159724 0.0228319 -0.999612 128.995 
-0.99846 0.0543389 -0.0111999 -19.0369 0.053955 0.998026 0.0321262 -1.76235 0.0129236 0.0314724 -0.999421 126.832 
-0.998518 0.0540495 -0.00636716 -19.0431 0.0538162 0.998025 0.0324093 -1.73955 0.00810629 0.0320186 -0.999454 125.339 
-0.998691 0.0511419 0.000177795 -19.034 0.051124 0.998235 0.0302153 -1.70496 0.00136779 0.0301849 -0.999543 123.793 
-0.998732 0.0498256 0.00723671 -19.0174 0.0500668 0.998014 0.0382285 -1.67161 -0.00531758 0.0385423 -0.999243 122.172 
-0.998505 0.0527305 0.0144175 -18.9955 0.0532862 0.997723 0.0413387 -1.63046 -0.0122048 0.0420452 -0.999041 120.489 
-0.998193 0.0558516 0.0221827 -18.9624 0.0566488 0.997705 0.0371005 -1.58386 -0.0200596 0.0382901 -0.999065 118.74 
-0.997796 0.0591212 0.0301125 -18.9125 0.060193 0.997536 0.0360261 -1.53944 -0.0279085 0.0377593 -0.998897 116.921 
-0.997348 0.061709 0.0385996 -18.8457 0.0632519 0.997191 0.0401166 -1.49574 -0.0360157 0.0424517 -0.998449 115.028 
-0.996694 0.0661833 0.0471176 -18.7626 0.0679748 0.996982 0.0374914 -1.44961 -0.0444941 0.0405703 -0.998185 113.072 
-0.996159 0.0681779 0.0549391 -18.6547 0.0700116 0.997027 0.0321729 -1.40278 -0.0525822 0.0358957 -0.997971 111.05 
-0.995888 0.0681864 0.0596542 -18.5267 0.0701692 0.997028 0.031798 -1.36259 -0.0573087 0.0358532 -0.997713 108.955 
-0.995916 0.06685 0.0606814 -18.3897 0.0685437 0.997302 0.0262697 -1.32609 -0.0587615 0.0303217 -0.997811 106.796 
-0.995718 0.0703541 0.0599628 -18.2568 0.072024 0.99706 0.0261548 -1.28814 -0.0579464 0.0303616 -0.997858 104.562 
-0.995749 0.0702485 0.0595828 -18.1174 0.0724216 0.996755 0.0351296 -1.24473 -0.0569217 0.0392953 -0.997605 102.246 
-0.995946 0.0686017 0.0581869 -17.972 0.0704953 0.997026 0.0311391 -1.19566 -0.0558777 0.0351147 -0.99782 99.8817 
-0.996093 0.0671447 0.0573521 -17.825 0.0690053 0.997131 0.0310997 -1.15122 -0.0550995 0.0349358 -0.997869 97.4478 
-0.996118 0.0682695 0.0555728 -17.6842 0.0701844 0.996979 0.0332645 -1.10252 -0.053134 0.0370357 -0.9979 94.9527 
-0.996426 0.0665296 0.0520477 -17.5437 0.0683455 0.997085 0.0339224 -1.04997 -0.0496392 0.0373584 -0.998068 92.3932 
-0.996925 0.062717 0.0469784 -17.41 0.0643324 0.997359 0.0336984 -0.999006 -0.0447409 0.036617 -0.998327 89.7748 
-0.997034 0.0652185 0.0408576 -17.2933 0.0660695 0.997618 0.0198344 -0.958478 -0.0394667 0.0224751 -0.998968 87.1097 
-0.997277 0.0644023 0.0359441 -17.1883 0.0656562 0.997233 0.0348659 -0.921829 -0.0335992 0.0371309 -0.998745 84.3517 
-0.997628 0.0626751 0.028451 -17.0483 0.0636003 0.997434 0.0328702 -0.833061 -0.0263179 0.0346018 -0.999055 80.1265 
-0.997567 0.0652774 0.0244777 -16.9736 0.0660827 0.997246 0.0336774 -0.77713 -0.022212 0.035213 -0.999133 77.2278 
-0.997685 0.0648601 0.0204358 -16.9054 0.065599 0.997128 0.0378406 -0.718759 -0.0179228 0.0390936 -0.999075 74.2844 
-0.997908 0.0625151 0.0164783 -16.8449 0.0631926 0.997012 0.0444279 -0.658898 -0.0136517 0.0453762 -0.998877 71.3345 
-0.997889 0.0637888 0.0121463 -16.7792 0.0642598 0.996988 0.0434333 -0.561778 -0.00933915 0.0441222 -0.998982 66.9246 
-0.997965 0.0628922 0.0105077 -16.7413 0.0633012 0.996995 0.044643 -0.498323 -0.00766845 0.0452173 -0.998948 63.9872 
-0.997979 0.0628915 0.00913444 -16.7074 0.0632192 0.997131 0.0416291 -0.434222 -0.00649012 0.0421224 -0.999091 61.0593 
-0.997902 0.0641339 0.00885618 -16.6773 0.0644805 0.996815 0.0469377 -0.369666 -0.00581768 0.0474103 -0.998859 58.1185 
-0.997906 0.0639373 0.00978201 -16.6429 0.0643437 0.996711 0.0492656 -0.292801 -0.00659993 0.0497918 -0.998738 55.1885 
-0.997945 0.0630505 0.0114147 -16.6009 0.0634781 0.997096 0.0420764 -0.223878 -0.00872856 0.0427145 -0.999049 52.277 
-0.997986 0.0621162 0.0128457 -16.5545 0.0626129 0.997121 0.0427734 -0.166754 -0.0101518 0.0434916 -0.999002 49.3668 
-0.997934 0.062616 0.0144088 -16.5059 0.0632509 0.996799 0.0489048 -0.101866 -0.0113004 0.0497151 -0.998699 46.4611 
-0.998035 0.0609618 0.0145139 -16.4517 0.0615518 0.997114 0.0444384 -0.033908 -0.011763 0.0452444 -0.998907 43.5757 
-0.998019 0.0614399 0.0135326 -16.4018 0.0619543 0.997212 0.0415955 0.0226727 -0.0109392 0.0423515 -0.999043 40.6979 
-0.997983 0.0621364 0.0129854 -16.3568 0.0626727 0.996971 0.0460597 0.0806055 -0.0100841 0.0467806 -0.998854 37.8248 
-0.998182 0.0591261 0.0116832 -16.3076 0.0595861 0.997252 0.0440101 0.141409 -0.00904897 0.0446263 -0.998963 34.97 
-0.998196 0.0590737 0.0107624 -16.264 0.0594783 0.997335 0.0422528 0.199871 -0.00823772 0.0428167 -0.999049 32.1247 
-0.997929 0.0634506 0.0106129 -16.2299 0.0638552 0.997009 0.0435431 0.257281 -0.00781827 0.0441306 -0.998995 29.2847 
-0.997895 0.0640028 0.0104941 -16.1949 0.0643988 0.99699 0.0431749 0.31566 -0.00769923 0.0437598 -0.999012 26.4574 
-0.998126 0.0604119 0.00971564 -16.1536 0.0607778 0.997213 0.0432686 0.374359 -0.00707463 0.043778 -0.999016 23.6461 
-0.9982 0.0592573 0.00926063 -16.1162 0.0596122 0.997232 0.0444489 0.432365 -0.00660107 0.044921 -0.998969 20.8566 
-0.99807 0.0614475 0.00894594 -16.0866 0.0617925 0.997052 0.0454919 0.492678 -0.0061242 0.0459569 -0.998925 18.0884 
-0.998072 0.0614799 0.00852173 -16.0573 0.0617977 0.997111 0.0441592 0.553933 -0.00578222 0.0446006 -0.998988 15.333 
-0.998439 0.0553321 0.00763527 -16.0196 0.0555814 0.997745 0.0376306 0.605206 -0.00553587 0.0379962 -0.999263 12.595 
-0.998666 0.0509918 0.00816161 -15.9818 0.051293 0.997785 0.0423519 0.653636 -0.00598393 0.0427141 -0.999069 9.853 
-0.998372 0.0563739 0.0086936 -15.9576 0.0567184 0.997309 0.046461 0.712668 -0.00605102 0.0468784 -0.998882 7.1228 
-0.997939 0.0635082 0.00913385 -15.9388 0.0638699 0.996845 0.0471324 0.778721 -0.00611174 0.0476187 -0.998847 4.40032 
-0.997895 0.0642503 0.0088642 -15.9092 0.0645692 0.997019 0.0422432 0.844665 -0.00612364 0.0427266 -0.999068 1.6761 
-0.998143 0.0603587 0.00826222 -15.8712 0.0606548 0.997268 0.0421595 0.904504 -0.00569496 0.0425823 -0.999077 -1.06317 
-0.998181 0.0597811 0.00780661 -15.8384 0.0600465 0.997396 0.0399395 0.960124 -0.00539866 0.0403356 -0.999172 -3.81359 
-0.998222 0.0591147 0.00762183 -15.8082 0.0593741 0.997429 0.0401221 1.01409 -0.00523043 0.0405033 -0.999166 -6.57647 
-0.998412 0.0558965 0.00700252 -15.7739 0.0561322 0.997627 0.0398757 1.07072 -0.00475699 0.0402055 -0.99918 -9.35714 
-0.998639 0.0517386 0.00654927 -15.7385 0.0519726 0.997727 0.0428829 1.12967 -0.00431569 0.0431649 -0.999059 -12.1499 
-0.998726 0.0500959 0.00607549 -15.7058 0.0502939 0.997986 0.0386471 1.18872 -0.00412719 0.0389034 -0.999235 -14.951 
-0.998792 0.0487102 0.00648413 -15.6752 0.0489209 0.998089 0.0377468 1.2389 -0.00463308 0.0380184 -0.999266 -17.7644 
-0.998865 0.0471492 0.00675802 -15.6435 0.0473475 0.998333 0.0330146 1.27911 -0.00519014 0.0332971 -0.999432 -20.5842 
-0.998679 0.0508047 0.00766811 -15.6178 0.0510482 0.998052 0.0358622 1.32013 -0.0058312 0.0362063 -0.999327 -23.4244 
-0.998599 0.0521993 0.00862454 -15.5903 0.0524732 0.997996 0.0353532 1.36253 -0.00676185 0.0357562 -0.999338 -26.2678 
-0.998682 0.0505942 0.0085833 -15.554 0.0508564 0.998136 0.033729 1.40128 -0.00686082 0.034121 -0.999394 -29.1154 
-0.998572 0.0524995 0.00988939 -15.5214 0.0528449 0.997853 0.0386915 1.4506 -0.00783687 0.0391589 -0.999202 -31.9731 
-0.998298 0.0571705 0.0115002 -15.4933 0.057566 0.997632 0.0376419 1.49691 -0.00932092 0.0382399 -0.999225 -34.82 
-0.998095 0.0604876 0.0121391 -15.4609 0.0609207 0.997372 0.039204 1.54276 -0.00973584 0.0398688 -0.999158 -37.6656 
-0.997835 0.0644816 0.0129439 -15.4267 0.0649635 0.997041 0.0411068 1.59371 -0.010255 0.0418587 -0.999071 -40.499 
-0.997556 0.0686397 0.0130485 -15.3925 0.0690995 0.996853 0.0388498 1.64734 -0.0103408 0.0396565 -0.99916 -43.3226 
-0.997339 0.0716734 0.0133133 -15.357 0.0720763 0.996861 0.032755 1.68978 -0.0109238 0.0336274 -0.999375 -46.1304 
-0.997355 0.0714112 0.013534 -15.3171 0.0718627 0.996747 0.0364779 1.73364 -0.010885 0.037354 -0.999243 -48.944 
-0.997374 0.0711834 0.0133521 -15.277 0.0716144 0.996811 0.0351958 1.78328 -0.0108041 0.0360595 -0.999291 -51.7485 
-0.997393 0.0710542 0.0126076 -15.2375 0.0714522 0.996845 0.0345727 1.83399 -0.0101113 0.0353834 -0.999323 -54.5479 
-0.9975 0.069862 0.0106725 -15.1995 0.0701945 0.996925 0.0348311 1.88302 -0.00820634 0.0354931 -0.999336 -57.3521 
-0.997382 0.0717489 0.00900512 -15.1701 0.0720127 0.99684 0.0335279 1.92781 -0.00657107 0.0340886 -0.999397 -60.1507 
-0.997461 0.0708244 0.00744125 -15.1423 0.0710401 0.996878 0.034464 1.96959 -0.00497713 0.0349052 -0.999378 -62.9515 
-0.997604 0.0689395 0.00583632 -15.1134 0.0691036 0.996981 0.0353996 2.0103 -0.00337827 0.0357181 -0.999356 -65.7507 
-0.997618 0.0688109 0.00479244 -15.0914 0.0689383 0.996985 0.0356059 2.05244 -0.00232792 0.0358515 -0.999354 -68.5388 
-0.997516 0.0702577 0.00501102 -15.0745 0.0703829 0.997003 0.032117 2.08736 -0.00273954 0.03239 -0.999472 -71.3233 
-0.997456 0.0710485 0.00580028 -15.0538 0.0712018 0.996917 0.0329676 2.11708 -0.0034401 0.0332967 -0.99944 -74.0953 
-0.997261 0.0735477 0.00782347 -15.0308 0.0737887 0.996584 0.0370851 2.14655 -0.00506922 0.0375608 -0.999282 -76.8564 
-0.997205 0.0741079 0.00952148 -14.9983 0.0743836 0.996687 0.0329016 2.17982 -0.00705167 0.0335179 -0.999413 -79.5932 
-0.997432 0.0709471 0.00984352 -14.9596 0.0712243 0.996964 0.0314566 2.20092 -0.00758188 0.0320769 -0.999457 -82.3173 
-0.997388 0.0715138 0.0101887 -14.9247 0.0718585 0.996657 0.0388668 2.23251 -0.00737515 0.0394974 -0.999193 -85.0349 
-0.997341 0.0722239 0.00967253 -14.8919 0.072536 0.996673 0.0371662 2.26864 -0.00695607 0.037769 -0.999262 -87.7267 
-0.997481 0.0705109 0.00777731 -14.8566 0.070738 0.996903 0.0343721 2.29699 -0.00532961 0.0348357 -0.999379 -90.408 
-0.997593 0.0690708 0.00619157 -14.8243 0.0692534 0.996912 0.037008 2.32693 -0.00361628 0.0373477 -0.999296 -93.0767 
-0.997599 0.0690894 0.00478244 -14.798 0.0692142 0.996998 0.0347163 2.3579 -0.00236956 0.034964 -0.999386 -95.7244 
-0.997626 0.0687711 0.00347244 -14.776 0.068853 0.996924 0.0374336 2.38983 -0.00088741 0.0375839 -0.999293 -98.3634 
-0.99761 0.0690694 0.00167024 -14.7585 0.0690834 0.996904 0.037534 2.42687 0.000927379 0.0375597 -0.999294 -100.984 
-0.997622 0.0689271 0.000230392 -14.7441 0.068888 0.996932 0.0371479 2.46267 0.00233081 0.0370755 -0.99931 -103.593 
-0.997635 0.0687242 -0.00106915 -14.7342 0.0686391 0.996969 0.036613 2.49831 0.0035821 0.036453 -0.999329 -106.186 
-0.997614 0.0689949 -0.00235413 -14.7282 0.0688753 0.997045 0.0340206 2.53066 0.00469442 0.0337773 -0.999418 -108.763 
-0.997602 0.0691565 -0.00263122 -14.7256 0.0690068 0.99689 0.0380598 2.56369 0.00525512 0.037787 -0.999272 -111.329 
-0.997581 0.0694796 -0.00230498 -14.7215 0.0693539 0.996957 0.0355917 2.60037 0.00477087 0.0353457 -0.999364 -113.877 
-0.997481 0.0709084 -0.00202276 -14.7178 0.0707866 0.996815 0.0367401 2.6342 0.0046215 0.0365043 -0.999323 -116.411 
-0.997483 0.0708889 -0.00137939 -14.7128 0.070783 0.996744 0.0386111 2.66779 0.004112 0.0384162 -0.999253 -118.924 
-0.997499 0.0706612 -0.00129007 -14.7057 0.0705612 0.996782 0.0380352 2.70391 0.00397353 0.0378491 -0.999276 -121.414 
-0.997525 0.0702808 -0.00204413 -14.7005 0.0701557 0.996836 0.0373667 2.73591 0.00466383 0.0371309 -0.9993 -123.867 
-0.997661 0.0681987 -0.00456355 -14.6983 0.0679697 0.996923 0.0390418 2.7678 0.0072121 0.0386403 -0.999227 -126.287 
-0.997769 0.066379 -0.00712739 -14.7012 0.0660528 0.997054 0.0389994 2.80139 0.00969513 0.0384416 -0.999214 -128.67 
-0.99771 0.0670396 -0.00899215 -14.7123 0.0666653 0.997092 0.0369197 2.83317 0.0114411 0.0362357 -0.999278 -131.009 
-0.997614 0.0685077 -0.0086063 -14.7249 0.0680969 0.996823 0.041318 2.864 0.0114096 0.0406334 -0.999109 -133.3 
-0.997332 0.0724942 -0.00855478 -14.7431 0.0720832 0.996545 0.0412445 2.89521 0.0115152 0.0405178 -0.999112 -135.514 
-0.997449 0.0708443 -0.00874071 -14.7523 0.070377 0.996483 0.0454944 2.92894 0.011933 0.0447632 -0.998926 -137.654 
-0.997495 0.069693 -0.0121148 -14.7647 0.0691004 0.996644 0.0438919 2.96476 0.0151331 0.0429447 -0.998963 -139.696 
-0.997417 0.0703488 -0.0145347 -14.7849 0.069635 0.996564 0.0448565 2.99326 0.0176404 0.0437285 -0.998888 -141.631 
-0.997272 0.072306 -0.0148594 -14.8085 0.0715657 0.9964 0.0454434 3.02 0.0180918 0.044256 -0.998856 -143.452 
-0.996956 0.0776416 -0.007091 -14.8233 0.0772658 0.996075 0.0431864 3.04471 0.0104162 0.0425071 -0.999042 -145.155 
-0.9961 0.0854175 0.0220899 -14.7976 0.0862628 0.995442 0.0406577 3.06559 -0.0185163 0.0424047 -0.998929 -146.744 
-0.993891 0.0852339 0.0701148 -14.6882 0.0882946 0.995218 0.0417719 3.07911 -0.0662192 0.0477074 -0.996664 -148.225 
-0.982944 0.0822819 0.164473 -14.3642 0.0897488 0.995221 0.0384828 3.08778 -0.160521 0.0525877 -0.985631 -150.225 
-0.935309 0.0828505 0.343995 -13.6085 0.0951721 0.995278 0.0190584 3.07671 -0.340791 0.0505641 -0.938778 -152.477 
-0.825376 0.0781119 0.559154 -12.4465 0.0951401 0.995463 0.00137499 3.01524 -0.55651 0.0543328 -0.829063 -154.267 
-0.64112 0.0668705 0.764522 -10.9011 0.0890672 0.995948 -0.0124219 2.92644 -0.762255 0.0601299 -0.644478 -155.63 
-0.466543 0.052451 0.882942 -9.56712 0.0728102 0.99713 -0.0207618 2.84459 -0.881497 0.0546009 -0.469023 -156.278 
-0.272887 0.0513658 0.960674 -8.1744 0.0657933 0.997232 -0.0346315 2.7555 -0.959794 0.0537555 -0.275511 -156.635 
-0.0674921 0.0400966 0.996914 -6.73417 0.0515394 0.997998 -0.0366509 2.66501 -0.996388 0.0489067 -0.0694235 -156.651 
0.144625 0.00644498 0.989466 -5.26192 0.0436742 0.998963 -0.0128905 2.59331 -0.988522 0.0450784 0.144193 -156.394 
0.354543 -0.00971526 0.934989 -3.83834 0.0364165 0.999331 -0.00342514 2.54241 -0.93433 0.0352634 0.35466 -155.808 
0.605961 -0.0273115 0.795026 -2.05796 0.0349979 0.999358 0.00765593 2.51038 -0.794724 0.023185 0.606527 -154.484 
0.794075 -0.0246446 0.60732 -0.551078 0.0345662 0.999392 -0.00464092 2.47881 -0.606836 0.024678 0.794444 -152.632 
0.897119 -0.0275291 0.440931 0.323482 0.0312158 0.999512 -0.00110833 2.44633 -0.440685 0.0147583 0.89754 -150.88 
0.961264 -0.0203929 0.274873 0.912912 0.0215376 0.999767 -0.0011466 2.41062 -0.274785 0.00702228 0.96148 -148.838 
0.982129 -0.00892197 0.187998 1.16323 0.00989766 0.999942 -0.00425174 2.39343 -0.18795 0.0060365 0.98216 -147.348 
0.992934 -0.00852119 0.118363 1.3485 0.00877211 0.99996 -0.00159911 2.37192 -0.118344 0.0026261 0.992969 -145.76 
0.999235 0.000596287 0.0391035 1.46345 -0.000538774 0.999999 -0.00148133 2.33266 -0.0391043 0.00145913 0.999234 -143.198 
0.999849 0.0109134 0.0134872 1.46874 -0.0108618 0.999933 -0.00388731 2.30591 -0.0135288 0.00374023 0.999901 -141.387 
0.999845 0.0152851 0.00875467 1.47997 -0.0152588 0.999879 -0.00305959 2.2747 -0.00880038 0.00292553 0.999957 -139.492 
0.999888 0.0134044 0.00664639 1.49937 -0.0133989 0.99991 -0.000862366 2.24674 -0.00665736 0.000773215 0.999977 -137.518 
0.999923 0.0121291 0.00263555 1.50541 -0.0121249 0.999925 -0.0016103 2.22017 -0.00265488 0.00157822 0.999995 -135.474 
0.999931 0.0117224 -0.0011019 1.50333 -0.0117204 0.99993 0.00180502 2.1902 0.00112298 -0.00179197 0.999998 -133.352 
0.999941 0.00984413 -0.00459016 1.49856 -0.00983727 0.99995 0.00151402 2.15963 0.00460484 -0.00146877 0.999988 -131.16 
0.999936 0.00882262 -0.00705863 1.48238 -0.00882496 0.999961 -0.000301176 2.12814 0.0070557 0.000363449 0.999975 -128.9 
0.999914 0.0102522 -0.00817577 1.45844 -0.0102628 0.999946 -0.00125177 2.09264 0.0081625 0.00133557 0.999966 -126.576 
0.999915 0.0107294 -0.00748023 1.43672 -0.0107402 0.999941 -0.00141414 2.05364 0.00746462 0.00149436 0.999971 -124.185 
0.999923 0.0113665 -0.00506283 1.41804 -0.0113801 0.999932 -0.0026616 2.00988 0.00503223 0.00271901 0.999984 -121.734 
0.999955 0.00947717 -0.000513648 1.4074 -0.00948161 0.99991 -0.00946364 1.92729 0.000423914 0.00946808 0.999955 -117.951 
0.999972 0.00723788 -0.00168479 1.40266 -0.00725195 0.999938 -0.00849893 1.86428 0.00162317 0.00851091 0.999962 -115.348 
0.999958 0.00737359 -0.00535383 1.38503 -0.00744232 0.999889 -0.0129321 1.80021 0.00525788 0.0129714 0.999902 -112.695 
0.999915 0.00704996 -0.0109665 1.3518 -0.00715884 0.999925 -0.00992103 1.73425 0.0108957 0.0099987 0.999891 -109.973 
0.999877 0.00780346 -0.0135794 1.30829 -0.00795817 0.999904 -0.0113769 1.66847 0.0134893 0.0114836 0.999843 -107.2 
0.999852 0.00698651 -0.0157324 1.25962 -0.00719603 0.999886 -0.013301 1.60165 0.0156377 0.0134122 0.999788 -104.368 
0.999821 0.00836419 -0.0169627 1.20221 -0.00857034 0.99989 -0.0121175 1.53005 0.0168595 0.0122607 0.999783 -101.479 
0.999815 0.0104954 -0.0161081 1.14214 -0.0106122 0.999918 -0.00718013 1.46328 0.0160314 0.00734974 0.999845 -98.5291 
0.999831 0.0101851 -0.0153075 1.08927 -0.010167 0.999947 0.00126104 1.41068 0.0153196 -0.0011052 0.999882 -95.5157 
0.999823 0.0113265 -0.0150307 1.03657 -0.0111802 0.99989 0.00978402 1.37467 0.0151399 -0.00961424 0.999839 -92.4914 
0.999806 0.0125832 -0.0151279 0.984734 -0.0123926 0.999843 0.0126239 1.34847 0.0152844 -0.012434 0.999806 -89.4761 
0.999822 0.0112986 -0.015085 0.939998 -0.0111744 0.999903 0.00829353 1.31647 0.0151772 -0.00812349 0.999852 -86.4669 
0.999853 0.0109409 -0.01321 0.899547 -0.0107972 0.999882 0.0108983 1.28285 0.0133277 -0.010754 0.999853 -83.4544 
0.999887 0.00892408 -0.0121206 0.867953 -0.00881557 0.999921 0.008977 1.25271 0.0121998 -0.00886913 0.999886 -80.4455 
0.999907 0.00806865 -0.0109755 0.838174 -0.00794838 0.999908 0.0109575 1.21971 0.0110629 -0.0108692 0.99988 -77.4396 
0.999925 0.0066165 -0.0103479 0.813423 -0.00646361 0.99987 0.01474 1.19918 0.0104441 -0.014672 0.999838 -74.432 
0.99988 0.00963817 -0.0120959 0.763954 -0.00955552 0.999931 0.00687253 1.1606 0.0121613 -0.00675612 0.999903 -69.956 
0.999844 0.0121631 -0.0127739 0.725241 -0.0120305 0.999873 0.0104053 1.12832 0.0128989 -0.01025 0.999864 -66.9713 
0.999866 0.0081017 -0.0142115 0.69463 -0.00798501 0.999934 0.00824855 1.0961 0.0142774 -0.00813396 0.999865 -64.0052 
0.999852 0.00626006 -0.0160062 0.658775 -0.0060981 0.99993 0.0101478 1.06748 0.0160686 -0.0100487 0.99982 -61.0454 
0.999814 0.00516177 -0.0185817 0.613503 -0.00503926 0.999965 0.00663401 1.03098 0.0186153 -0.00653914 0.999805 -58.1035 
0.999764 0.00495666 -0.0211389 0.557118 -0.00470921 0.99992 0.0117398 1.00576 0.0211954 -0.0116375 0.999708 -55.1606 
0.999737 0.00664611 -0.0219689 0.490709 -0.00641283 0.999923 0.0106722 0.984688 0.0220381 -0.0105285 0.999702 -52.2367 
0.999721 0.00805106 -0.0222255 0.423541 -0.00782193 0.999915 0.0103771 0.955865 0.0223072 -0.0102003 0.999699 -49.3229 
0.99974 0.00707287 -0.0216946 0.362164 -0.00686557 0.99993 0.00961465 0.923009 0.0217611 -0.0094632 0.999718 -46.418 
0.999777 0.00454244 -0.0206411 0.307032 -0.00434322 0.999944 0.00968621 0.891114 0.020684 -0.00959439 0.99974 -43.5256 
0.999812 0.0040199 -0.018972 0.254373 -0.00380432 0.999928 0.0113852 0.859437 0.0190164 -0.0113109 0.999755 -40.6366 
0.999835 0.00500473 -0.0174609 0.202969 -0.00486423 0.999955 0.00807965 0.825329 0.0175005 -0.00799338 0.999815 -37.7625 
0.999844 0.00814148 -0.0156654 0.153725 -0.00798807 0.99992 0.00983073 0.786514 0.0157442 -0.00970406 0.999829 -34.8951 
0.999865 0.00926329 -0.0135506 0.113374 -0.00911079 0.999895 0.0112724 0.752231 0.0136536 -0.0111474 0.999845 -32.036 
0.999917 0.00854751 -0.00961471 0.0722408 -0.00846929 0.999931 0.0081477 0.698098 0.00968368 -0.0080656 0.999921 -27.7775 
0.999936 0.0091043 -0.00674339 0.0525687 -0.00906695 0.999943 0.00554838 0.658693 0.00679352 -0.00548688 0.999962 -24.9477 
0.999917 0.0120946 -0.00436897 0.0372092 -0.0121051 0.999924 -0.00237793 0.602174 0.00433988 0.00243062 0.999988 -22.1399 
0.999932 0.0113816 -0.00264603 0.0292589 -0.011391 0.999929 -0.00356673 0.529558 0.00260524 0.00359663 0.99999 -19.3406 
0.999949 0.00988953 -0.00189962 0.0251613 -0.00988924 0.999951 0.000165118 0.462474 0.00190116 -0.000146323 0.999998 -16.5503 
0.999967 0.00780728 -0.00209357 0.0235453 -0.00781055 0.999968 -0.00155948 0.398755 0.00208133 0.00157578 0.999997 -13.7826 
0.999959 0.00822479 -0.00370034 0.0152809 -0.00822951 0.999965 -0.00126137 0.334385 0.00368983 0.00129177 0.999992 -11.0274 
0.999942 0.00878378 -0.00625895 -0.000536566 -0.00878448 0.999961 -8.41102e-05 0.27162 0.00625797 0.000139088 0.99998 -8.28514 
0.999935 0.00769983 -0.00845656 -0.0204447 -0.00770561 0.99997 -0.00065134 0.210832 0.0084513 0.000716461 0.999964 -5.54803 
0.999934 0.00711778 -0.00907319 -0.0443722 -0.00714658 0.999969 -0.00314525 0.147333 0.00905053 0.00320988 0.999954 -2.81852 
0.999919 0.00818961 -0.00971312 -0.0728973 -0.0082078 0.999965 -0.00183403 0.0781693 0.00969776 0.0019136 0.999951 -0.0907003 
0.999904 0.00947299 -0.0101157 -0.103171 -0.00950038 0.999951 -0.00266294 0.0117715 0.0100899 0.00275879 0.999945 2.629 
0.999896 0.00997054 -0.0104697 -0.131883 -0.0099956 0.999947 -0.00234403 -0.0534628 0.0104458 0.00244844 0.999942 5.3441 
0.999896 0.00956685 -0.0108254 -0.160177 -0.00960319 0.999948 -0.00330995 -0.122172 0.0107931 0.00341357 0.999936 8.05983 
0.99988 0.0111967 -0.0107393 -0.192609 -0.0112069 0.999937 -0.000882468 -0.187042 0.0107287 0.00100272 0.999942 10.7711 
0.999884 0.0109558 -0.0106095 -0.223104 -0.0109786 0.999938 -0.00209245 -0.253449 0.0105859 0.00220869 0.999942 13.4773 
0.999887 0.0107439 -0.0105229 -0.24822 -0.0107665 0.99994 -0.00210194 -0.323711 0.0104997 0.002215 0.999942 16.1809 
0.999902 0.00959972 -0.0101858 -0.270914 -0.00961066 0.999953 -0.00102539 -0.393605 0.0101755 0.00112319 0.999948 18.8831 
0.999903 0.00942695 -0.0102787 -0.295209 -0.009454 0.999952 -0.00258692 -0.463001 0.0102538 0.00268384 0.999944 21.5802 
0.99989 0.00998392 -0.0109986 -0.323376 -0.0100052 0.999948 -0.00187851 -0.531503 0.0109792 0.00198834 0.999938 24.2731 
0.999879 0.00994228 -0.0119725 -0.353458 -0.00995208 0.99995 -0.000759186 -0.599164 0.0119644 0.000878246 0.999928 26.9549 
0.999899 0.00814263 -0.0116475 -0.39768 -0.00815591 0.999966 -0.00109309 -0.692571 0.0116382 0.00118798 0.999932 30.9509 
0.999908 0.00823961 -0.0107865 -0.427007 -0.00824899 0.999966 -0.00082473 -0.756656 0.0107793 0.000913632 0.999942 33.6065 
0.999925 0.00725552 -0.00987332 -0.451537 -0.00725917 0.999974 -0.000333467 -0.820635 0.00987064 0.000405115 0.999951 36.2434 
0.999943 0.00507233 -0.00942728 -0.471855 -0.00506587 0.999987 0.000708524 -0.882457 0.00943075 -0.000660725 0.999955 38.8665 
0.999917 0.00481222 -0.0119837 -0.512504 -0.0047895 0.999987 0.00192473 -0.96857 0.0119928 -0.00186717 0.999926 42.7784 
0.999873 0.0080665 -0.0137198 -0.555204 -0.0079799 0.999948 0.00635529 -1.01928 0.0137704 -0.006245 0.999886 45.3732 
0.999841 0.00938594 -0.0151389 -0.599992 -0.00918364 0.999868 0.013378 -1.05363 0.0152625 -0.0132368 0.999796 47.9611 
0.999822 0.00793904 -0.0171234 -0.645636 -0.00771999 0.999888 0.0128205 -1.07581 0.0172233 -0.012686 0.999771 50.5277 
0.999767 0.00990617 -0.0192006 -0.702063 -0.0097107 0.9999 0.010247 -1.10074 0.0193002 -0.0100582 0.999763 53.0872 
0.999711 0.0109756 -0.0213677 -0.762477 -0.0107843 0.999901 0.00904439 -1.13043 0.0214649 -0.00881134 0.999731 55.6295 
0.999663 0.0111168 -0.0234822 -0.826899 -0.0108664 0.999883 0.0107669 -1.15994 0.0235991 -0.0105081 0.999666 58.1709 
0.99962 0.0117461 -0.0249266 -0.895091 -0.0114935 0.999881 0.0102507 -1.18876 0.025044 -0.00996028 0.999637 60.6946 
0.999612 0.00954751 -0.0261525 -0.962179 -0.00931379 0.999916 0.0090444 -1.21881 0.0262366 -0.00879731 0.999617 63.2074 
0.999578 0.00865387 -0.0277283 -1.03183 -0.00835604 0.999906 0.0108389 -1.25052 0.0278195 -0.0106026 0.999557 65.7102 
0.999535 0.0108649 -0.0285042 -1.10741 -0.0106364 0.99991 0.00815287 -1.28461 0.0285903 -0.00784589 0.99956 68.1914 
0.999479 0.0157054 -0.0281809 -1.18816 -0.0154693 0.999843 0.00857761 -1.3212 0.0283112 -0.0081372 0.999566 70.6688 
0.999521 0.0179641 -0.0252003 -1.26138 -0.0177 0.999786 0.0106648 -1.35467 0.0253866 -0.0102136 0.999625 73.1272 
0.999617 0.0167106 -0.0220411 -1.31822 -0.0164551 0.999796 0.0117197 -1.38775 0.0222325 -0.0113525 0.999688 75.5436 
0.999725 0.0148688 -0.0181578 -1.3594 -0.0147373 0.999864 0.00735439 -1.42426 0.0182647 -0.00708476 0.999808 77.8869 
0.999804 0.0155306 -0.0122789 -1.3923 -0.0153701 0.999797 0.0130563 -1.45977 0.0124792 -0.012865 0.999839 80.1599 
0.999873 0.0148627 -0.005661 -1.40727 -0.0148384 0.999881 0.00431511 -1.49546 0.00572446 -0.00423056 0.999975 82.3668 
0.999936 0.0112716 -0.000414292 -1.40264 -0.011273 0.999931 -0.00345439 -1.5422 0.000375327 0.00345884 0.999994 84.5575 
0.999944 0.0102222 0.00258063 -1.39409 -0.0102255 0.999947 0.0012644 -1.58721 -0.00256756 -0.00129072 0.999996 86.7511 
0.999937 0.0103484 0.00446965 -1.38556 -0.0103396 0.999945 -0.00198846 -1.63004 -0.00448998 0.00194212 0.999988 88.9192 
0.999927 0.010544 0.00593118 -1.3724 -0.0105397 0.999944 -0.00076665 -1.68101 -0.00593893 0.000704082 0.999982 91.0757 
0.999951 0.00817915 0.00553071 -1.35611 -0.00818853 0.999965 0.00167431 -1.72617 -0.00551683 -0.00171952 0.999983 93.2186 
0.999991 0.00419108 0.00112622 -1.34311 -0.00419422 0.999987 0.00279085 -1.76908 -0.00111451 -0.00279554 0.999996 95.3447 
0.999979 0.00163043 -0.00627262 -1.34636 -0.00164798 0.999995 -0.00279474 -1.81246 0.00626803 0.00280502 0.999976 97.4521 
0.99989 0.00327834 -0.0144855 -1.37506 -0.00339155 0.999964 -0.00779717 -1.8619 0.0144594 0.00784544 0.999865 99.5701 
0.999652 0.0043286 -0.0260357 -1.42669 -0.00445486 0.999979 -0.00479332 -1.91325 0.0260144 0.00490764 0.999649 101.71 
0.998893 0.00662856 -0.0465775 -1.56179 -0.0067319 0.999975 -0.00206229 -1.98822 0.0465626 0.00237356 0.998913 104.957 
0.998533 0.0141633 -0.0522539 -1.68624 -0.0142327 0.999898 -0.000955202 -2.03441 0.0522351 0.00169751 0.998633 107.147 
0.998666 0.0226462 -0.0464063 -1.80604 -0.0228085 0.999735 -0.00297024 -2.07976 0.0463268 0.00402474 0.998918 109.362 
0.999274 0.0277619 -0.0261069 -1.92809 -0.0277922 0.999613 -0.000795026 -2.14515 0.0260747 0.00152002 0.999659 112.744 
0.999581 0.0288375 0.00238192 -1.95614 -0.028829 0.999578 -0.00352748 -2.21029 -0.00248264 0.00345734 0.999991 116.179 
0.999257 0.0247684 0.0295318 -1.87627 -0.0246168 0.999682 -0.00548519 -2.28696 -0.0296582 0.00475414 0.999549 119.684 
0.998523 0.0256773 0.0478767 -1.72507 -0.0255545 0.999668 -0.00317484 -2.3627 -0.0479424 0.00194669 0.998848 123.258 
0.997927 0.0309322 0.0564267 -1.6021 -0.0308434 0.999521 -0.00244323 -2.41093 -0.0564753 0.000697772 0.998404 125.684 
0.997675 0.0304103 0.0609879 -1.45419 -0.0304262 0.999537 -0.000668203 -2.45578 -0.0609799 -0.00118898 0.998138 128.143 
0.99791 0.0239163 0.0600336 -1.29261 -0.0235869 0.999703 -0.0061889 -2.5044 -0.0601638 0.00475996 0.998177 130.641 
0.998395 0.0151963 0.0545484 -1.13533 -0.015147 0.999884 -0.00131698 -2.55262 -0.0545621 0.000488622 0.99851 133.189 
0.999045 0.00592289 0.0432819 -0.998254 -0.0060132 0.99998 0.00195672 -2.59374 -0.0432695 -0.00221512 0.999061 135.781 
0.999551 -0.000384143 0.0299523 -0.895798 0.000368038 1 0.000543208 -2.63369 -0.0299525 -0.00053194 0.999551 138.414 
0.999837 -0.000837119 0.0180326 -0.832678 0.000790071 0.999996 0.00261601 -2.67491 -0.0180347 -0.00260133 0.999834 141.091 
0.99997 0.00202422 0.00741989 -0.808213 -0.00205217 0.999991 0.0037617 -2.71165 -0.00741221 -0.00377681 0.999965 143.817 
0.999988 0.00407951 -0.00264361 -0.810774 -0.00408283 0.999991 -0.00125029 -2.75099 0.00263848 0.00126107 0.999996 146.574 
0.999947 0.00543981 -0.0086835 -0.831134 -0.00552028 0.999942 -0.00926976 -2.81104 0.00863257 0.00931721 0.999919 149.366 
0.999907 0.00667626 -0.0119173 -0.863698 -0.00678888 0.999932 -0.00943505 -2.88442 0.0118535 0.00951508 0.999884 152.202 
0.999858 0.00792681 -0.014837 -0.903141 -0.00802462 0.999946 -0.00654436 -2.95948 0.0147843 0.0066625 0.999869 155.065 
0.9998 0.00869267 -0.0179849 -0.950588 -0.00876453 0.999954 -0.00392053 -3.03026 0.01795 0.00407738 0.999831 157.949 
0.999725 0.00920587 -0.0215529 -1.00734 -0.00921536 0.999958 -0.000340841 -3.09665 0.0215489 0.000539366 0.999768 160.832 
0.999639 0.0108822 -0.0245741 -1.07563 -0.0109356 0.999938 -0.0020368 -3.16205 0.0245504 0.00230479 0.999696 163.709 
0.999595 0.0124982 -0.0255814 -1.15096 -0.012613 0.999911 -0.00432869 -3.23206 0.0255251 0.0046496 0.999663 166.581 
0.99959 0.0138631 -0.0250621 -1.22558 -0.0139312 0.9999 -0.00254169 -3.30334 0.0250244 0.00288979 0.999683 169.454 
0.999611 0.0141976 -0.0239837 -1.29763 -0.0142154 0.999899 -0.000573338 -3.37169 0.0239731 0.000914053 0.999712 172.319 
0.999639 0.0167295 -0.0210189 -1.39848 -0.0167649 0.999858 -0.00150696 -3.47535 0.0209907 0.0018588 0.999778 176.593 
0.999718 0.0151731 -0.0182651 -1.45339 -0.0152528 0.999875 -0.00423083 -3.54707 0.0181986 0.00450823 0.999824 179.425 
0.999814 0.0114109 -0.0155648 -1.49824 -0.0114355 0.999934 -0.00149195 -3.61967 0.0155467 0.00166967 0.999878 182.25 
0.999854 0.0117464 -0.0124305 -1.53974 -0.0117244 0.99993 0.0018463 -3.68014 0.0124513 -0.00170029 0.999921 185.062 
0.999867 0.0131036 -0.00966811 -1.57611 -0.0131279 0.999911 -0.00245229 -3.74206 0.00963511 0.00257889 0.99995 187.848 
0.999897 0.012146 -0.00766263 -1.60307 -0.0121496 0.999926 -0.000425805 -3.81174 0.00765689 0.000518859 0.999971 190.634 
0.99993 0.00921631 -0.00739166 -1.62376 -0.00921019 0.999957 0.000862672 -3.87512 0.0073993 -0.000794532 0.999972 193.401 
0.999939 0.00763987 -0.00798336 -1.64554 -0.00765878 0.999968 -0.00234008 -3.93893 0.00796523 0.00240108 0.999965 196.151 
0.999934 0.00791798 -0.00830524 -1.66987 -0.00793233 0.999967 -0.00169677 -4.00913 0.00829153 0.00176254 0.999964 198.89 
0.999927 0.00834002 -0.00870327 -1.69488 -0.00833969 0.999965 7.40808e-05 -4.07485 0.00870359 -1.49204e-06 0.999962 201.611 
0.999919 0.00930269 -0.00874058 -1.71741 -0.00929869 0.999957 0.000498685 -4.13988 0.00874484 -0.000417367 0.999962 204.323 
0.99992 0.00865411 -0.00925187 -1.74644 -0.00866641 0.999962 -0.00128937 -4.23878 0.00924036 0.00136945 0.999956 208.351 
0.999912 0.00917958 -0.00954222 -1.7684 -0.00917849 0.999958 0.000157949 -4.30382 0.00954327 -7.03512e-05 0.999954 211.025 
0.99991 0.0084997 -0.0104277 -1.79249 -0.00849995 0.999964 2.07607e-05 -4.36604 0.0104275 6.78767e-05 0.999946 213.667 
0.99989 0.00728059 -0.0128905 -1.81496 -0.00723664 0.999968 0.00345304 -4.4286 0.0129152 -0.00335938 0.999911 216.248 
0.99985 0.00693461 -0.0158431 -1.84251 -0.00680562 0.999943 0.00818132 -4.48688 0.0158989 -0.00807227 0.999841 218.743 
0.999792 0.00796873 -0.0187638 -1.87789 -0.00783383 0.999943 0.00725191 -4.54048 0.0188206 -0.00710341 0.999798 221.129 
0.999675 0.00755195 -0.0243648 -1.91724 -0.00737213 0.999945 0.00746202 -4.5983 0.0244198 -0.00727997 0.999675 223.411 
0.99947 0.00762329 -0.0316542 -1.97197 -0.00741455 0.99995 0.00670652 -4.65183 0.0317037 -0.00646827 0.999476 225.567 
0.999272 0.0105696 -0.0366511 -2.04015 -0.010331 0.999924 0.00669175 -4.70634 0.0367191 -0.00630823 0.999306 227.603 
0.999168 0.0106209 -0.0393855 -2.10601 -0.0102425 0.9999 0.00979874 -4.75544 0.0394856 -0.00938717 0.999176 229.512 
0.999037 0.0108268 -0.0425183 -2.17419 -0.0104048 0.999895 0.0101344 -4.79916 0.0426235 -0.00968221 0.999044 231.287 
0.998866 0.0112791 -0.0462446 -2.24367 -0.0109146 0.999907 0.0081267 -4.83857 0.0463319 -0.00761275 0.998897 232.933 
0.998854 0.0143185 -0.0456753 -2.31497 -0.0142577 0.999897 0.0016569 -4.88163 0.0456943 -0.00100377 0.998955 234.492 
0.999186 0.0156679 -0.0371754 -2.37256 -0.0157825 0.999872 -0.00279294 -4.92369 0.0371268 0.00337739 0.999305 236.037 
0.999507 0.0124689 -0.0288 -2.40634 -0.0125046 0.999921 -0.00105678 -4.96168 0.0287845 0.00141639 0.999585 237.576 
0.999739 0.0111929 -0.0199357 -2.43817 -0.0111914 0.999937 0.000186744 -4.99782 0.0199366 3.64147e-05 0.999801 239.102 
0.999878 0.010918 -0.0111957 -2.45747 -0.0109199 0.99994 -0.000106954 -5.03286 0.0111939 0.000229197 0.999937 240.614 
0.999935 0.0107658 -0.00380285 -2.47112 -0.0107612 0.999941 0.00124042 -5.06402 0.00381598 -0.00119941 0.999992 242.113 
0.999946 0.0102916 0.00127187 -2.48123 -0.0102954 0.999942 0.0030135 -5.09046 -0.00124078 -0.00302643 0.999995 243.601 
0.999945 0.00997389 0.00316272 -2.4876 -0.00997165 0.99995 -0.000722525 -5.11872 -0.00316977 0.000690949 0.999995 245.075 
0.999931 0.0108862 0.00432856 -2.49473 -0.0108568 0.999918 -0.00674159 -5.14736 -0.0044016 0.00669414 0.999968 246.562 
0.99995 0.00947468 0.00335241 -2.49861 -0.00945301 0.999935 -0.00642029 -5.18259 -0.00341302 0.00638827 0.999974 248.072 
0.999939 0.0108327 0.00214409 -2.50649 -0.010816 0.999912 -0.00766826 -5.21822 -0.00222697 0.0076446 0.999968 249.599 
0.999955 0.00917799 0.00250435 -2.5085 -0.00915225 0.999907 -0.010104 -5.23778 -0.00259685 0.0100807 0.999946 250.367 
0.999974 0.00647066 0.00330329 -2.50556 -0.00643096 0.999909 -0.0118911 -5.25684 -0.00337993 0.0118695 0.999924 251.139 
0.999941 0.00943383 0.00546748 -2.50854 -0.00941287 0.999948 -0.00384571 -5.28923 -0.00550348 0.00379402 0.999978 252.712 
0.999932 0.00762052 0.00880185 -2.49893 -0.0076374 0.999969 0.00188615 -5.32153 -0.0087872 -0.00195324 0.99996 254.304 
0.999841 0.00966056 0.0149915 -2.48556 -0.00952473 0.999913 -0.00910548 -5.35112 -0.0150782 0.00896123 0.999846 255.9 
0.999745 0.0112058 0.0196219 -2.46159 -0.0110435 0.999904 -0.00836132 -5.39272 -0.0197137 0.00814249 0.999772 257.526 
0.999711 0.00528078 0.0234687 -2.41879 -0.00517708 0.999977 -0.00447748 -5.43242 -0.0234918 0.00435469 0.999715 259.176 
0.999603 0.00662415 0.0273786 -2.3794 -0.00642021 0.999951 -0.00753045 -5.47242 -0.0274271 0.00735168 0.999597 260.844 
0.999505 0.00836831 0.0303227 -2.33165 -0.00798002 0.999885 -0.0129036 -5.51346 -0.0304272 0.0126553 0.999457 262.541 
0.999351 0.0103832 0.0344983 -2.27845 -0.0100653 0.999905 -0.00937528 -5.56079 -0.0345924 0.00902196 0.999361 264.283 
0.999279 0.0107355 0.0364094 -2.21703 -0.0103993 0.999902 -0.00941175 -5.60834 -0.0365068 0.00902633 0.999293 266.059 
0.999305 0.00718729 0.0365843 -2.14456 -0.00687914 0.99994 -0.00854203 -5.65782 -0.0366435 0.00828442 0.999294 267.869 
0.999301 0.00533131 0.0369889 -2.073 -0.00504757 0.999957 -0.00776024 -5.71053 -0.0370287 0.00756811 0.999286 269.712 
0.999319 0.00534121 0.0364991 -2.00814 -0.00516026 0.999974 -0.00505026 -5.75997 -0.0365251 0.00485848 0.999321 271.578 
0.999412 0.00513294 0.0339154 -1.94858 -0.00497863 0.999977 -0.00463298 -5.81304 -0.0339384 0.0044614 0.999414 273.451 
0.999556 0.00685795 0.0289802 -1.90331 -0.00667537 0.999957 -0.00639219 -5.86275 -0.0290228 0.0061959 0.99956 275.322 
0.999676 0.00968985 0.0235365 -1.87196 -0.00955122 0.999936 -0.005995 -5.9146 -0.0235931 0.00576826 0.999705 277.189 
0.999771 0.0107142 0.018524 -1.85017 -0.0106689 0.99994 -0.00254572 -5.96524 -0.0185502 0.00234751 0.999825 279.055 
0.999838 0.0110778 0.014208 -1.83488 -0.011073 0.999939 -0.00041388 -6.01177 -0.0142117 0.000256488 0.999899 280.907 
0.999886 0.0106071 0.0107204 -1.82442 -0.0106054 0.999944 -0.000211188 -6.05424 -0.010722 9.74708e-05 0.999942 282.747 
0.999916 0.010349 0.00780321 -1.81919 -0.0103421 0.999946 -0.00091367 -6.09725 -0.00781224 0.000832892 0.999969 284.574 
0.999927 0.011004 0.00509827 -1.82129 -0.011009 0.999939 0.000959674 -6.14008 -0.0050874 -0.00101573 0.999987 286.356 
0.999885 0.0147244 0.00354105 -1.83113 -0.0147188 0.99989 -0.00160719 -6.18604 -0.00356433 0.00155489 0.999992 288.06 
0.999816 0.0189332 0.00321028 -1.83857 -0.0189107 0.999798 -0.00688311 -6.23275 -0.00333995 0.00682113 0.999971 289.717 
0.999736 0.022622 0.00404441 -1.84383 -0.0225888 0.999712 -0.00808112 -6.28158 -0.00422606 0.00798763 0.999959 291.366 
0.999648 0.0257467 0.00646194 -1.84324 -0.0256819 0.999621 -0.00991638 -6.33235 -0.00671481 0.00974693 0.99993 293 
0.999567 0.0279209 0.00926955 -1.83619 -0.0278365 0.999571 -0.00911195 -6.38743 -0.00951999 0.00884998 0.999915 294.62 
0.999648 0.0250029 0.00885666 -1.81794 -0.0249784 0.999684 -0.00287006 -6.46419 -0.00892562 0.00264782 0.999957 297.031 
0.99971 0.023367 0.00587398 -1.81204 -0.0233649 0.999727 -0.000420881 -6.50651 -0.00588221 0.000283514 0.999983 298.624 
0.999788 0.0204435 0.00247834 -1.80762 -0.0204467 0.99979 0.00126768 -6.54155 -0.0024519 -0.00131808 0.999996 300.223 
