0.000000 0.000000 0.000000 0.000000
-0.030863 3.247150 -0.103326 3.240460
-0.727014 7.057530 -0.774974 7.049420
-1.746030 11.261500 -1.875960 11.233000
-3.471580 16.794900 -3.727640 16.701300
-5.895730 23.141200 -6.201250 22.990300
-9.164410 30.059700 -9.504180 29.888600
-12.302300 35.844400 -12.661200 35.666800
-15.867400 42.190400 -16.333800 41.957900
-21.057000 50.296800 -21.572800 50.010900
-26.809000 58.015100 -27.306400 57.729500
-31.678300 63.840500 -32.161400 63.574300
-37.054600 69.473000 -37.475800 69.239000
-43.783800 75.735600 -44.147500 75.536000
-51.001600 81.890600 -51.361100 81.666900
-58.880900 87.676300 -59.271700 87.412200
-66.373300 92.200900 -66.792200 91.896600
-74.262500 96.288100 -74.720500 95.923300
-83.280100 100.563000 -83.770300 100.239000
-89.740200 103.428000 -90.252000 103.014000
-97.868400 107.211000 -98.359300 106.763000
-103.560000 110.480000 -104.035000 110.036000
-108.816000 114.087000 -109.262000 113.650000
-113.542000 117.859000 -113.947000 117.510000
-118.446000 122.324000 -118.772000 122.036000
-122.564000 126.794000 -122.849000 126.533000
-126.010000 131.550000 -126.245000 131.286000
-129.799000 138.221000 -130.061000 137.955000
-132.254000 143.168000 -132.482000 142.919000
-134.944000 149.597000 -135.101000 149.330000
-136.683000 155.790000 -136.861000 155.454000
-137.639000 162.601000 -137.864000 162.069000
-137.760000 169.938000 -137.973000 169.389000
-136.980000 177.606000 -137.186000 177.040000
-135.291000 185.551000 -135.464000 184.934000
-132.704000 193.619000 -132.869000 192.978000
-129.061000 201.617000 -129.062000 200.882000
-124.069000 209.090000 -124.092000 208.334000
-117.911000 215.820000 -117.807000 214.955000
-110.946000 221.745000 -110.846000 220.839000
-103.583000 226.502000 -103.514000 225.627000
-96.025700 229.936000 -95.959300 229.047000
-88.577500 232.223000 -88.536700 231.342000
-81.317100 233.532000 -81.297600 232.728000
-74.337400 234.018000 -74.342100 233.256000
-67.810800 234.097000 -67.827600 233.360000
-58.589600 234.109000 -58.630000 233.476000
-52.669500 234.321000 -52.720500 233.749000
-45.914700 234.881000 -45.976700 234.415000
-39.291200 235.758000 -39.352300 235.361000
-31.872100 237.159000 -31.955100 236.814000
-26.164200 238.361000 -26.271000 238.082000
-20.420100 239.738000 -20.546600 239.566000
-13.865400 241.811000 -14.021800 241.725000
-7.504110 244.352000 -7.679600 244.290000
-1.445170 247.224000 -1.657300 247.227000
5.069510 250.915000 4.847450 250.931000
11.369500 255.107000 11.219400 255.012000
16.952800 258.864000 16.775600 258.798000
21.828500 262.121000 21.641400 262.052000
26.718300 265.404000 26.489400 265.395000
31.515400 268.787000 31.208900 268.855000
36.123100 272.380000 35.739000 272.539000
40.562700 276.384000 40.140600 276.603000
46.188000 282.426000 45.719700 282.676000
51.294100 289.274000 50.757000 289.582000
55.462600 295.748000 54.869800 296.079000
59.046600 301.474000 58.431700 301.819000
62.626800 307.313000 61.944300 307.695000
66.336200 314.343000 65.547900 314.771000
68.911200 320.538000 68.031000 321.006000
71.544500 327.823000 70.604400 328.312000
73.846800 335.152000 72.811000 335.669000
75.646600 341.266000 74.536200 341.798000
77.905700 347.705000 76.770300 348.232000
79.981600 354.876000 78.781600 355.401000
80.577900 360.347000 79.359400 360.924000
79.948300 367.765000 78.710200 368.331000
79.075400 374.578000 77.906200 375.151000
78.236900 381.936000 77.076400 382.510000
77.453700 388.562000 76.279500 389.142000
76.381300 395.209000 75.148300 395.757000
74.947300 401.713000 73.677800 402.251000
73.300400 408.080000 72.016300 408.616000
71.452300 414.455000 70.192800 414.999000
69.555400 420.879000 68.298000 421.413000
67.582800 427.297000 66.299800 427.822000
65.692600 433.668000 64.373700 434.178000
63.918300 439.927000 62.568000 440.436000
62.235000 446.017000 60.875400 446.519000
60.047500 453.821000 58.605600 454.298000
58.138700 460.379000 56.708800 460.855000
55.975200 467.616000 54.521900 468.079000
54.439800 472.730000 52.971900 473.187000
52.582400 478.964000 51.093400 479.416000
51.129800 485.131000 49.679900 485.584000
50.837600 491.404000 49.356800 491.868000
52.103900 498.538000 50.595800 499.022000
54.754700 505.671000 53.138800 506.208000
58.703600 512.434000 57.087500 512.986000
64.063600 518.099000 62.458600 518.676000
68.226700 521.333000 66.642100 521.880000
75.402600 525.153000 73.828400 525.702000
83.683800 527.366000 82.135700 527.955000
90.686000 527.745000 89.157800 528.392000
97.935300 526.886000 96.411500 527.514000
105.232000 524.860000 103.728000 525.563000
113.460000 521.282000 111.956000 521.959000
120.793000 517.720000 119.309000 518.410000
127.260000 514.516000 125.735000 515.271000
133.900000 511.172000 132.389000 511.985000
140.757000 507.730000 139.212000 508.498000
147.873000 504.158000 146.314000 504.894000
155.205000 500.459000 153.636000 501.168000
162.709000 496.697000 161.109000 497.325000
170.241000 492.866000 168.637000 493.444000
177.785000 489.062000 176.148000 489.573000
185.287000 485.358000 183.613000 485.806000
192.730000 481.695000 191.047000 482.091000
200.011000 477.998000 198.321000 478.383000
208.185000 473.649000 206.484000 474.001000
214.577000 470.138000 212.848000 470.412000
221.328000 466.599000 219.594000 466.828000
227.947000 463.994000 226.206000 464.213000
235.780000 462.243000 234.059000 462.456000
243.922000 462.025000 242.205000 462.212000
252.218000 463.815000 250.537000 463.832000
261.213000 468.115000 259.604000 468.015000
267.665000 472.817000 266.154000 472.630000
273.820000 478.207000 272.357000 477.965000
279.748000 483.771000 278.369000 483.440000
284.600000 488.362000 283.304000 487.936000
290.753000 493.425000 289.551000 492.916000
296.448000 496.957000 295.273000 496.422000
302.912000 498.776000 301.790000 498.038000
309.375000 498.059000 308.266000 497.327000
315.618000 495.744000 314.502000 495.006000
321.170000 491.942000 319.936000 491.266000
324.128000 487.907000 323.029000 487.353000
326.350000 482.830000 325.152000 482.237000
327.226000 476.538000 326.117000 475.965000
326.286000 469.769000 325.210000 469.171000
324.271000 462.430000 323.239000 461.830000
322.150000 455.305000 321.132000 454.700000
320.401000 449.633000 319.371000 449.036000
318.566000 443.841000 317.507000 443.263000
316.730000 438.006000 315.683000 437.419000
314.634000 430.139000 313.555000 429.578000
313.411000 423.190000 312.370000 422.621000
312.865000 415.180000 311.777000 414.622000
312.990000 409.162000 311.853000 408.593000
313.782000 401.177000 312.639000 400.605000
315.156000 393.396000 314.012000 392.822000
316.649000 386.861000 315.530000 386.313000
318.049000 381.841000 316.913000 381.292000
319.346000 377.631000 318.252000 377.100000
320.455000 373.030000 319.431000 372.525000
320.367000 367.308000 319.388000 366.802000
317.917000 361.899000 317.046000 361.342000
313.573000 357.007000 312.740000 356.403000
307.954000 351.681000 307.148000 351.057000
303.106000 346.959000 302.334000 346.300000
298.768000 342.576000 297.999000 341.907000
293.011000 336.384000 292.189000 335.779000
287.765000 329.651000 286.969000 328.984000
283.306000 322.296000 282.448000 321.676000
280.262000 316.387000 279.360000 315.782000
277.274000 310.278000 276.310000 309.706000
273.207000 301.794000 272.205000 301.235000
268.928000 292.958000 267.907000 292.411000
264.078000 284.026000 262.949000 283.524000
258.620000 275.176000 257.340000 274.767000
253.623000 267.368000 252.218000 267.043000
249.194000 260.542000 247.693000 260.271000
244.697000 253.650000 243.071000 253.451000
240.122000 246.649000 238.395000 246.514000
235.373000 239.490000 233.639000 239.348000
230.508000 232.238000 228.694000 232.150000
225.502000 224.954000 223.634000 224.911000
219.599000 216.482000 217.569000 216.542000
214.589000 209.212000 212.483000 209.317000
208.894000 200.677000 206.638000 200.873000
204.178000 193.291000 201.720000 193.615000
199.036000 184.495000 196.406000 184.903000
194.893000 176.845000 192.114000 177.344000
190.982000 169.115000 188.016000 169.721000
187.197000 161.312000 184.004000 162.032000
183.475000 153.423000 180.090000 154.227000
179.193000 144.218000 175.506000 145.159000
175.581000 136.282000 171.683000 137.332000
171.869000 128.470000 167.752000 129.624000
167.059000 119.698000 162.695000 120.995000
161.538000 111.359000 156.910000 112.833000
156.365000 104.583000 151.555000 106.186000
150.925000 97.983300 145.939000 99.724800
145.244000 91.533600 140.078000 93.416200
139.314000 85.274300 133.952000 87.343700
133.306000 78.967300 127.993000 81.308400
127.250000 72.625700 121.763000 75.120700
121.153000 66.269400 115.536000 68.898200
114.964000 59.930700 109.169000 62.739400
108.609000 53.594800 102.608000 56.615500
102.241000 47.250200 96.043100 50.463800
95.883500 40.922600 89.514300 44.317800
89.517900 34.575900 82.968100 38.147400
83.213500 28.242000 76.461200 32.006700
76.957000 21.895600 70.012900 25.821300
69.680600 14.465400 62.483000 18.606800
63.362700 8.072660 56.017000 12.335100
57.127500 1.655680 49.859600 5.873270
50.966800 -4.761090 43.340200 -0.136915
44.902400 -11.163000 36.862300 -6.152050
39.010100 -17.313700 30.667800 -12.015900
33.704900 -23.203000 25.034600 -17.599100
28.994400 -28.708600 20.033200 -22.840700
24.406500 -34.119100 15.111600 -27.960100
20.303300 -37.820900 10.864700 -31.499500
14.191400 -39.829800 4.605540 -33.158000
8.918190 -38.062500 -0.612204 -31.193700
5.377700 -33.729600 -3.950840 -26.713400
3.675030 -28.058900 -5.422730 -20.986400
2.589650 -21.354200 -6.166210 -14.237500
1.539700 -13.883400 -6.908410 -6.724550
0.572467 -6.591430 -7.646520 0.598818
-0.652500 -0.027238 -8.553330 7.209980
-2.102920 5.471110 -9.616370 12.803900
