0.000000 0.000000 0.000000 0.000000
-0.083626 7.152770 -0.028182 7.169890
-0.167141 14.303500 -0.040638 14.320900
-0.253156 21.464700 -0.099079 21.484700
-0.367798 28.637100 -0.133820 28.651700
-0.509819 35.812600 -0.279461 35.827100
-0.675668 42.995900 -0.445820 43.007100
-0.822002 50.203500 -0.539753 50.216400
-0.933231 57.427800 -0.622353 57.439500
-1.078470 64.647500 -0.748313 64.651800
-1.243230 71.816000 -0.865199 71.833500
-1.337950 78.894600 -0.908321 78.909800
-1.292990 85.877000 -0.811891 85.884800
-1.101750 92.791300 -0.573899 92.794500
-0.782045 99.739700 -0.273620 99.740800
-0.448327 106.867000 0.070960 106.867000
-0.253779 114.142000 0.285997 114.137000
-0.269679 122.742000 0.299887 122.734000
-0.370442 130.220000 0.261230 130.214000
-0.457056 137.790000 0.184928 137.785000
-0.568107 145.424000 0.045297 145.416000
-0.684175 154.288000 -0.076858 154.285000
-0.798967 161.864000 -0.234089 161.857000
-0.941804 169.441000 -0.370433 169.432000
-1.111970 177.026000 -0.507153 177.011000
-1.280270 184.593000 -0.625412 184.582000
-1.456920 192.070000 -0.731198 192.021000
-1.577340 199.411000 -0.848172 199.357000
-1.649070 206.553000 -0.970770 206.506000
-1.705390 213.275000 -1.056940 213.232000
-1.796550 219.511000 -1.174450 219.461000
-1.999320 225.946000 -1.435000 225.897000
-2.247910 231.388000 -1.714170 231.341000
-2.437160 236.409000 -1.961150 236.358000
-2.534350 241.957000 -2.080710 241.906000
-2.543730 246.908000 -2.122390 246.855000
-2.529260 251.371000 -2.160430 251.335000
-2.508910 256.112000 -2.159350 256.077000
-2.377450 261.103000 -2.039950 261.063000
-2.169030 266.146000 -1.823260 266.090000
-1.875690 271.234000 -1.547830 271.180000
-1.622670 276.354000 -1.307270 276.273000
-1.447760 281.390000 -1.156340 281.309000
-1.417780 286.036000 -1.176310 285.956000
-1.545620 290.017000 -1.358790 289.922000
-2.209540 293.998000 -2.073440 293.890000
-3.425570 296.783000 -3.310510 296.645000
-5.635580 299.167000 -5.567030 298.970000
-8.436150 300.220000 -8.396120 299.952000
-11.943200 299.798000 -11.918600 299.491000
-15.116200 297.802000 -15.080600 297.484000
-17.729200 294.684000 -17.715500 294.341000
-19.845500 290.241000 -19.918500 289.967000
-21.116600 284.630000 -21.288400 284.356000
-21.345600 278.007000 -21.598200 277.755000
-20.776800 270.705000 -21.182200 270.447000
-20.156300 262.848000 -20.677100 262.586000
-19.745900 254.824000 -20.425300 254.555000
-19.569300 246.706000 -20.337800 246.443000
-19.493200 238.458000 -20.271200 238.313000
-19.381300 230.091000 -20.243700 229.955000
-19.241000 221.611000 -20.198000 221.477000
-19.084000 213.011000 -20.220600 212.879000
-18.896100 204.295000 -20.226900 204.266000
-18.723600 195.515000 -20.202300 195.518000
-18.594100 186.794000 -20.154500 186.849000
-18.515200 178.175000 -20.197500 178.259000
-18.537100 169.792000 -20.291500 169.907000
-18.644400 162.047000 -20.439200 162.160000
-18.748900 155.169000 -20.600900 155.289000
-18.827400 149.240000 -20.685800 149.377000
-18.882400 144.104000 -20.806200 144.273000
-18.919500 139.499000 -20.967100 139.706000
-18.979100 134.517000 -20.992800 134.776000
-19.011700 130.377000 -21.045400 130.655000
-19.040900 126.090000 -21.101000 126.397000
-19.007900 121.337000 -21.174200 121.659000
-18.845700 115.028000 -20.996500 115.360000
-18.526700 108.955000 -20.647000 109.294000
-18.045000 101.074000 -20.127200 101.416000
-17.612700 93.677500 -19.686800 94.024800
-17.239800 85.737500 -19.344700 86.101300
-16.973600 77.227800 -19.055800 77.609900
-16.798500 68.394000 -18.693800 68.846900
-16.692600 59.588500 -18.534000 60.130400
-16.577800 50.820700 -18.354300 51.360100
-16.425400 42.137000 -18.169700 42.703500
-16.284700 33.544400 -17.995700 34.083200
-16.174800 25.050200 -17.841200 25.574400
-16.072600 16.708400 -17.631900 17.220000
-15.967500 8.487380 -17.410100 8.998460
-15.889600 0.308944 -17.266800 0.810328
-15.791200 -7.966030 -17.117300 -7.460640
-15.690900 -16.359100 -16.983800 -15.868500
-15.606000 -24.845000 -16.870200 -24.348700
-15.507700 -33.396100 -16.731000 -32.893600
-15.409300 -41.913900 -16.579800 -41.400100
-15.297200 -50.346600 -16.402600 -49.837800
-15.184100 -58.751400 -16.234800 -58.232900
-15.101200 -67.146500 -16.111500 -66.636700
-15.043200 -75.476200 -16.042200 -74.958800
-14.941300 -83.680500 -15.934000 -83.077800
-14.839200 -91.741100 -15.791600 -91.117100
-14.767000 -99.676600 -15.657700 -99.060000
-14.730700 -107.473000 -15.592600 -106.861000
-14.719600 -115.148000 -15.596700 -114.537000
-14.702900 -122.645000 -15.588700 -122.038000
-14.706100 -129.845000 -15.604800 -129.240000
-14.746200 -136.594000 -15.651200 -135.993000
-14.797400 -142.556000 -15.708500 -141.945000
-14.754600 -147.499000 -15.637200 -146.881000
-14.036500 -151.416000 -14.910600 -150.803000
-12.446500 -154.267000 -13.049200 -153.486000
-10.020400 -156.083000 -10.594800 -155.250000
-6.243160 -156.617000 -6.777510 -155.812000
-3.375340 -155.554000 -3.854280 -154.845000
-0.898358 -153.141000 -1.268840 -152.574000
0.748482 -149.550000 0.331181 -148.961000
1.407670 -144.927000 1.035360 -144.336000
1.479970 -139.492000 1.191570 -138.906000
1.503330 -133.352000 1.313180 -132.801000
1.458440 -126.576000 1.322460 -126.026000
1.410380 -119.231000 1.391250 -118.684000
1.369690 -111.341000 1.433610 -110.791000
1.230260 -102.932000 1.482490 -102.385000
1.062980 -94.002300 1.450430 -93.461200
0.919141 -84.967200 1.466390 -84.396400
0.825573 -75.934400 1.506160 -75.371800
0.725241 -66.971300 1.468280 -66.433300
0.613503 -58.103500 1.569030 -57.578300
0.423541 -49.322900 1.595380 -48.794300
0.254373 -40.636600 1.636490 -40.098300
0.113374 -32.036000 1.721870 -31.497100
0.043902 -23.543400 1.855470 -23.004500
0.024160 -15.166100 2.057170 -14.614900
-0.009785 -6.914130 2.216030 -6.366060
-0.088643 1.269420 2.304320 1.827790
-0.175095 9.415900 2.427070 9.975200
-0.258853 17.533600 2.529040 18.100400
-0.338072 25.613500 2.654460 26.186600
-0.427007 33.606500 2.693600 34.186900
-0.497489 41.480200 2.813350 42.049500
-0.623098 49.249400 2.833620 49.824000
-0.794281 56.901600 2.821060 57.472100
-0.996173 64.458400 2.806630 65.047000
-1.227080 71.900300 2.801940 72.500400
-1.377970 79.037400 2.820700 79.646000
-1.397290 85.655200 2.932250 86.254600
-1.363830 92.149600 3.090510 92.755900
-1.358000 98.508000 3.209330 99.115100
-1.561790 104.957000 3.122910 105.568000
-1.949090 113.881000 2.909420 114.508000
-1.833080 120.866000 3.072310 121.497000
-1.454190 128.143000 3.600700 128.765000
-0.998254 135.781000 4.097090 136.398000
-0.808213 143.817000 4.357310 144.439000
-0.863698 152.202000 4.356970 152.827000
-1.007340 160.832000 4.313880 161.461000
-1.225580 169.454000 4.131140 170.081000
-1.427530 178.011000 4.065660 178.640000
-1.559210 186.456000 4.046060 187.084000
-1.633870 194.776000 4.079780 195.422000
-1.705980 202.970000 4.073690 203.618000
-1.768400 211.025000 4.069430 211.680000
-1.842510 218.743000 4.100310 219.405000
-1.971970 225.567000 3.993230 226.231000
-2.174190 231.287000 3.790170 231.954000
-2.372560 236.037000 3.627690 236.710000
-2.464850 241.365000 3.650060 242.047000
-2.493250 245.816000 3.724600 246.498000
-2.508500 250.367000 3.772410 251.021000
-2.491980 255.099000 3.817120 255.738000
-2.398100 260.007000 3.931550 260.653000
-2.248880 265.167000 4.096610 265.807000
-2.039860 270.644000 4.341550 271.283000
-1.886300 276.256000 4.544960 276.894000
-1.829540 281.828000 4.702530 282.470000
-1.824660 287.216000 4.743290 287.835000
-1.844050 292.186000 4.764250 292.790000
-1.812040 298.624000 4.735970 299.237000
