0.000000 0.000000 0.000000 0.000000
-0.083626 7.152770 -0.024751 7.158410
-0.153300 13.111900 -0.020711 13.117500
-0.237295 20.270200 -0.100266 20.272100
-0.327351 26.243100 -0.116126 26.243900
-0.459653 33.420200 -0.217002 33.425700
-0.562741 38.206900 -0.267138 38.205900
-0.735861 45.395600 -0.447417 45.399800
-0.840290 51.404600 -0.530321 51.409200
-0.911860 56.220300 -0.572701 56.225000
-0.981436 59.838600 -0.623862 59.843400
-1.053860 63.447500 -0.698414 63.450700
-1.129540 67.047600 -0.764007 67.051100
-1.215320 70.626200 -0.865117 70.626000
-1.310250 75.365500 -0.979280 75.364900
-1.337950 78.894600 -0.996928 78.893400
-1.335650 82.399100 -1.068210 82.398100
-1.292990 85.877000 -1.003090 85.874300
-1.182740 90.483400 -0.916573 90.480500
-1.056010 93.947100 -0.834264 93.946200
-0.782045 99.739700 -0.575250 99.733100
-0.448327 106.867000 -0.301758 106.863000
-0.253779 114.142000 -0.099081 114.124000
-0.256232 121.501000 -0.161678 121.461000
-0.353204 128.970000 -0.257500 128.923000
-0.443887 136.523000 -0.367739 136.465000
-0.531657 142.880000 -0.471450 142.823000
-0.634443 150.492000 -0.571066 150.432000
-0.740134 158.078000 -0.745246 158.008000
-0.867607 165.652000 -0.848029 165.582000
-0.995770 171.971000 -0.932322 171.887000
-1.140940 178.289000 -1.101790 178.196000
-1.311920 185.843000 -1.250230 185.739000
-1.429910 190.831000 -1.381670 190.717000
-1.525430 195.761000 -1.492440 195.643000
-1.607050 201.821000 -1.597870 201.700000
-1.663160 208.852000 -1.737250 208.722000
-1.717660 214.345000 -1.856140 214.205000
-1.796550 219.511000 -1.933130 219.355000
-1.963230 225.093000 -2.114700 224.933000
-2.182840 229.917000 -2.380610 229.760000
-2.338550 233.560000 -2.583920 233.399000
-2.458270 237.112000 -2.695730 236.948000
-2.528200 241.264000 -2.818500 241.098000
-2.546850 244.763000 -2.883320 244.597000
-2.543730 246.908000 -2.854370 246.740000
-2.542200 249.111000 -2.865520 248.942000
-2.529260 251.371000 -2.854170 251.197000
-2.531730 253.716000 -2.854120 253.538000
-2.508910 256.112000 -2.864150 255.934000
-2.451910 258.593000 -2.770120 258.409000
-2.377450 261.103000 -2.757110 260.914000
-2.282740 263.621000 -2.716170 263.430000
-2.169030 266.146000 -2.595840 265.950000
-2.020150 268.682000 -2.442230 268.479000
-1.875690 271.234000 -2.328120 271.030000
-1.741200 273.795000 -2.196180 273.580000
-1.622670 276.354000 -2.057890 276.128000
-1.517860 278.897000 -1.956740 278.668000
-1.419050 283.004000 -1.882150 282.772000
-1.414320 285.305000 -1.902430 285.072000
-1.477650 288.751000 -2.013830 288.507000
-1.834490 292.379000 -2.396350 292.126000
-2.739390 295.467000 -3.439550 295.146000
-4.268560 297.944000 -4.938290 297.628000
-6.404390 299.609000 -7.084850 299.261000
-8.849750 300.287000 -9.536820 299.900000
-11.031100 300.097000 -11.692000 299.706000
-13.310900 299.143000 -13.990600 298.768000
-14.663100 298.181000 -15.353800 297.816000
-16.024300 296.918000 -16.743100 296.581000
-17.729200 294.684000 -18.514600 294.399000
-18.872000 292.636000 -19.664600 292.357000
-19.845500 290.241000 -20.622600 289.953000
-21.116600 284.630000 -21.952600 284.345000
-21.345600 278.007000 -22.238600 277.743000
-20.776800 270.705000 -21.740100 270.429000
-20.156300 262.848000 -21.207700 262.582000
-19.796700 256.170000 -20.847500 255.914000
-19.613700 249.416000 -20.759000 249.172000
-19.526700 242.596000 -20.729900 242.374000
-19.481000 237.073000 -20.719400 236.860000
-19.355600 228.688000 -20.673900 228.518000
-19.214900 220.186000 -20.580700 220.054000
-19.084000 213.011000 -20.476300 212.888000
-18.927900 205.758000 -20.352300 205.637000
-18.751900 196.976000 -20.233900 196.860000
-18.648000 191.144000 -20.122400 191.036000
-18.560500 183.909000 -20.023200 183.809000
-18.523200 179.601000 -19.975900 179.503000
-18.518300 172.537000 -19.981500 172.453000
-18.568100 167.126000 -20.071200 167.044000
-18.682100 159.653000 -20.286400 159.575000
-18.748900 155.169000 -20.265200 155.100000
-18.804400 151.111000 -20.293400 151.080000
-18.862800 145.754000 -20.425100 145.740000
-18.908700 140.993000 -20.420600 140.992000
-18.954600 136.621000 -20.403100 136.650000
-19.003900 132.429000 -20.584700 132.487000
-19.029700 128.287000 -20.502400 128.366000
-19.034000 123.793000 -20.428200 123.895000
-18.962400 118.740000 -20.300000 118.869000
-18.807400 114.057000 -20.175300 114.198000
-18.526700 108.955000 -19.862600 109.105000
-18.117400 102.246000 -19.458000 102.401000
-17.684200 94.952700 -19.034000 95.124600
-17.477100 91.090300 -18.754600 91.267900
-17.293300 87.109700 -18.612300 87.291000
-17.138500 82.956400 -18.473000 83.139700
-16.905400 74.284400 -5169.970000 10524.000000
-16.779200 66.924600 -5168.820000 10516.800000
-16.677300 58.118500 -5167.450000 10508.100000
-16.577800 50.820700 -5166.610000 10489.800000
-16.505900 46.461100 -5165.970000 10485.500000
-16.380000 39.261800 -5164.920000 10478.400000
-16.307600 34.970000 -5164.300000 10474.100000
-16.246100 30.707800 -5163.640000 10469.900000
-16.134100 22.248400 -5163.260000 10467.900000
-16.072600 16.708400 -5162.490000 10462.400000
-15.981800 9.853000 -5161.550000 10455.600000
-15.938800 4.400320 -5160.910000 10450.200000
-15.838400 -3.813590 -5159.790000 10442.100000
-15.755900 -10.755200 -5158.930000 10435.200000
-15.675200 -17.764400 -5157.980000 10428.300000
-15.629900 -22.003900 -5157.430000 10424.100000
-15.590300 -26.267800 -5156.880000 10419.900000
-15.493300 -34.820000 -5155.790000 10411.400000
-15.444100 -39.082200 -5155.230000 10407.200000
-15.375200 -44.724600 -5154.500000 10401.600000
-15.277000 -51.748500 -5153.550000 10394.700000
-15.184100 -58.751400 -5152.660000 10387.700000
-15.128000 -64.350800 -5151.930000 10382.200000
-15.083000 -69.934600 -5151.210000 10376.700000
-15.030800 -76.856400 -5150.370000 10369.900000
-14.979300 -80.953600 -5149.850000 10365.800000
-14.891900 -87.726700 -5148.870000 10359.100000
-14.824300 -93.076700 -5148.120000 10353.900000
-14.776000 -98.363400 -5147.390000 10348.700000
-14.739600 -104.892000 -5146.530000 10342.200000
-14.728200 -108.763000 -5146.090000 10338.400000
-14.717800 -116.411000 -5145.110000 10330.800000
-14.705700 -121.414000 -5136.490000 10306.700000
-14.698500 -127.485000 -5135.670000 10300.700000
-14.719000 -132.162000 -5135.140000 10296.000000
-14.743100 -135.514000 -5134.730000 10292.700000
-14.773600 -140.676000 -5134.090000 10287.600000
-14.823300 -145.155000 -5133.620000 10283.200000
-14.492000 -149.595000 -5132.790000 10278.800000
-13.082400 -153.424000 -5130.900000 10275.200000
-10.465900 -155.856000 -5127.990000 10273.200000
-7.699410 -156.663000 -5125.180000 10272.700000
-4.779010 -156.244000 -5122.340000 10273.500000
-2.922420 -155.221000 -5120.640000 10274.800000
-1.268490 -153.640000 -5119.180000 10276.500000
0.323482 -150.880000 -5117.840000 10279.400000
1.265050 -146.567000 -5117.400000 10283.800000
1.469680 -142.303000 -5112.840000 10306.500000
1.504840 -136.505000 -5117.910000 10333.900000
1.491650 -130.039000 -5118.670000 10340.300000
1.436720 -124.185000 -5119.870000 10353.300000
1.407400 -117.951000 -5120.610000 10359.500000
1.351800 -109.973000 -5121.590000 10367.400000
1.259620 -104.368000 -5122.300000 10373.000000
1.170070 -100.008000 -5122.720000 10386.100000
1.036570 -92.491400 -5123.710000 10393.600000
0.919141 -84.967200 -5123.610000 10410.000000
0.838174 -77.439600 -5126.390000 10427.200000
0.784979 -71.443400 -5127.160000 10433.100000
0.710763 -65.489100 -5127.870000 10439.000000
0.637038 -59.575600 -5128.640000 10444.900000
0.456132 -50.778500 -5129.810000 10453.600000
0.333567 -44.968400 -5130.570000 10459.400000
0.202969 -37.762500 -5131.480000 10466.500000
0.113374 -32.036000 -5132.080000 10477.600000
0.043902 -23.543400 -5133.080000 10486.000000
0.026697 -17.943700 -5133.730000 10491.600000
0.008956 -9.654740 -5134.630000 10499.900000
-0.031141 -4.183290 -5135.790000 10510.800000
-0.117565 3.988040 -5136.640000 10518.900000
-0.175095 9.415900 -5137.280000 10524.300000
-0.258853 17.533600 -5138.180000 10532.400000
-0.338072 25.613500 -5139.100000 10540.400000
-0.427007 33.606500 -5139.980000 10548.400000
-0.483912 40.173800 -5140.690000 10554.900000
-0.599992 47.961100 -5141.540000 10562.600000
-0.731140 54.360900 -5140.820000 10580.100000
-0.826899 58.170900 -5141.290000 10583.900000
-0.962179 63.207400 -5141.920000 10588.900000
-1.068650 66.953700 -5142.410000 10592.600000
-1.188160 70.668800 -5142.890000 10596.300000
-1.293460 74.341100 -5144.170000 10605.100000
-1.359400 77.886900 -5144.570000 10608.600000
-1.402950 81.267700 -5143.200000 10615.500000
-1.402640 84.557500 -5141.740000 10622.500000
-1.385560 88.919200 -5142.170000 10626.800000
-1.363830 92.149600 -5144.590000 10638.300000
-1.343110 95.344700 -5144.900000 10641.500000
-1.358000 98.508000 -5144.610000 10657.600000
-1.463120 102.787000 -5145.080000 10661.800000
-1.806040 109.362000 -5151.990000 10699.100000
-1.956140 116.179000 -5152.680000 10705.800000
-1.725070 123.258000 -5152.970000 10712.900000
-1.292610 130.641000 -5151.610000 10732.100000
-0.998254 135.781000 -5151.810000 10737.200000
-0.816625 142.451000 -5153.200000 10751.400000
-0.831134 149.366000 -5152.930000 10769.300000
-0.950588 157.949000 -5153.870000 10777.900000
-1.150960 166.581000 -5154.920000 10786.400000
-1.297630 172.319000 -5155.590000 10792.100000
-1.453390 179.425000 -5156.390000 10799.200000
-1.559210 186.456000 -5157.110000 10806.100000
-1.613330 192.021000 -5157.690000 10811.700000
-1.669870 198.890000 -5158.340000 10818.500000
-1.727570 205.669000 -5159.060000 10825.200000
-1.780010 212.351000 -5159.770000 10831.800000
-1.826710 217.507000 -5160.350000 10837.000000
-1.941670 224.505000 -5165.110000 10854.600000
-2.139620 230.415000 -5165.980000 10860.500000
-2.314970 234.492000 -5166.850000 10874.600000
-2.438170 239.102000 -5170.220000 10888.500000
-2.471120 242.113000 -5170.530000 10891.500000
-2.487600 245.075000 -5170.570000 10899.600000
-2.497270 247.316000 -5170.790000 10901.800000
-2.506490 249.599000 -5169.910000 10907.000000
-2.503450 251.922000 -5170.150000 10909.300000
-2.498930 254.304000 -5170.370000 10911.600000
-2.475780 256.707000 -5170.570000 10914.000000
-2.418790 259.176000 -5170.720000 10916.500000
-2.357180 261.688000 -5170.880000 10919.000000
-2.278450 264.283000 -5167.820000 10930.900000
-2.181050 266.960000 -5167.960000 10933.500000
-2.073000 269.712000 -5168.090000 10936.300000
-1.977180 272.516000 -5167.110000 10942.400000
-1.903310 275.322000 -5167.320000 10945.200000
-1.860170 278.122000 -5167.560000 10948.000000
-1.829540 281.828000 -5172.030000 10961.500000
-1.819190 284.574000 -5171.900000 10976.900000
-1.824660 287.216000 -5168.520000 10989.100000
-1.844050 292.186000 -5169.020000 10994.000000
-1.817940 297.031000 -5164.840000 11010.500000
