1 1.19763e-11 1.70464e-10 0 1.19763e-11 1 3.5625e-10 -1.11022e-16 1.70464e-10 3.5625e-10 1 2.22045e-16 
0.999994 0.00110381 0.00319923 -0.0146123 -0.00110174 0.999999 -0.000648601 -0.0408863 -0.00319994 0.000645072 0.999995 2.39387 
0.999986 0.000394807 0.00531203 -0.0189885 -0.000393422 1 -0.000261728 -0.0864846 -0.00531213 0.000259635 0.999986 4.77777 
0.999973 0.000805303 0.00728884 -0.0281818 -0.000798313 0.999999 -0.000961948 -0.133295 -0.00728961 0.000956103 0.999973 7.16989 
0.999971 -0.000727364 0.00755506 -0.0149972 0.00072273 1 0.000616057 -0.184754 -0.00755551 -0.000610579 0.999971 9.55883 
0.999989 -0.00355274 0.00308634 -0.00364672 0.00354948 0.999993 0.00106249 -0.225178 -0.0030901 -0.00105152 0.999995 11.9388 
0.999997 -0.00220784 0.00109729 -0.0406379 0.00220762 0.999998 0.000201449 -0.259252 -0.00109773 -0.000199026 0.999999 14.3209 
0.999999 -0.00159053 -0.000135325 -0.0600703 0.00159058 0.999999 0.000368008 -0.306644 0.00013474 -0.000368223 1 16.7063 
0.999995 -0.00314253 -0.000885877 -0.0816764 0.00314327 0.999995 0.000839174 -0.34875 0.000883236 -0.000841954 0.999999 19.0958 
0.999989 -0.00392027 -0.00256634 -0.0990793 0.00391835 0.999992 -0.000754186 -0.394938 0.00256927 0.000744122 0.999996 21.4847 
0.999987 -0.00264343 -0.00434807 -0.100547 0.00264106 0.999996 -0.000549233 -0.427175 0.00434951 0.000537743 0.99999 23.8679 
0.999973 -0.00268484 -0.00688107 -0.112337 0.00268315 0.999996 -0.000254495 -0.476613 0.00688173 0.000236026 0.999976 26.2594 
0.999948 -0.00451682 -0.00912439 -0.13382 0.00453064 0.999989 0.00149453 -0.515578 0.00911754 -0.00153579 0.999957 28.6517 
0.999919 -0.00676458 -0.0107973 -0.183675 0.00676161 0.999977 -0.000311306 -0.557388 0.0107992 0.000238274 0.999942 31.0353 
0.999926 -0.00692242 -0.0100535 -0.260437 0.00693138 0.999976 0.000856804 -0.619445 0.0100473 -0.000926424 0.999949 33.438 
0.999894 -0.00834721 -0.0119637 -0.279461 0.00835957 0.999965 0.000983349 -0.65526 0.011955 -0.00108326 0.999928 35.8271 
0.999877 -0.00933212 -0.0126258 -0.337793 0.00935239 0.999955 0.00154736 -0.693841 0.0126108 -0.00166525 0.999919 38.2174 
0.999872 -0.00925186 -0.0130203 -0.379494 0.00930167 0.99995 0.00377035 -0.73253 0.0129848 -0.00389098 0.999908 40.6144 
0.999905 -0.0076729 -0.0114594 -0.44582 0.00771411 0.999964 0.00355611 -0.769722 0.0114317 -0.00364417 0.999928 43.0071 
0.999955 -0.00436984 -0.00843359 -0.502388 0.00444118 0.999954 0.00845928 -0.801765 0.00839624 -0.00849635 0.999929 45.4076 
0.999966 -0.00439249 -0.00700772 -0.514883 0.00449149 0.999889 0.0141753 -0.811368 0.00694468 -0.0142063 0.999875 47.8138 
0.999968 -0.00697307 -0.00392818 -0.539753 0.00702704 0.999879 0.0138956 -0.815331 0.00383081 -0.0139228 0.999896 50.2164 
0.999982 -0.00565554 -0.0019015 -0.571776 0.00567744 0.999915 0.0117161 -0.824747 0.00183508 -0.0117267 0.99993 52.6191 
0.999979 -0.0061639 -0.00198243 -0.600446 0.00618406 0.999928 0.0103285 -0.850611 0.00191863 -0.0103405 0.999945 55.0289 
0.999963 -0.00670879 -0.00541262 -0.622353 0.00677433 0.999903 0.012182 -0.871265 0.00533036 -0.0122182 0.999911 57.4395 
0.999969 -0.00318775 -0.00723795 -0.676265 0.00327636 0.999919 0.0122638 -0.885141 0.00719827 -0.0122871 0.999899 59.8518 
0.999961 -0.00471005 -0.0074843 -0.720044 0.00479569 0.999923 0.0114666 -0.896825 0.00742972 -0.011502 0.999906 62.2514 
0.999942 -0.00693325 -0.00821502 -0.748313 0.00702924 0.999907 0.0117143 -0.913057 0.00813303 -0.0117714 0.999898 64.6518 
0.999903 -0.00786849 -0.0114942 -0.761729 0.00800019 0.999902 0.0114577 -0.924059 0.0114029 -0.0115486 0.999868 67.0583 
0.999934 -0.0035585 -0.0108937 -0.822579 0.00367625 0.999935 0.0108076 -0.944328 0.0108545 -0.010847 0.999882 69.4486 
0.999934 -0.00134942 -0.0114249 -0.865199 0.00147962 0.999934 0.011395 -0.957707 0.0114088 -0.0114112 0.99987 71.8335 
0.999966 0.00102134 -0.00815833 -0.897328 -0.000915068 0.999915 0.0130191 -0.972945 0.00817093 -0.0130112 0.999882 74.2026 
0.999983 -0.00418636 -0.00413252 -0.8984 0.00421191 0.999972 0.00619265 -0.997468 0.00410648 -0.00620995 0.999972 76.5522 
0.999994 -0.00275824 0.00227895 -0.908321 0.0027373 0.999954 0.00914108 -1.03055 -0.00230406 -0.00913478 0.999956 78.9098 
0.999947 -0.000930495 0.0102479 -0.903299 0.000844652 0.999965 0.00837769 -1.04847 -0.0102554 -0.00836859 0.999912 81.2448 
0.999847 -0.0031873 0.0171832 -0.874488 0.00315322 0.999993 0.00200979 -1.07577 -0.0171895 -0.00195531 0.99985 83.5713 
0.999724 -0.00555983 0.0228154 -0.811891 0.00549054 0.99998 0.00309862 -1.11807 -0.0228322 -0.0029725 0.999735 85.8848 
0.999528 -0.00399001 0.0304646 -0.752982 0.00394529 0.999991 0.00152796 -1.16097 -0.0304704 -0.00140705 0.999535 88.191 
0.999319 -0.00545697 0.0364958 -0.663739 0.00549845 0.999984 -0.00103638 -1.20334 -0.0364896 0.00123634 0.999333 90.4877 
0.999087 -0.007656 0.0420263 -0.573899 0.0075939 0.99997 0.00163707 -1.24343 -0.0420375 -0.00131643 0.999115 92.7945 
0.998807 -0.00944604 0.0479009 -0.48823 0.00924386 0.999947 0.00444057 -1.27753 -0.0479404 -0.00399249 0.998842 95.107 
0.998528 -0.0126352 0.052749 -0.390573 0.0127205 0.999918 -0.00128213 -1.31601 -0.0527285 0.00195123 0.998607 97.4197 
0.998313 -0.0119942 0.056807 -0.27362 0.0122903 0.999913 -0.00486503 -1.36192 -0.0567437 0.00555499 0.998373 99.7408 
0.998374 -0.0124583 0.0556188 -0.138097 0.0126054 0.999918 -0.00229582 -1.40998 -0.0555857 0.00299319 0.998449 102.09 
0.998557 -0.0135433 0.0519662 -0.0258231 0.0135673 0.999908 -0.000108645 -1.447 -0.0519599 0.000813528 0.998649 104.468 
0.998839 -0.0125917 0.0465004 0.0709604 0.0126056 0.999921 -5.93967e-06 -1.47486 -0.0464967 0.000592099 0.998918 106.867 
0.999212 -0.0126586 0.0376141 0.17297 0.0126728 0.99992 -0.00013808 -1.51082 -0.0376093 0.000614647 0.999292 109.272 
0.999498 -0.0117382 0.0294222 0.230708 0.0116959 0.99993 0.00161064 -1.54724 -0.029439 -0.00126571 0.999566 111.701 
0.999752 -0.010677 0.0195433 0.285997 0.0106333 0.999941 0.00233953 -1.58759 -0.0195671 -0.00213114 0.999806 114.137 
0.99995 -0.0088787 0.0047014 0.305139 0.00887433 0.99996 0.000949753 -1.64196 -0.00470965 -0.000907983 0.999988 117.804 
0.999987 -0.00473167 -0.0016785 0.321087 0.00473332 0.999988 0.000978851 -1.6819 0.00167385 -0.000986784 0.999998 120.266 
0.999988 -0.00255724 -0.00410996 0.299887 0.00255972 0.999997 0.000598645 -1.71104 0.00410841 -0.000609158 0.999991 122.734 
0.999976 -0.0019464 -0.00662118 0.290663 0.00195978 0.999996 0.00201517 -1.7503 0.00661723 -0.0020281 0.999976 125.216 
0.999955 0.00440364 -0.00835027 0.271852 -0.00434141 0.999963 0.00745495 -1.78353 0.00838279 -0.00741836 0.999937 127.71 
0.99994 0.00195276 -0.0107546 0.26123 -0.00189262 0.999983 0.0055998 -1.81051 0.0107653 -0.00557911 0.999926 130.214 
0.99993 -0.00299177 -0.0114329 0.212108 0.0030899 0.999958 0.00857512 -1.83411 0.0114068 -0.00860985 0.999898 132.729 
0.99989 -0.0075585 -0.0127585 0.206803 0.00770429 0.999905 0.011417 -1.84914 0.012671 -0.011514 0.999853 135.255 
0.999826 -0.0138017 -0.0125179 0.184928 0.0139103 0.999866 0.00862697 -1.87018 0.0123972 -0.0087996 0.999884 137.785 
0.999815 -0.0149556 -0.0120712 0.143396 0.0150639 0.999847 0.00893098 -1.89608 0.0119358 -0.00911117 0.999887 140.325 
0.999873 -0.0120047 -0.0104809 0.101181 0.0121336 0.99985 0.0123222 -1.91762 0.0103314 -0.0124478 0.999869 142.87 
0.999894 -0.0117386 -0.00862785 0.0452974 0.0118135 0.999893 0.00868494 -1.9374 0.00852497 -0.00878595 0.999925 145.416 
0.999891 -0.0128775 -0.00729084 0.00999836 0.0128932 0.999915 0.00209987 -1.9659 0.00726318 -0.00219365 0.999971 147.956 
0.999894 -0.0130638 -0.00638475 -0.0295304 0.0130505 0.999913 -0.00212385 -2.01975 0.00641194 0.0020403 0.999977 150.486 
0.999916 -0.011235 -0.00646852 -0.076858 0.0112332 0.999937 -0.000322534 -2.09732 0.00647173 0.000249845 0.999979 154.285 
0.999929 -0.00961079 -0.00701001 -0.115897 0.00960832 0.999954 -0.000386674 -2.13766 0.0070134 0.000319292 0.999975 156.811 
0.999927 -0.00922094 -0.00776546 -0.162736 0.00922863 0.999957 0.000955071 -2.18124 0.00775632 -0.00102667 0.999969 159.333 
0.999949 -0.00713071 -0.00710987 -0.234089 0.00713415 0.999974 0.00045873 -2.23246 0.00710641 -0.00050943 0.999975 161.857 
0.999952 -0.00554903 -0.00812252 -0.282083 0.00554433 0.999984 -0.000601224 -2.28384 0.00812573 0.000556161 0.999967 164.382 
0.999938 -0.00549704 -0.00965844 -0.316696 0.0054714 0.999981 -0.00267866 -2.33575 0.00967299 0.00262565 0.99995 166.907 
0.999944 -0.00412494 -0.00972301 -0.370433 0.00411468 0.999991 -0.00107425 -2.38813 0.00972735 0.00103418 0.999952 169.432 
0.999919 -0.00454415 -0.0118483 -0.399579 0.00454116 0.99999 -0.000279201 -2.43896 0.0118494 0.000225374 0.99993 171.961 
0.999907 -0.00429202 -0.0129765 -0.44883 0.0042814 0.99999 -0.000846382 -2.4861 0.01298 0.000790745 0.999915 174.484 
0.999895 -0.00361963 -0.01403 -0.507153 0.00360893 0.999993 -0.000787965 -2.53613 0.0140327 0.000737249 0.999901 177.011 
0.999868 -0.006481 -0.0148941 -0.561561 0.00643239 0.999974 -0.00330937 -2.59121 0.0149152 0.00321313 0.999884 179.536 
0.999803 -0.0108384 -0.0166017 -0.59833 0.0108506 0.999941 0.000644248 -2.64795 0.0165937 -0.00082426 0.999862 182.058 
0.999777 -0.0116566 -0.0175809 -0.625412 0.0117315 0.999923 0.00416642 -2.6811 0.017531 -0.00437174 0.999837 184.582 
0.999805 -0.00926677 -0.017413 -0.696413 0.0092549 0.999957 -0.000762294 -2.72642 0.0174193 0.00060099 0.999848 187.078 
0.999748 -0.0128232 -0.0184224 -0.712777 0.0128406 0.999917 0.000826709 -2.77718 0.0184103 -0.00106306 0.99983 189.551 
0.999661 -0.0164735 -0.0201767 -0.731198 0.016557 0.999855 0.00397617 -2.82477 0.0201082 -0.00430889 0.999789 192.021 
0.999662 -0.0187995 -0.0179552 -0.775478 0.0188383 0.999821 0.00199799 -2.86022 0.0179144 -0.00233556 0.999837 194.483 
0.999587 -0.0223018 -0.0180995 -0.788322 0.0223047 0.999751 -3.76415e-05 -2.90118 0.0180958 -0.000366079 0.999836 196.928 
0.999627 -0.0226915 -0.0151863 -0.848172 0.0227355 0.999738 0.00272861 -2.9506 0.0151204 -0.00307286 0.999881 199.357 
0.999718 -0.0208814 -0.0113523 -0.924449 0.0209187 0.999776 0.00317182 -2.99393 0.0112835 -0.0034084 0.999931 201.77 
0.999738 -0.0205117 -0.0101203 -0.937759 0.0205501 0.999782 0.00370404 -3.04026 0.0100421 -0.00391104 0.999942 204.156 
0.999769 -0.019902 -0.00808326 -0.97077 0.0199324 0.999794 0.00369956 -3.0828 0.00800797 -0.00385982 0.99996 206.506 
0.999732 -0.0217829 -0.00780332 -0.991071 0.0218169 0.999753 0.00430029 -3.11635 0.00770771 -0.00446939 0.99996 208.807 
0.999729 -0.0217024 -0.0083865 -1.02645 0.0217477 0.999749 0.0053498 -3.15831 0.00826829 -0.00553074 0.999951 211.05 
0.999725 -0.0214288 -0.00947734 -1.05694 0.0214657 0.999762 0.00381064 -3.20428 0.00939343 -0.00401303 0.999948 213.232 
0.999672 -0.0225831 -0.0121079 -1.08726 0.0226247 0.999739 0.00331209 -3.23875 0.0120299 -0.00358494 0.999921 215.363 
0.999561 -0.0249092 -0.0160679 -1.11189 0.0250019 0.999672 0.0055937 -3.2743 0.0159233 -0.00599297 0.999855 217.436 
0.999509 -0.0239732 -0.0201565 -1.17445 0.0241258 0.999682 0.00735986 -3.31462 0.0199737 -0.00784254 0.99977 219.461 
0.999344 -0.0228686 -0.0280714 -1.28655 0.0230892 0.999705 0.00755867 -3.36869 0.0278903 -0.00820185 0.999577 222.353 
0.999203 -0.0220287 -0.0332781 -1.37071 0.0222542 0.999732 0.00642247 -3.39982 0.0331277 -0.00715793 0.999425 224.17 
0.998943 -0.0215843 -0.0405776 -1.435 0.0218298 0.999746 0.00561586 -3.43115 0.0404461 -0.00649572 0.999161 225.897 
0.998739 -0.0197804 -0.0461399 -1.52498 0.0200299 0.999787 0.00495025 -3.46441 0.0460321 -0.00586818 0.998923 227.54 
0.998725 -0.0184513 -0.0469973 -1.64513 0.018819 0.999796 0.00739302 -3.50578 0.0468513 -0.00826803 0.998868 229.868 
0.998769 -0.0179372 -0.0462531 -1.71417 0.0181774 0.999823 0.00477727 -3.52704 0.0461593 -0.00561215 0.998918 231.341 
0.998876 -0.0177132 -0.0439726 -1.78508 0.0177866 0.999841 0.00127736 -3.5538 0.0439429 -0.00205805 0.999032 232.791 
0.999013 -0.0176618 -0.0407649 -1.85605 0.017713 0.999843 0.000895556 -3.58544 0.0407426 -0.00161674 0.999168 234.229 
0.999284 -0.0174321 -0.0335666 -1.96115 0.0174726 0.999847 0.000915153 -3.6303 0.0335455 -0.00150099 0.999436 236.358 
0.99943 -0.0210607 -0.0263675 -2.00933 0.0211367 0.999773 0.00260361 -3.66619 0.0263067 -0.00315945 0.999649 238.455 
0.999597 -0.0220607 -0.0178759 -2.05725 0.0221137 0.999752 0.00277092 -3.70777 0.0178103 -0.0031651 0.999836 240.525 
0.999704 -0.021303 -0.0117271 -2.08071 0.0213214 0.999772 0.00144764 -3.72822 0.0116936 -0.00169725 0.99993 241.906 
0.999759 -0.0209595 -0.00649686 -2.09742 0.0209804 0.999775 0.00316917 -3.75038 0.00642897 -0.00330471 0.999974 243.302 
0.999799 -0.0200371 -0.000190916 -2.11552 0.020037 0.999799 -0.00064483 -3.785 0.000203798 0.000640875 1 245.42 
0.999771 -0.0213605 0.000987857 -2.12239 0.0213629 0.999768 -0.00257477 -3.80597 -0.00093263 0.00259529 0.999996 246.855 
0.999705 -0.0242983 0.000667387 -2.14737 0.0243005 0.999699 -0.00340279 -3.82721 -0.000584504 0.003418 0.999994 248.312 
0.99972 -0.0235828 0.00209575 -2.15814 0.0235954 0.999702 -0.00620708 -3.8466 -0.00194875 0.00625479 0.999979 249.823 
0.999532 -0.0304014 0.00332348 -2.16043 0.0304305 0.999496 -0.00908324 -3.87503 -0.00304566 0.00918013 0.999953 251.335 
0.999691 -0.024629 0.00347974 -2.16448 0.0246259 0.999696 0.000938501 -3.90007 -0.0035018 -0.000852519 0.999994 252.894 
0.999621 -0.0268397 0.00614343 -2.14791 0.026826 0.999637 0.0023051 -3.9233 -0.00620307 -0.00213942 0.999978 254.473 
0.999575 -0.0253426 0.0144383 -2.15935 0.0254473 0.999651 -0.00711697 -3.94616 -0.0142529 0.00748136 0.99987 256.077 
0.999464 -0.0255041 0.020501 -2.13372 0.0256032 0.999662 -0.00458344 -3.97421 -0.0203772 0.00510587 0.999779 257.721 
0.999162 -0.032016 0.0255143 -2.08572 0.0320172 0.999487 0.000362783 -4.00396 -0.0255129 0.000454417 0.999674 259.391 
0.99912 -0.0277804 0.0314364 -2.03995 0.0278258 0.999612 -0.00100737 -4.02877 -0.0313963 0.00188123 0.999505 261.063 
0.998976 -0.027937 0.035588 -1.96737 0.0280703 0.999601 -0.00325267 -4.05383 -0.0354829 0.00424831 0.999361 262.727 
0.998834 -0.0268246 0.040133 -1.88782 0.0268221 0.99964 0.00060001 -4.08638 -0.0401347 0.000477142 0.999194 264.408 
0.99858 -0.0259874 0.0465064 -1.82326 0.0260214 0.999661 -0.000124538 -4.10894 -0.0464874 0.00133452 0.998918 266.09 
0.99822 -0.0316485 0.0505542 -1.73192 0.0316808 0.999498 0.000163591 -4.1353 -0.050534 0.0014383 0.998721 267.781 
0.998122 -0.0348038 0.0504104 -1.63861 0.0348545 0.999392 -0.000126799 -4.15932 -0.0503754 0.00188359 0.998729 269.476 
0.998079 -0.0360113 0.0504113 -1.54783 0.0360228 0.999351 0.000680743 -4.18969 -0.050403 0.00113652 0.998728 271.18 
0.998117 -0.0365335 0.049274 -1.46775 0.0365606 0.999331 0.000351645 -4.22169 -0.0492539 0.0014505 0.998785 272.891 
0.998309 -0.0366468 0.0451236 -1.38919 0.036753 0.999323 -0.00152704 -4.24969 -0.0450371 0.00318289 0.99898 274.578 
0.998534 -0.0347073 0.0415459 -1.30727 0.0348079 0.999393 -0.00170073 -4.29281 -0.0414617 0.00314437 0.999135 276.273 
0.998734 -0.0336174 0.0374188 -1.25919 0.0336305 0.999434 0.000279347 -4.3273 -0.037407 0.00097942 0.9993 277.966 
0.998967 -0.0360537 0.0276622 -1.1952 0.0359518 0.999345 0.00417277 -4.36092 -0.0277945 -0.00317395 0.999609 279.653 
0.999146 -0.0374077 0.0175514 -1.15634 0.0373065 0.999286 0.00605919 -4.38935 -0.0177655 -0.00539924 0.999828 281.309 
0.999241 -0.0377563 0.0096337 -1.17281 0.0376985 0.99927 0.00611605 -4.40763 -0.00985759 -0.00574823 0.999935 282.925 
0.999247 -0.0387727 0.00136896 -1.16957 0.0387649 0.999234 0.00532661 -4.43305 -0.00157443 -0.00526953 0.999985 284.476 
0.999199 -0.0394339 -0.00681196 -1.17631 0.0394687 0.999208 0.00504557 -4.45661 0.0066076 -0.00531039 0.999964 285.956 
0.999077 -0.039499 -0.0168943 -1.18699 0.0395498 0.999214 0.00268317 -4.48687 0.016775 -0.00334886 0.999854 287.338 
0.998856 -0.0371097 -0.0301444 -1.27848 0.0370793 0.999311 -0.00156714 -4.51098 0.0301818 0.000447613 0.999544 288.655 
0.997914 -0.035675 -0.0538069 -1.35879 0.0355296 0.999362 -0.00365743 -4.54675 0.0539031 0.00173806 0.998545 289.922 
0.995442 -0.0315969 -0.089988 -1.48475 0.0314169 0.999501 -0.00341597 -4.58367 0.090051 0.000573248 0.995937 291.134 
0.986206 -0.0258476 -0.163491 -1.80238 0.0252685 0.999665 -0.00562094 -4.62633 0.163582 0.00141222 0.986529 292.831 
0.973415 -0.0255294 -0.227622 -2.07344 0.025168 0.999673 -0.00449058 -4.65764 0.227662 -0.00135761 0.973739 293.89 
0.953433 -0.022454 -0.300768 -2.38832 0.0227226 0.999738 -0.00260566 -4.67776 0.300748 -0.0043499 0.953694 294.881 
0.925491 -0.0199628 -0.378243 -2.79576 0.0213266 0.999772 -0.000583556 -4.7011 0.378169 -0.00752656 0.925706 295.793 
0.88896 -0.0187002 -0.457603 -3.31051 0.0211887 0.999775 0.0003058 -4.73669 0.457495 -0.00996786 0.889156 296.645 
0.81047 -0.0218399 -0.585374 -4.1632 0.0269162 0.999638 -2.95166e-05 -4.75573 0.585162 -0.0157321 0.810764 297.79 
0.744157 -0.0209949 -0.667675 -4.84704 0.0258013 0.999664 -0.00267737 -4.76423 0.667507 -0.0152345 0.744448 298.414 
0.662381 -0.0218873 -0.748848 -5.56703 0.0329072 0.999458 -0.000104621 -4.78753 0.748444 -0.0245732 0.662742 298.97 
0.563051 -0.0178745 -0.826229 -6.33104 0.0343206 0.999409 0.00176748 -4.80021 0.825709 -0.0293519 0.563332 299.428 
0.45917 -0.00710211 -0.88832 -7.17946 0.0220324 0.999751 0.00339549 -4.81903 0.888075 -0.0211309 0.459213 299.664 
0.286789 0.000976241 -0.957993 -8.39612 0.0191137 0.999795 0.0067408 -4.83925 0.957803 -0.020244 0.286711 299.952 
0.104366 0.0124341 -0.994461 -9.67322 0.0171549 0.999751 0.0143006 -4.85546 0.994391 -0.0185524 0.104127 299.961 
-0.0951992 0.0311226 -0.994972 -11.012 0.0169735 0.999417 0.0296376 -4.83951 0.995314 -0.0140667 -0.0956719 299.798 
-0.225275 0.044124 -0.973296 -11.9186 0.0194856 0.998978 0.0407783 -4.8388 0.9741 -0.00977897 -0.225904 299.491 
-0.410926 0.0526507 -0.910147 -13.2995 0.027198 0.998595 0.0454875 -4.80488 0.911263 -0.00606216 -0.411781 298.848 
-0.517905 0.0543844 -0.853708 -14.2022 0.0305523 0.998516 0.0450745 -4.77574 0.854893 -0.00273846 -0.518798 298.235 
-0.603083 0.0552837 -0.795761 -15.0806 0.0311297 0.998467 0.0457739 -4.73653 0.797071 0.00283366 -0.603879 297.484 
-0.676805 0.06592 -0.733205 -16.0031 0.0421359 0.997819 0.0508158 -4.69309 0.734955 0.00349818 -0.678107 296.592 
-0.744878 0.072544 -0.663245 -16.9032 0.0498271 0.997344 0.053127 -4.628 0.665337 0.00652561 -0.746514 295.555 
-0.801536 0.0677902 -0.594092 -17.7155 0.050571 0.997678 0.0456131 -4.58379 0.595805 0.00651673 -0.803103 294.341 
-0.849066 0.0605856 -0.524801 -18.4896 0.0488037 0.99815 0.0362725 -4.53039 0.526027 0.00518555 -0.850452 293.014 
-0.890509 0.0570658 -0.451372 -19.2616 0.0462596 0.998318 0.0349493 -4.50011 0.452607 0.0102424 -0.891651 291.568 
-0.925054 0.0606568 -0.374961 -19.9185 0.0517291 0.998088 0.0338397 -4.45676 0.376296 0.0119071 -0.926423 289.967 
-0.952254 0.0646621 -0.298379 -20.4896 0.0566297 0.997764 0.0354969 -4.41195 0.300008 0.016905 -0.953787 288.242 
-0.972029 0.0667286 -0.22518 -20.9278 0.0602275 0.997549 0.0356255 -4.36228 0.227005 0.021067 -0.973666 286.349 
-0.985507 0.062465 -0.157717 -21.2884 0.0587199 0.997873 0.0282992 -4.31397 0.159149 0.018628 -0.987079 284.356 
-0.993626 0.0606231 -0.0950352 -21.5164 0.0582128 0.997913 0.0279348 -4.27773 0.0965304 0.0222244 -0.995082 282.256 
-0.9975 0.0575327 -0.0410212 -21.595 0.0565109 0.998072 0.0256482 -4.23653 0.0424177 0.0232659 -0.998829 280.054 
-0.998557 0.0532004 0.00737757 -21.5982 0.0533841 0.998196 0.0274586 -4.19245 -0.00590346 0.0278128 -0.999596 277.755 
-0.997956 0.0457227 0.0446486 -21.5128 0.0468264 0.998615 0.0239945 -4.15232 -0.0434897 0.0260362 -0.998715 275.383 
-0.997208 0.0368199 0.0649709 -21.3735 0.0385194 0.998943 0.0251016 -4.12324 -0.063978 0.0275341 -0.997571 272.953 
-0.997113 0.0319656 0.0688748 -21.1822 0.0337579 0.999117 0.025017 -4.08389 -0.0680143 0.0272699 -0.997312 270.447 
-0.997466 0.0301793 0.0644283 -20.9844 0.0318207 0.999191 0.024605 -4.03081 -0.0636336 0.0265928 -0.997619 267.877 
-0.99782 0.0288398 0.0593655 -20.8335 0.0304323 0.999196 0.0260985 -3.99208 -0.058565 0.0278482 -0.997895 265.249 
-0.998489 0.0272744 0.0476957 -20.6771 0.0287254 0.999137 0.0300068 -3.95009 -0.0468361 0.0313315 -0.998411 262.586 
-0.99899 0.0244923 0.0376787 -20.5722 0.0256937 0.999166 0.031739 -3.9134 -0.0368699 0.0326751 -0.998786 259.924 
-0.999371 0.0226445 0.0272995 -20.4729 0.0234719 0.999263 0.0303803 -3.88071 -0.0265914 0.031002 -0.999166 257.241 
-0.999603 0.0219896 0.0176314 -20.4253 0.0225524 0.999221 0.0323835 -3.8367 -0.0169056 0.0327682 -0.99932 254.555 
-0.99967 0.0241766 0.00869258 -20.3723 0.0244672 0.999086 0.0350455 -3.78545 -0.00783735 0.0352467 -0.999348 251.857 
-0.999672 0.0255457 0.00196971 -20.3426 0.0255974 0.99911 0.0335266 -3.73464 -0.00111149 0.033566 -0.999436 249.153 
-0.999646 0.0265427 -0.00192267 -20.3378 0.0264784 0.999256 0.0280574 -3.69639 0.00266595 0.0279965 -0.999604 246.443 
-0.999569 0.0289796 -0.00466338 -20.3355 0.0288154 0.999069 0.0321028 -3.66343 0.00558936 0.0319545 -0.999474 243.709 
-0.999643 0.0258414 -0.00683799 -20.3097 0.0256073 0.999148 0.0323514 -3.60175 0.00766817 0.0321648 -0.999453 241.032 
-0.999654 0.0254041 -0.00680835 -20.2712 0.0251848 0.999215 0.0305652 -3.5687 0.00757949 0.0303831 -0.99951 238.313 
-0.999618 0.0268581 -0.00651987 -20.2496 0.0266525 0.999201 0.0297913 -3.52423 0.0073148 0.0296062 -0.999535 235.543 
-0.999658 0.0257309 -0.00460951 -20.2567 0.025562 0.99911 0.033555 -3.47817 0.00546881 0.0334257 -0.999426 232.754 
-0.999762 0.0215664 -0.00328496 -20.2437 0.0214437 0.999202 0.0336847 -3.42732 0.0040088 0.0336063 -0.999427 229.955 
-0.999809 0.0192178 -0.00359809 -20.2105 0.0190934 0.999309 0.0318966 -3.39392 0.00420859 0.0318218 -0.999485 227.148 
-0.999794 0.0200223 -0.00337759 -20.2069 0.0199073 0.999315 0.0311947 -3.35211 0.00399986 0.031121 -0.999508 224.319 
-0.999816 0.0188945 -0.00319182 -20.198 0.0187806 0.999292 0.0325889 -3.30287 0.00380531 0.032523 -0.999464 221.477 
-0.999825 0.0183302 -0.00376183 -20.1784 0.0181948 0.999279 0.0333347 -3.25763 0.00437015 0.0332604 -0.999437 218.62 
-0.999808 0.0194244 -0.00269568 -20.2009 0.0193247 0.999266 0.0330741 -3.21345 0.00333615 0.0330156 -0.999449 215.757 
-0.999765 0.021641 -0.00117656 -20.2206 0.0215886 0.99919 0.033958 -3.17324 0.00191049 0.0339247 -0.999423 212.879 
-0.999777 0.0210601 -0.00141974 -20.2028 0.0210042 0.999271 0.0318811 -3.13127 0.00209013 0.0318442 -0.999491 210.016 
-0.999829 0.0184536 -0.000942063 -20.2148 0.0184159 0.999357 0.0307598 -3.10137 0.00150909 0.0307372 -0.999526 207.188 
-0.999858 0.0168096 0.00148346 -20.2269 0.0168509 0.999257 0.0346655 -3.06507 -0.000899641 0.0346856 -0.999398 204.266 
-0.999818 0.0189716 0.00199718 -20.2115 0.0190284 0.999243 0.0339291 -3.00921 -0.00135198 0.033961 -0.999422 201.346 
-0.999798 0.0200514 0.00166693 -20.1949 0.0200979 0.999169 0.0354485 -2.96423 -0.000954751 0.0354748 -0.99937 198.426 
-0.999844 0.0176461 0.000433366 -20.2023 0.0176497 0.999107 0.0383795 -2.90109 0.000244268 0.0383812 -0.999263 195.518 
-0.99981 0.0195131 0.00039837 -20.189 0.0195136 0.999033 0.0394061 -2.86246 0.000370949 0.0394064 -0.999223 192.654 
-0.999775 0.0211543 -0.00126553 -20.1675 0.0210914 0.999063 0.0377969 -2.81207 0.00206391 0.0377617 -0.999285 189.744 
-0.999769 0.0214028 -0.00214456 -20.1545 0.0213052 0.999041 0.0382409 -2.76131 0.00296097 0.0381863 -0.999266 186.849 
-0.999759 0.0217342 -0.00323041 -20.1535 0.0215914 0.999002 0.0391011 -2.70588 0.00407702 0.0390219 -0.99923 183.964 
-0.999729 0.0228961 -0.00414117 -20.1823 0.0227078 0.998905 0.0409115 -2.6409 0.00507335 0.0408064 -0.999154 181.098 
-0.999698 0.0231985 -0.00809137 -20.1975 0.0228703 0.998996 0.0385277 -2.58571 0.00897703 0.038331 -0.999225 178.259 
-0.999613 0.0257345 -0.0105307 -20.2561 0.0252742 0.998809 0.0417252 -2.51144 0.0115919 0.0414429 -0.999074 175.432 
-0.999549 0.0248662 -0.0168441 -20.2463 0.0241544 0.998858 0.0412187 -2.46366 0.0178498 0.0407933 -0.999008 172.651 
-0.999487 0.0242248 -0.020929 -20.2915 0.0232933 0.998775 0.04366 -2.40346 0.021961 0.0431502 -0.998827 169.907 
-0.999408 0.024043 -0.024614 -20.3221 0.0229475 0.998774 0.0438594 -2.35446 0.0256384 0.0432686 -0.998734 167.237 
-0.999341 0.0238625 -0.0273399 -20.3774 0.0225624 0.998644 0.0469137 -2.30166 0.0284223 0.0462659 -0.998525 164.651 
-0.999337 0.0232088 -0.0280511 -20.4392 0.0219272 0.998739 0.0451648 -2.25561 0.0290639 0.0445198 -0.998586 162.16 
-0.999344 0.0220311 -0.0287368 -20.4788 0.0207358 0.998789 0.0446186 -2.20336 0.0296849 0.0439935 -0.998591 159.766 
-0.999368 0.0231183 -0.0269884 -20.5652 0.0218796 0.998733 0.045322 -2.15503 0.028002 0.0447029 -0.998608 157.48 
-0.999387 0.0229878 -0.0264084 -20.6009 0.0217064 0.99862 0.0478245 -2.1094 0.0274713 0.0472219 -0.998507 155.289 
-0.999443 0.0212448 -0.0257541 -20.6374 0.0200385 0.99873 0.0462238 -2.07532 0.0267034 0.0456819 -0.998599 153.223 
-0.999463 0.0199884 -0.0259826 -20.6494 0.0187971 0.998796 0.0453137 -2.03071 0.0268571 0.0448009 -0.998635 151.249 
-0.999479 0.0205314 -0.0248954 -20.6858 0.0193472 0.998712 0.0469105 -1.99947 0.0258264 0.0464044 -0.998589 149.377 
-0.999496 0.0217705 -0.0230851 -20.7372 0.0206518 0.998651 0.0476386 -1.96739 0.0240911 0.0471379 -0.998598 147.6 
-0.999524 0.020926 -0.0226668 -20.7596 0.0198978 0.998804 0.0446723 -1.93994 0.0235745 0.0442 -0.998745 145.923 
-0.999426 0.0262236 -0.0214313 -20.8062 0.0253047 0.998794 0.0420769 -1.90752 0.0225089 0.0415104 -0.998884 144.273 
-0.999433 0.0270329 -0.0200571 -20.8475 0.0261855 0.998801 0.0413721 -1.88121 0.0211515 0.0408234 -0.998942 142.694 
-0.999343 0.0306511 -0.0193371 -20.8752 0.02987 0.998774 0.0394694 -1.85574 0.0205232 0.0388658 -0.999034 141.193 
-0.99933 0.0319348 -0.0179042 -20.9671 0.0311705 0.998654 0.0414551 -1.85333 0.0192039 0.0408692 -0.99898 139.706 
-0.999255 0.0331128 -0.0198061 -20.9186 0.032293 0.998663 0.0403664 -1.84517 0.0211163 0.0396968 -0.998989 138.254 
-0.999204 0.0341778 -0.0205841 -20.9371 0.0333952 0.998748 0.0372334 -1.81487 0.0218308 0.0365163 -0.999095 136.834 
-0.999125 0.0368994 -0.0196727 -20.9928 0.0362949 0.998883 0.0302468 -1.78478 0.0207668 0.0295063 -0.999349 134.776 
-0.999029 0.0391329 -0.020261 -20.9902 0.0385018 0.998788 0.0306549 -1.77532 0.021436 0.029845 -0.999325 133.389 
-0.998987 0.0400408 -0.0205515 -21.0068 0.0393582 0.998693 0.0326099 -1.75605 0.0218304 0.031768 -0.999257 132.015 
-0.999275 0.0322328 -0.0202569 -21.0454 0.031717 0.999177 0.0252887 -1.73605 0.0210553 0.0246279 -0.999475 130.655 
-0.999379 0.0290297 -0.0199886 -21.0931 0.0286941 0.999446 0.0168805 -1.72511 0.0204675 0.0162965 -0.999658 129.274 
-0.999583 0.0226994 -0.0178406 -21.0911 0.0223073 0.999512 0.0218778 -1.70781 0.0183285 0.0214707 -0.999601 127.864 
-0.999675 0.0211378 -0.0142576 -21.101 0.0207793 0.999475 0.0248399 -1.68316 0.0147752 0.0245356 -0.99959 126.397 
-0.999783 0.0193937 -0.00766316 -21.1097 0.0192226 0.999577 0.0218066 -1.65831 0.00808283 0.0216545 -0.999733 124.882 
-0.999866 0.0163703 8.22635e-05 -21.1732 0.0163671 0.999539 0.0255747 -1.6313 0.000336441 0.0255727 -0.999673 123.304 
-0.999793 0.0189625 0.00732343 -21.1742 0.0191944 0.999271 0.0330048 -1.60623 -0.00669223 0.0331386 -0.999428 121.659 
-0.999594 0.0229016 0.0169684 -21.168 0.0234347 0.999216 0.0319139 -1.56591 -0.0162242 0.0322985 -0.999347 119.951 
-0.999391 0.0245567 0.0247839 -21.1019 0.0252494 0.999288 0.0280339 -1.52569 -0.0240778 0.0286426 -0.9993 118.174 
-0.998911 0.0280712 0.0372654 -20.9965 0.0292867 0.999043 0.0324843 -1.46888 -0.0363179 0.0335403 -0.998777 115.36 
-0.998473 0.0319146 0.0451 -20.8973 0.0332754 0.999003 0.0297502 -1.42765 -0.0441056 0.0312055 -0.998539 113.405 
-0.998102 0.032801 0.0521272 -20.772 0.0341366 0.999106 0.0249412 -1.3913 -0.0512625 0.0266733 -0.998329 111.387 
-0.99785 0.0327793 0.0567447 -20.647 0.0342211 0.999111 0.0246249 -1.36491 -0.055887 0.0265138 -0.998085 109.294 
-0.997833 0.0316255 0.0577035 -20.5038 0.0327651 0.999284 0.0189106 -1.33738 -0.0570641 0.0207603 -0.998155 107.132 
-0.997746 0.0361544 0.0565239 -20.2744 0.0376593 0.998958 0.0257901 -1.28821 -0.0555326 0.0278606 -0.998068 103.755 
-0.997771 0.0365306 0.0558405 -20.1272 0.0379858 0.99896 0.0252242 -1.24052 -0.054861 0.0272891 -0.998121 101.416 
-0.997911 0.0344679 0.0546396 -19.9831 0.0358393 0.999062 0.0243204 -1.20877 -0.0537501 0.0262278 -0.99821 99.0143 
-0.997971 0.0349169 0.0532431 -19.831 0.0361553 0.999093 0.0224769 -1.17052 -0.05241 0.0243563 -0.998329 96.5499 
-0.998124 0.034361 0.0506648 -19.6868 0.0357799 0.998985 0.0273685 -1.13701 -0.049673 0.0291299 -0.998341 94.0248 
-0.998035 0.0368873 0.0506528 -19.6178 0.0382702 0.998913 0.0266099 -1.09169 -0.0496162 0.0284961 -0.998362 91.4458 
-0.998256 0.0376074 0.0455042 -19.4842 0.0383448 0.999145 0.0154434 -1.05789 -0.0448845 0.0171614 -0.998845 88.8092 
-0.998494 0.0373533 0.0401885 -19.3447 0.0381799 0.999071 0.0200011 -1.03399 -0.039404 0.0215054 -0.998992 86.1013 
-0.998728 0.0359966 0.0353216 -19.2271 0.0369471 0.998962 0.0266344 -0.988051 -0.0343262 0.0279055 -0.999021 83.3218 
-0.998819 0.0370123 0.0314823 -19.118 0.0377743 0.998999 0.023967 -0.938008 -0.0305637 0.0251279 -0.999217 80.4988 
-0.998672 0.0424456 0.0292118 -19.0558 0.0431652 0.998768 0.0244608 -0.892399 -0.0281375 0.0256892 -0.999274 77.6099 
-0.998814 0.0419233 0.0247599 -18.9172 0.0426276 0.998681 0.0286362 -0.873932 -0.0235267 0.0296577 -0.999283 74.672 
-0.998951 0.0412857 0.0198188 -18.7548 0.0419682 0.998493 0.0353497 -0.857187 -0.0183295 0.0361444 -0.999178 71.7827 
-0.998972 0.0419018 0.0172711 -18.6938 0.0424867 0.998483 0.0350132 -0.812139 -0.0157778 0.035711 -0.999238 68.8469 
-0.99891 0.0437129 0.0163702 -18.668 0.0442507 0.998439 0.0340733 -0.751132 -0.0148552 0.0347605 -0.999285 65.9179 
-0.999054 0.0409841 0.01452 -18.596 0.0414673 0.998537 0.0347108 -0.72073 -0.0130761 0.0352801 -0.999292 63.0658 
-0.999123 0.0398329 0.0128811 -18.534 0.0402444 0.99863 0.0334439 -0.66513 -0.0115313 0.033933 -0.999358 60.1304 
-0.999044 0.0415964 0.013476 -18.4978 0.042105 0.998314 0.0399563 -0.60187 -0.0117913 0.0404855 -0.999111 57.1974 
-0.998995 0.0421123 0.0153716 -18.4333 0.0426466 0.998432 0.0362711 -0.554226 -0.01382 0.0368902 -0.999224 54.2807 
-0.99916 0.0379704 0.0153805 -18.3543 0.0384522 0.998737 0.0323391 -0.51676 -0.0141332 0.0329034 -0.999359 51.3601 
-0.999079 0.0393145 0.0172103 -18.295 0.0399325 0.998511 0.0371709 -0.486608 -0.0157233 0.0378239 -0.999161 48.4628 
-0.999223 0.0349441 0.0182086 -18.2234 0.0356531 0.998556 0.0401873 -0.439002 -0.016778 0.0408052 -0.999026 45.5729 
-0.999191 0.0358079 0.0183167 -18.1697 0.036404 0.998782 0.0333156 -0.392832 -0.0171014 0.0339554 -0.999277 42.7035 
-0.99916 0.0370678 0.0174686 -18.1222 0.0376867 0.998621 0.0365409 -0.345247 -0.01609 0.0371685 -0.999179 39.8246 
-0.999276 0.0347462 0.0155109 -18.037 0.0352902 0.998718 0.0362982 -0.295679 -0.0142298 0.0368193 -0.999221 36.9557 
-0.999393 0.0317051 0.0144081 -17.9957 0.0321896 0.998878 0.0347379 -0.243184 -0.0132906 0.0351806 -0.999293 34.0832 
-0.99921 0.0368387 0.014903 -17.9592 0.037326 0.99873 0.0338536 -0.203081 -0.013637 0.0343831 -0.999316 31.2454 
-0.998956 0.0429101 0.0156881 -17.9371 0.043446 0.998422 0.0355879 -0.166192 -0.0141362 0.0362324 -0.999243 28.3907 
-0.998993 0.0421751 0.0153221 -17.8412 0.0426835 0.998492 0.034521 -0.140038 -0.0138431 0.0351402 -0.999287 25.5744 
-0.999159 0.0383794 0.014464 -17.7822 0.038859 0.99865 0.0344812 -0.0971066 -0.0131211 0.0350142 -0.999301 22.7617 
-0.99907 0.0406478 0.0143596 -17.7132 0.0411473 0.99849 0.0363955 -0.0650387 -0.0128585 0.0369526 -0.999234 19.9841 
-0.999064 0.0412594 0.012987 -17.6319 0.0417207 0.998424 0.0375247 -0.00854695 -0.0114183 0.0380314 -0.999211 17.22 
-0.999278 0.0364083 0.0108567 -17.5438 0.0367211 0.99887 0.0301607 0.0442411 -0.00974629 0.0305376 -0.999486 14.4735 
-0.999536 0.0283084 0.0112384 -17.4881 0.0286444 0.99911 0.0309573 0.0649707 -0.0103521 0.0312649 -0.999458 11.7346 
-0.999523 0.0288244 0.0110717 -17.4101 0.0291967 0.998958 0.0350779 0.109147 -0.0100491 0.0353845 -0.999323 8.99846 
-0.999234 0.03761 0.0107997 -17.3619 0.0380046 0.998516 0.0390065 0.160635 -0.00931668 0.0393871 -0.999181 6.26548 
-0.999085 0.0414892 0.0103435 -17.3068 0.0418276 0.998512 0.0349849 0.226552 -0.00887665 0.0353855 -0.999334 3.53914 
-0.999221 0.0382743 0.00963018 -17.2668 0.0385658 0.998738 0.0321632 0.270169 -0.008387 0.0325095 -0.999436 0.810328 
-0.999274 0.0368232 0.00980044 -17.229 0.0371208 0.998794 0.0321403 0.316431 -0.00860511 0.0324808 -0.999435 -1.93061 
-0.999292 0.0364989 0.00909575 -17.1859 0.0367559 0.998877 0.029904 0.35819 -0.00799407 0.0302171 -0.999511 -4.68618 
-0.99939 0.0340344 0.00781277 -17.1173 0.0342531 0.998968 0.0298122 0.399469 -0.00679007 0.0300617 -0.999525 -7.46064 
-0.999575 0.0282654 0.00716309 -17.0648 0.0284878 0.999045 0.0331244 0.433869 -0.00621997 0.0333144 -0.999426 -10.2557 
-0.999608 0.0269567 0.00752213 -17.0465 0.02717 0.999185 0.0298591 0.471426 -0.0067111 0.0300517 -0.999526 -13.0609 
-0.999676 0.0244941 0.00694078 -16.9838 0.0246903 0.999252 0.029757 0.515048 -0.00620672 0.0299187 -0.999533 -15.8685 
-0.999706 0.0223927 0.00929166 -16.9808 0.0226097 0.999458 0.0239465 0.541308 -0.00875039 0.0241496 -0.99967 -18.6826 
-0.999657 0.0242205 0.00991702 -16.9315 0.0244643 0.999382 0.0252452 0.559373 -0.00929944 0.0254791 -0.999632 -21.5088 
-0.999469 0.0305129 0.0114744 -16.8702 0.0308021 0.999189 0.0259388 0.574868 -0.0106736 0.0262784 -0.999598 -24.3487 
-0.999523 0.0285462 0.0118012 -16.8295 0.0288253 0.999292 0.0241951 0.600005 -0.0111022 0.0245237 -0.999638 -27.1906 
-0.999546 0.0274348 0.0124886 -16.7724 0.0277866 0.999195 0.0289235 0.638596 -0.0116851 0.0292574 -0.999504 -30.0467 
-0.999401 0.0317652 0.0137403 -16.731 0.0321407 0.99909 0.0280294 0.674497 -0.0128375 0.0284543 -0.999513 -32.8936 
-0.999326 0.033729 0.0144752 -16.6904 0.0341461 0.998978 0.0296037 0.706943 -0.0134619 0.030078 -0.999457 -35.7425 
-0.999273 0.035616 0.0135639 -16.6157 0.036011 0.998898 0.0300857 0.74818 -0.0124774 0.0305523 -0.999455 -38.5648 
-0.999066 0.0405294 0.0149982 -16.5798 0.0410036 0.998621 0.032787 0.773593 -0.0136487 0.0333713 -0.99935 -41.4001 
-0.998919 0.0439425 0.0151818 -16.5301 0.0443112 0.998708 0.0248663 0.794816 -0.0140695 0.0255121 -0.999576 -44.2143 
-0.998907 0.0441488 0.0153821 -16.4955 0.0445467 0.998654 0.0265667 0.816608 -0.0141885 0.0272229 -0.999529 -47.027 
-0.998989 0.0426633 0.0141609 -16.4026 0.0430231 0.998732 0.0261587 0.857213 -0.013027 0.0267415 -0.999557 -49.8378 
-0.99901 0.0420063 0.0146135 -16.3538 0.042393 0.998729 0.0272459 0.880748 -0.0134504 0.0278384 -0.999522 -52.6401 
-0.999125 0.0397936 0.0128653 -16.2881 0.0401019 0.998891 0.0246699 0.905209 -0.0118693 0.0251643 -0.999613 -55.4303 
-0.999023 0.042656 0.0115233 -16.2348 0.0429376 0.998755 0.0254098 0.924465 -0.0104251 0.0258798 -0.999611 -58.2329 
-0.99908 0.0418179 0.00947206 -16.192 0.042036 0.998824 0.0241376 0.942618 -0.00845154 0.0245136 -0.999664 -61.0384 
-0.999124 0.0410873 0.00799694 -16.1478 0.0412797 0.99882 0.025599 0.961923 -0.0069357 0.0259067 -0.99964 -63.8385 
-0.999189 0.0397254 0.00656177 -16.1115 0.0398817 0.998874 0.0257074 0.987457 -0.00553314 0.0259483 -0.999648 -66.6367 
-0.999224 0.0391049 0.00473763 -16.0647 0.0392085 0.998937 0.0242257 1.01793 -0.00378526 0.0243927 -0.999695 -69.4227 
-0.999192 0.0398111 0.00553981 -16.0565 0.0399206 0.998976 0.0212918 1.03469 -0.00468648 0.0214958 -0.999758 -72.1932 
-0.99911 0.0415693 0.00713869 -16.0422 0.0417308 0.998836 0.0241989 1.05318 -0.00612445 0.0244752 -0.999682 -74.9588 
-0.999095 0.0415296 0.00914783 -16.018 0.0417536 0.998794 0.0258388 1.06738 -0.00806372 0.0261974 -0.999624 -77.7144 
-0.998871 0.0459908 0.0119187 -15.9838 0.0462177 0.998741 0.0195118 1.08637 -0.0110063 0.0200406 -0.999739 -80.3557 
-0.998948 0.0442944 0.0118674 -15.934 0.0445922 0.998663 0.0261312 1.08661 -0.010694 0.0266329 -0.999588 -83.0778 
-0.998806 0.0473032 0.0122253 -15.8754 0.0476336 0.998463 0.0283159 1.11947 -0.0108671 0.0288644 -0.999524 -85.7606 
-0.998842 0.0468415 0.0110203 -15.8398 0.0471035 0.998581 0.0248514 1.14033 -0.00984056 0.0253418 -0.99963 -88.4429 
-0.999018 0.0435389 0.0082152 -15.7916 0.0437331 0.998726 0.0251626 1.15342 -0.00710919 0.0254971 -0.99965 -91.1171 
-0.999059 0.0429984 0.00573877 -15.7418 0.0431303 0.99875 0.0252803 1.17522 -0.00464458 0.025504 -0.999664 -93.7794 
-0.999082 0.0426274 0.00422614 -15.6909 0.0427228 0.998751 0.0258911 1.18064 -0.00311719 0.0260479 -0.999656 -96.4287 
-0.999047 0.0435667 0.00272438 -15.6577 0.0436244 0.998685 0.0269466 1.19393 -0.00154682 0.0270398 -0.999633 -99.06 
-0.999055 0.0434426 0.00120296 -15.642 0.0434592 0.998686 0.0271447 1.20762 -2.2146e-05 0.0271714 -0.999631 -101.672 
-0.999071 0.0430972 -0.000542677 -15.6187 0.0430668 0.998707 0.027016 1.23312 0.00170629 0.0269675 -0.999635 -104.276 
-0.999118 0.0418974 -0.00286009 -15.5926 0.041813 0.998812 0.0250235 1.2585 0.00390511 0.0248818 -0.999683 -106.861 
-0.99914 0.0412121 -0.00447575 -15.5861 0.0410904 0.998854 0.0245384 1.2754 0.0054819 0.0243334 -0.999689 -109.437 
-0.999047 0.043528 -0.00324903 -15.6107 0.0434292 0.998718 0.0259872 1.2908 0.00437604 0.0258213 -0.999657 -111.995 
-0.999049 0.0434545 -0.00366063 -15.5967 0.0433482 0.998739 0.0253388 1.31662 0.0047571 0.025156 -0.999672 -114.537 
-0.999035 0.0437879 -0.00334155 -15.5894 0.0436825 0.998683 0.026898 1.32752 0.00451496 0.0267261 -0.999633 -117.058 
-0.998954 0.0456771 -0.00211871 -15.5916 0.0456028 0.99859 0.0271817 1.34296 0.0033573 0.0270566 -0.999628 -119.562 
-0.999007 0.0444777 -0.00256624 -15.5887 0.0443929 0.998653 0.0268698 1.36087 0.00375789 0.0267292 -0.999636 -122.038 
-0.99906 0.0430917 -0.00478519 -15.5865 0.0429471 0.998711 0.0270421 1.37297 0.00594431 0.0268111 -0.999623 -124.481 
-0.9991 0.0419576 -0.00621297 -15.5948 0.0417645 0.998721 0.0284895 1.39422 0.00740038 0.0282044 -0.999575 -126.884 
-0.999138 0.0405318 -0.00898159 -15.6048 0.0402871 0.998852 0.0259216 1.40251 0.0100219 0.0255374 -0.999624 -129.24 
-0.999134 0.0403588 -0.010161 -15.6099 0.0400602 0.998803 0.0280509 1.41068 0.011281 0.0276196 -0.999555 -131.556 
-0.998998 0.0437077 -0.00966578 -15.628 0.0433976 0.9986 0.0302513 1.44231 0.0109745 0.0298015 -0.999496 -133.815 
-0.998964 0.0445841 -0.00907714 -15.6512 0.0442832 0.998537 0.031014 1.46085 0.0104466 0.0305799 -0.999478 -135.993 
-0.998974 0.0440383 -0.010586 -15.6641 0.043664 0.998491 0.0333127 1.48457 0.0120371 0.0328163 -0.999389 -138.081 
-0.99897 0.0432089 -0.0138574 -15.687 0.042748 0.998574 0.0319898 1.50839 0.0152199 0.0313645 -0.999392 -140.068 
-0.998854 0.0451795 -0.0158082 -15.7085 0.0446405 0.99846 0.0329359 1.52282 0.0172719 0.0321925 -0.999332 -141.945 
-0.998777 0.0477721 -0.0127419 -15.7319 0.0473416 0.99836 0.03218 1.52658 0.0142584 0.0315374 -0.999401 -143.709 
-0.998508 0.0543554 0.00517248 -15.7286 0.0544871 0.998059 0.0301579 1.52981 -0.0035232 0.0303948 -0.999532 -145.348 
-0.997214 0.0590818 0.0455296 -15.6372 0.0604691 0.997728 0.0297199 1.53187 -0.0436702 0.0323902 -0.998521 -146.881 
-0.993568 0.0551421 0.0989009 -15.4642 0.058813 0.99767 0.0345916 1.55178 -0.0967629 0.0401858 -0.994496 -148.307 
-0.984942 0.0533189 0.164459 -15.211 0.0591511 0.997775 0.0307683 1.54821 -0.162453 0.0400329 -0.985904 -149.604 
-0.966777 0.0558971 0.249434 -14.9106 0.0634185 0.99774 0.0222137 1.54601 -0.247628 0.0372944 -0.968137 -150.803 
-0.938349 0.0554678 0.34121 -14.2607 0.0652949 0.997715 0.0173746 1.54533 -0.339467 0.0385827 -0.939826 -151.743 
-0.892961 0.0526575 0.447044 -13.7157 0.0646718 0.997839 0.0116447 1.52447 -0.445464 0.0393094 -0.894436 -152.665 
-0.830351 0.0492446 0.555061 -13.0492 0.0640969 0.997917 0.00735235 1.50732 -0.553542 0.0416827 -0.831777 -153.486 
-0.748601 0.0456784 0.661445 -12.3243 0.0641426 0.997934 0.00367858 1.46693 -0.659911 0.0451806 -0.749985 -154.258 
-0.648717 0.0375494 0.760103 -11.4671 0.060457 0.998168 0.00228765 1.42347 -0.758625 0.0474376 -0.649798 -154.784 
-0.53532 0.0269858 0.844218 -10.5948 0.0518668 0.998654 0.000966474 1.40244 -0.843056 0.0443043 -0.535998 -155.25 
-0.348481 0.0231908 0.937029 -9.20778 0.0486038 0.998796 -0.00664372 1.38345 -0.936055 0.0432279 -0.349188 -155.697 
-0.14793 0.0203531 0.988788 -7.77378 0.0412529 0.999045 -0.0143924 1.34495 -0.988137 0.0386613 -0.148628 -155.857 
-0.00750685 0.00181359 0.99997 -6.77751 0.0401976 0.999191 -0.00151041 1.31808 -0.999164 0.040185 -0.00757368 -155.812 
0.131361 -0.021579 0.9911 -5.8041 0.0365602 0.999188 0.0169094 1.29523 -0.99066 0.0340136 0.132043 -155.581 
0.272016 -0.0355192 0.961637 -4.83669 0.0363841 0.998984 0.0266067 1.28034 -0.961605 0.0277509 0.273032 -155.219 
0.414759 -0.0439157 0.908871 -3.85428 0.0428535 0.998669 0.0286986 1.30614 -0.908922 0.0270453 0.416089 -154.845 
0.543739 -0.0526843 0.837599 -2.90988 0.046346 0.99839 0.0327117 1.35672 -0.837974 0.0210328 0.545305 -154.258 
0.654965 -0.051672 0.75389 -2.06631 0.0451014 0.998554 0.0292581 1.37565 -0.754312 0.0148384 0.656348 -153.459 
0.750407 -0.0523712 0.658898 -1.26884 0.0532197 0.998407 0.0187455 1.39153 -0.65883 0.0209996 0.751998 -152.574 
0.827901 -0.0535702 0.55831 -0.597026 0.0541414 0.998413 0.0155137 1.4028 -0.558255 0.0173838 0.829487 -151.504 
0.893298 -0.0546823 0.446126 -0.0676675 0.0538822 0.998442 0.0144896 1.40658 -0.446224 0.0110947 0.894853 -150.314 
0.940486 -0.052332 0.335779 0.331181 0.051026 0.998616 0.0127178 1.39946 -0.33598 0.00517259 0.941855 -148.961 
0.969469 -0.0399845 0.241933 0.636955 0.0395083 0.999196 0.00682113 1.3937 -0.242011 0.00294549 0.970269 -147.516 
0.985391 -0.0354683 0.166573 0.878086 0.0350356 0.999371 0.00553676 1.38296 -0.166665 0.000380119 0.986014 -145.968 
0.994031 -0.0342427 0.103581 1.03536 0.0337874 0.99941 0.00614727 1.37763 -0.10373 -0.00261084 0.994602 -144.336 
0.998015 -0.0244798 0.0580197 1.10578 0.0242778 0.999696 0.00418516 1.36826 -0.0581045 -0.00276827 0.998307 -142.613 
0.999348 -0.0142947 0.0331504 1.15686 0.014266 0.999898 0.00110034 1.36185 -0.0331628 -0.000626699 0.99945 -140.803 
0.999537 -0.0118765 0.0280091 1.19157 0.0118373 0.999929 0.00156383 1.35428 -0.0280257 -0.00123156 0.999606 -138.906 
0.999609 -0.0113437 0.0255657 1.23956 0.0112479 0.999929 0.00388898 1.33921 -0.025608 -0.0035999 0.999666 -136.967 
0.999672 -0.0138714 0.0215229 1.27882 0.0138073 0.9999 0.00312402 1.32852 -0.0215641 -0.00282583 0.999763 -134.922 
0.999734 -0.0150834 0.0174592 1.31318 0.0149741 0.999868 0.00637096 1.32506 -0.017553 -0.00610782 0.999827 -132.801 
0.999746 -0.0172586 0.0144762 1.31943 0.0171763 0.999836 0.00578781 1.31446 -0.0145737 -0.0055377 0.999878 -130.609 
0.99977 -0.0175344 0.0123692 1.3355 0.0174801 0.999837 0.00448481 1.3031 -0.0124458 -0.00426756 0.999913 -128.352 
0.999831 -0.0144925 0.0112886 1.32246 0.0144586 0.999891 0.00307407 1.29012 -0.0113319 -0.00291033 0.999932 -126.026 
0.999813 -0.0157262 0.011225 1.35494 0.0156907 0.999872 0.00324518 1.27273 -0.0112746 -0.00306844 0.999932 -123.639 
0.999801 -0.0133492 0.0148519 1.35492 0.0133235 0.99991 0.00182902 1.25287 -0.014875 -0.00163077 0.999888 -121.189 
0.999735 -0.0132634 0.0188291 1.39125 0.0133454 0.999902 -0.00423457 1.23193 -0.0187711 0.00448473 0.999814 -118.684 
0.999651 -0.0164949 0.0206324 1.40683 0.0165774 0.999855 -0.00383101 1.18922 -0.0205662 0.0041717 0.99978 -116.109 
0.999668 -0.0170163 0.0193377 1.42852 0.0171525 0.999829 -0.0069 1.14556 -0.019217 0.0072294 0.999789 -113.48 
0.999734 -0.0177834 0.0146701 1.43361 0.0178957 0.999811 -0.00755968 1.09908 -0.0145329 0.0078202 0.999864 -110.791 
0.999792 -0.0165927 0.0118908 1.45034 0.0166721 0.999839 -0.00660892 1.06196 -0.0117792 0.00680579 0.999907 -108.046 
0.999766 -0.0193097 0.00976573 1.47247 0.0193899 0.999779 -0.00818254 1.01564 -0.00960556 0.00836998 0.999919 -105.245 
0.999805 -0.0185151 0.00691492 1.48249 0.0185793 0.999784 -0.00933185 0.959415 -0.00674064 0.00945851 0.999933 -102.385 
0.999793 -0.0185776 0.00831014 1.4505 0.0186216 0.999813 -0.005245 0.910484 -0.00821115 0.00539867 0.999952 -99.4579 
0.999789 -0.0188701 0.00808787 1.45672 0.0188784 0.999821 -0.000942604 0.874976 -0.00806863 0.00109509 0.999967 -96.4829 
0.999771 -0.0195578 0.00871933 1.45043 0.0194648 0.999754 0.0106295 0.840396 -0.00892508 -0.0104574 0.999905 -93.4612 
0.999819 -0.0177527 0.00691274 1.46873 0.0176462 0.999729 0.0151737 0.83292 -0.00718025 -0.0150489 0.999861 -90.4363 
0.999783 -0.0195374 0.0072847 1.46738 0.0194323 0.99971 0.0142353 0.798034 -0.00756071 -0.0140907 0.999872 -87.4153 
0.999732 -0.0208034 0.0101956 1.46639 0.0206789 0.999712 0.0121713 0.77843 -0.0104458 -0.0119572 0.999874 -84.3964 
0.999639 -0.0237632 0.0125741 1.48616 0.0235885 0.999626 0.0138632 0.761965 -0.0128989 -0.0135616 0.999825 -81.3839 
0.999581 -0.0249491 0.0146565 1.48695 0.0247598 0.999609 0.0129552 0.738744 -0.014974 -0.0125868 0.999809 -78.3806 
0.999549 -0.0250058 0.0166102 1.50616 0.0247269 0.999553 0.0167886 0.730099 -0.0170226 -0.0163704 0.999721 -75.3718 
0.999491 -0.0252516 0.0194882 1.36893 0.024931 0.999553 0.0165258 0.745577 -0.0198968 -0.0160315 0.999674 -72.4073 
0.999633 -0.0199895 0.0182611 1.40954 0.0197953 0.999746 0.0107501 0.714104 -0.0184713 -0.0103847 0.999775 -69.4205 
0.99969 -0.018289 0.016896 1.46828 0.0180756 0.999756 0.0127003 0.707005 -0.0171242 -0.0123909 0.999777 -66.4333 
0.999555 -0.0238835 0.0178488 1.47575 0.0236639 0.999643 0.0124179 0.680185 -0.018139 -0.01199 0.999764 -63.4693 
0.99949 -0.0277415 0.0157972 1.52911 0.0275357 0.999535 0.0131013 0.658602 -0.0161533 -0.0126596 0.999789 -60.5184 
0.999474 -0.0297648 0.0128736 1.56903 0.0296342 0.999509 0.0102137 0.639065 -0.0131713 -0.00982681 0.999865 -57.5783 
0.999454 -0.0317216 0.00924611 1.59392 0.0315791 0.999386 0.0151718 0.621168 -0.00972171 -0.0148716 0.999842 -54.6324 
0.99949 -0.0309449 0.00791438 1.59981 0.0308322 0.999427 0.0139836 0.602427 -0.00834256 -0.0137324 0.999871 -51.7085 
0.999542 -0.0290062 0.00858789 1.59538 0.0288885 0.999491 0.0135228 0.584302 -0.00897576 -0.0132685 0.999872 -48.7943 
0.999501 -0.0301427 0.00941004 1.60313 0.0300211 0.999467 0.0128058 0.570774 -0.00979103 -0.0125169 0.999874 -45.8901 
0.999431 -0.0319036 0.0109334 1.61601 0.0317627 0.999413 0.0128281 0.54918 -0.0113363 -0.0124735 0.999858 -42.9926 
0.999403 -0.0321912 0.0125839 1.63649 0.0320086 0.999383 0.0144571 0.531574 -0.0130416 -0.0140456 0.999816 -40.0983 
0.999397 -0.0315318 0.0145078 1.64895 0.031372 0.999446 0.0111106 0.513682 -0.0148501 -0.0106488 0.999833 -37.2222 
0.999423 -0.0300966 0.0157293 1.67847 0.0298881 0.999464 0.0133286 0.48157 -0.016122 -0.0128508 0.999787 -34.3548 
0.999373 -0.0313093 0.0165218 1.72187 0.0310629 0.999405 0.0149614 0.461589 -0.0169804 -0.0144388 0.999752 -31.4971 
0.999279 -0.0334822 0.0178963 1.78751 0.0332754 0.999377 0.0117311 0.420306 -0.0182779 -0.0111271 0.999771 -28.6561 
0.999221 -0.0341077 0.0198646 1.82423 0.0338208 0.999321 0.0146063 0.398191 -0.0203493 -0.013923 0.999696 -25.8171 
0.999259 -0.0305605 0.0234112 1.85547 0.0304535 0.999524 0.00491175 0.371378 -0.0235501 -0.00419516 0.999714 -23.0045 
0.999205 -0.0305206 0.0256436 1.9104 0.0304867 0.999534 0.00171309 0.325809 -0.0256839 -0.000929942 0.99967 -20.2003 
0.999166 -0.0315937 0.0258597 2.01792 0.031509 0.999497 0.00367967 0.283336 -0.025963 -0.00286179 0.999659 -17.3994 
0.999089 -0.0335425 0.0263796 2.05717 0.0334051 0.999426 0.00563245 0.242478 -0.0265534 -0.0047461 0.999636 -14.6149 
0.999038 -0.0362262 0.0247236 2.11812 0.0361675 0.999342 0.00282002 0.208143 -0.0248095 -0.00192312 0.99969 -11.8473 
0.999097 -0.0363355 0.0220273 2.18346 0.0362474 0.999333 0.00438535 0.168181 -0.022172 -0.00358296 0.999748 -9.09983 
0.999171 -0.0357945 0.0193738 2.21603 0.0356808 0.999344 0.00618661 0.132956 -0.0195825 -0.00549021 0.999793 -6.36606 
0.999143 -0.0368724 0.0187852 2.24999 0.0368294 0.999318 0.0026287 0.0976087 -0.0188693 -0.0019346 0.99982 -3.63371 
0.99916 -0.0366554 0.0183113 2.28306 0.0366152 0.999326 0.00252764 0.0477502 -0.0183916 -0.00185505 0.999829 -0.902049 
0.999204 -0.0357501 0.0177021 2.30432 0.0357108 0.999359 0.00252732 -0.00196236 -0.0177811 -0.00189315 0.99984 1.82779 
0.999212 -0.0357855 0.0171554 2.34872 0.0357433 0.999357 0.0027628 -0.0359507 -0.0172432 -0.00214743 0.999849 4.54678 
0.999217 -0.0359774 0.0164379 2.39421 0.0359449 0.999351 0.00226353 -0.0742637 -0.0165087 -0.0016709 0.999862 7.2676 
0.999212 -0.0362825 0.0160682 2.42707 0.0362305 0.999337 0.00351869 -0.122496 -0.0161852 -0.00293375 0.999865 9.9752 
0.999283 -0.0344101 0.0157849 2.48082 0.034347 0.999401 0.00425321 -0.165589 -0.0159218 -0.00370799 0.999866 12.6855 
0.999296 -0.0337898 0.0163152 2.507 0.0337318 0.999424 0.00381824 -0.199131 -0.0164348 -0.00326521 0.99986 15.394 
0.999261 -0.0344231 0.0171014 2.52904 0.0343497 0.999399 0.0045715 -0.246006 -0.0172485 -0.00398069 0.999843 18.1004 
0.999232 -0.0357531 0.0160296 2.58682 0.0356797 0.999352 0.00484056 -0.28913 -0.0161922 -0.00426491 0.99986 20.7968 
0.999246 -0.0355787 0.0155551 2.61337 0.0355107 0.999359 0.0046249 -0.336678 -0.0157097 -0.00406904 0.999868 23.4939 
0.999275 -0.0353056 0.0142267 2.65446 0.0352482 0.999369 0.00426288 -0.378599 -0.0143682 -0.00375832 0.99989 26.1866 
0.99926 -0.036164 0.0131138 2.68157 0.0360743 0.999324 0.00701385 -0.417708 -0.0133586 -0.00653558 0.999889 28.8668 
0.999181 -0.0378938 0.0141632 2.68907 0.037816 0.999268 0.00572404 -0.457142 -0.0143698 -0.00518376 0.999883 31.5273 
0.999158 -0.037753 0.0160799 2.6936 0.0376544 0.99927 0.00639549 -0.50312 -0.0163096 -0.00578462 0.99985 34.1869 
0.999079 -0.0394579 0.0168507 2.73508 0.0393551 0.999205 0.00638931 -0.517958 -0.0170894 -0.00572027 0.999838 36.8198 
0.998992 -0.0414301 0.0172746 2.77645 0.041309 0.99912 0.00730634 -0.553386 -0.0175621 -0.00658538 0.999824 39.4366 
0.99897 -0.0426065 0.0155942 2.81335 0.0424745 0.99906 0.00869605 -0.589216 -0.01595 -0.00802474 0.999841 42.0495 
0.999098 -0.0404095 0.0130278 2.8311 0.0402867 0.999142 0.00955847 -0.620245 -0.0134028 -0.00902501 0.999869 44.6471 
0.999132 -0.0397485 0.0124578 2.82397 0.0395438 0.999085 0.0162694 -0.643131 -0.0130931 -0.0157627 0.99979 47.2434 
0.999137 -0.0400656 0.0109461 2.83362 0.0398372 0.998999 0.0203464 -0.64872 -0.0117504 -0.0198928 0.999733 49.824 
0.99912 -0.0407763 0.00986604 2.82012 0.0406003 0.999023 0.0174297 -0.648334 -0.0105671 -0.0170138 0.999799 52.3818 
0.99909 -0.0420373 0.00720669 2.82513 0.0419157 0.998989 0.0162682 -0.655361 -0.00788327 -0.0159513 0.999842 54.9291 
0.999113 -0.0417706 0.00534734 2.82106 0.0416774 0.998995 0.0164955 -0.67144 -0.00603099 -0.016258 0.99985 57.4721 
0.999125 -0.0416454 0.003804 2.8163 0.0415748 0.99899 0.0170631 -0.682961 -0.00451075 -0.01689 0.999847 60.0062 
0.99913 -0.0416077 0.00266596 2.79707 0.0415582 0.999 0.0165113 -0.698316 -0.00335029 -0.0163862 0.99986 62.5324 
0.999134 -0.0415426 0.00218105 2.80663 0.0415029 0.999013 0.0158447 -0.705564 -0.00283713 -0.0157405 0.999872 65.047 
0.999058 -0.0434028 -3.42957e-05 2.8035 0.0433974 0.998922 0.0164836 -0.722902 -0.000681175 -0.0164696 0.999864 67.5449 
0.999192 -0.0401417 -0.00183052 2.80507 0.0401659 0.999065 0.0160111 -0.74302 0.00118609 -0.0160717 0.99987 70.0239 
0.999352 -0.0359506 -0.00180125 2.80194 0.0359761 0.999208 0.0169898 -0.75628 0.00118903 -0.0170436 0.999854 72.5004 
0.999401 -0.0345466 0.00204073 2.78059 0.0344984 0.999201 0.0201829 -0.758006 -0.00273635 -0.0201004 0.999794 74.9413 
0.999173 -0.0403692 0.00489479 2.79271 0.0402929 0.999078 0.01479 -0.770464 -0.00548734 -0.0145805 0.999879 77.3285 
0.999111 -0.0414512 0.00774448 2.8207 0.0412845 0.998936 0.0205757 -0.785481 -0.00858912 -0.0202377 0.999758 79.646 
0.999026 -0.042778 0.0108467 2.88273 0.04257 0.998918 0.0187341 -0.807507 -0.0116363 -0.0182541 0.999766 81.869 
0.998881 -0.0439653 0.0174165 2.91254 0.0438191 0.999002 0.0086893 -0.817004 -0.0177812 -0.0079164 0.999811 84.0647 
0.998606 -0.0481508 0.0216351 2.93225 0.0479523 0.998803 0.00960065 -0.83472 -0.0220715 -0.00854981 0.99972 86.2546 
0.998611 -0.0473434 0.023144 2.96565 0.0470994 0.99883 0.010977 -0.86171 -0.0236366 -0.00987167 0.999672 88.4426 
0.998558 -0.0484265 0.0231801 3.04249 0.0482257 0.998795 0.00914218 -0.890284 -0.0235949 -0.00801111 0.99969 90.6019 
0.998477 -0.0498918 0.0235661 3.09051 0.0496123 0.998693 0.0122995 -0.913043 -0.024149 -0.0111116 0.999647 92.7559 
0.998427 -0.0514606 0.0222554 3.1135 0.0511614 0.998595 0.013813 -0.924196 -0.022935 -0.0126527 0.999657 94.8892 
0.998237 -0.0576012 0.0143178 3.17957 0.05744 0.998284 0.0114289 -0.94785 -0.0149515 -0.0105864 0.999832 97.0056 
0.998234 -0.0590031 0.00683708 3.20933 0.0589783 0.998252 0.00376987 -0.962079 -0.00704757 -0.00335997 0.99997 99.1151 
0.998278 -0.0585755 -0.00330695 3.21535 0.0585857 0.998278 0.00307461 -0.985589 0.00312115 -0.00326305 0.99999 101.247 
0.99805 -0.0598916 -0.0175766 3.1864 0.0599889 0.998186 0.0050591 -1.01392 0.0172417 -0.00610363 0.999833 103.399 
0.997838 -0.0577964 -0.0312805 3.12291 0.0580124 0.998298 0.00604183 -1.0364 0.030878 -0.00784342 0.999492 105.568 
0.998045 -0.0504284 -0.0369149 3.05517 0.0507073 0.998691 0.00665938 -1.04916 0.0365308 -0.00851822 0.999296 107.756 
0.998865 -0.0400832 -0.0257324 2.92644 0.0402522 0.999171 0.00608597 -1.08193 0.0254671 -0.00711485 0.99965 111.095 
0.999344 -0.0361554 -0.00194472 2.90942 0.0361704 0.999311 0.0083512 -1.10777 0.00164144 -0.00841606 0.999963 114.508 
0.9992 -0.0356677 0.0181154 2.91554 0.0355321 0.999338 0.00775011 -1.11375 -0.0183798 -0.00710023 0.999806 116.807 
0.998601 -0.0380235 0.0367513 2.99225 0.0377956 0.999262 0.00687607 -1.13042 -0.0369856 -0.00547741 0.999301 119.139 
0.997878 -0.0375729 0.0531711 3.07231 0.0371532 0.99927 0.00886055 -1.14134 -0.0534652 -0.00686628 0.998546 121.497 
0.997279 -0.0372574 0.0636197 3.24157 0.0366695 0.999274 0.0103828 -1.14338 -0.0639603 -0.00802165 0.99792 123.883 
0.996968 -0.0328634 0.0705374 3.41295 0.032108 0.999415 0.0118162 -1.14755 -0.0708844 -0.00951558 0.997439 126.304 
0.996611 -0.0352673 0.0743098 3.6007 0.034377 0.999321 0.0132269 -1.15425 -0.0747258 -0.0106275 0.997147 128.765 
0.996481 -0.0420246 0.0725274 3.79139 0.0415018 0.999101 0.00870185 -1.15405 -0.0728279 -0.00566121 0.997328 131.259 
0.996419 -0.0510147 0.0674333 3.94377 0.050265 0.998654 0.0127696 -1.14415 -0.067994 -0.0093343 0.997642 133.806 
0.996577 -0.0605796 0.0562465 4.09709 0.0598485 0.998101 0.0145959 -1.14572 -0.0570239 -0.0111797 0.99831 136.398 
0.996834 -0.0671415 0.0426017 4.222 0.0666451 0.997692 0.0129672 -1.15062 -0.043374 -0.0100869 0.999008 139.028 
0.997353 -0.0657738 0.0309836 4.2996 0.0653517 0.997758 0.014445 -1.15337 -0.0318643 -0.0123819 0.999416 141.713 
0.997779 -0.0635048 0.0200926 4.35731 0.0632173 0.997892 0.0146358 -1.14659 -0.0209797 -0.0133331 0.999691 144.439 
0.998091 -0.060842 0.010608 4.38973 0.060752 0.998116 0.00861341 -1.14644 -0.011112 -0.00795252 0.999907 147.197 
0.998289 -0.0580528 0.00692872 4.37144 0.0580545 0.998313 -4.7445e-05 -1.16644 -0.00691428 0.000449607 0.999976 149.988 
0.998418 -0.0560271 0.00467347 4.35697 0.0560304 0.998429 -0.00056942 -1.20528 -0.00463423 0.000830375 0.999989 152.827 
0.998428 -0.0560372 0.000717407 4.35829 0.0560351 0.998425 0.00267985 -1.25241 -0.000866449 -0.00263544 0.999996 155.692 
0.99849 -0.0548655 -0.0026956 4.34138 0.0548783 0.998481 0.00491976 -1.28641 0.00242158 -0.00506026 0.999984 158.578 
0.998481 -0.054679 -0.00678685 4.31388 0.0547333 0.998468 0.00809753 -1.31869 0.00633369 -0.00845669 0.999944 161.461 
0.998567 -0.052715 -0.00924115 4.25728 0.0527779 0.998584 0.006699 -1.35318 0.00887492 -0.00717712 0.999935 164.338 
0.998727 -0.0497262 -0.00846373 4.17882 0.0497634 0.998752 0.00424431 -1.39553 0.00824211 -0.00466009 0.999955 167.21 
0.998796 -0.0483921 -0.00802416 4.13114 0.0484434 0.998806 0.00632518 -1.43987 0.00770849 -0.00670629 0.999948 170.081 
0.998798 -0.0484786 -0.00719981 4.09998 0.0485381 0.998787 0.00832909 -1.47733 0.00678729 -0.00866855 0.999939 172.949 
0.998891 -0.0466921 -0.00610512 4.0886 0.0467372 0.998879 0.00747509 -1.50586 0.00574925 -0.00775213 0.999953 175.796 
0.998908 -0.0465385 -0.0040645 4.06566 0.0465659 0.998891 0.006917 -1.54239 0.00373808 -0.00709871 0.999968 178.64 
0.998612 -0.0526151 -0.00222326 4.06887 0.0526257 0.998602 0.0049776 -1.58136 0.00195826 -0.00508769 0.999985 181.468 
0.998554 -0.053762 0.000673057 4.06232 0.0537488 0.998471 0.0129109 -1.60802 -0.00136614 -0.012856 0.999916 184.289 
0.998724 -0.0502871 0.00472026 4.04606 0.0502471 0.998703 0.00823419 -1.62691 -0.00512822 -0.0079865 0.999955 187.084 
0.998722 -0.050062 0.0069222 4.06292 0.0500114 0.998722 0.00730011 -1.65428 -0.00727881 -0.00694459 0.999949 189.871 
0.998588 -0.0525474 0.00774609 4.08213 0.0524604 0.998562 0.011028 -1.6933 -0.00831444 -0.0106061 0.999909 192.664 
0.998454 -0.055119 0.00724062 4.07978 0.0550535 0.998443 0.00895442 -1.72062 -0.0077229 -0.00854195 0.999934 195.422 
0.998371 -0.0566725 0.0065568 4.10362 0.056628 0.998372 0.00678621 -1.74524 -0.00693072 -0.00640386 0.999955 198.172 
0.998416 -0.0559604 0.00587749 4.10489 0.0559036 0.998392 0.00941844 -1.78583 -0.0063951 -0.00907495 0.999938 200.905 
0.998497 -0.0544021 0.00662939 4.07369 0.0543351 0.998474 0.00989443 -1.79699 -0.00715755 -0.00951935 0.999929 203.618 
0.998497 -0.0544562 0.00620551 4.0785 0.0543964 0.998475 0.00944071 -1.83418 -0.00671015 -0.00908896 0.999936 206.32 
0.998454 -0.0551864 0.00663881 4.07034 0.0551312 0.998445 0.00822801 -1.86567 -0.00708256 -0.00784928 0.999944 209.003 
0.9985 -0.0543169 0.00693398 4.06943 0.0542503 0.998482 0.00946705 -1.89932 -0.00743768 -0.00907668 0.999931 211.68 
0.998517 -0.0541277 0.00589625 4.08221 0.0540722 0.998495 0.00920102 -1.92936 -0.00638541 -0.00886855 0.99994 214.322 
0.99841 -0.0563068 0.00251193 4.08969 0.0562715 0.998339 0.0123936 -1.95577 -0.0032056 -0.0122325 0.99992 216.906 
0.998413 -0.0563026 -0.00102732 4.10031 0.0563119 0.998279 0.0163703 -1.9726 0.000103857 -0.0164022 0.999865 219.405 
0.998458 -0.0553989 -0.00364559 4.08784 0.055448 0.998347 0.0151298 -1.98851 0.00280139 -0.0153086 0.999879 221.791 
0.998402 -0.0557462 -0.00931153 4.04893 0.0558823 0.998324 0.0150534 -2.01847 0.00845676 -0.0155496 0.999843 224.076 
0.998294 -0.0559707 -0.0165961 3.99323 0.0562019 0.998324 0.0138091 -2.03902 0.0157953 -0.0147183 0.999767 226.231 
0.998389 -0.0526268 -0.0212267 3.92178 0.0529248 0.998504 0.0137309 -2.07271 0.0204724 -0.0148322 0.99968 228.271 
0.998408 -0.0519179 -0.0220555 3.84357 0.0522834 0.998499 0.0163318 -2.09461 0.0211745 -0.017459 0.999623 230.182 
0.998351 -0.0516964 -0.0249654 3.79017 0.0521122 0.998508 0.0162986 -2.11443 0.0240856 -0.0175728 0.999555 231.954 
0.998354 -0.0503867 -0.0274059 3.71976 0.0507789 0.998614 0.0138074 -2.13327 0.0266723 -0.0151763 0.999529 233.603 
0.998567 -0.0469704 -0.0256316 3.65734 0.0471829 0.998856 0.00775202 -2.15795 0.0252381 -0.00895029 0.999641 235.164 
0.998767 -0.046544 -0.0172633 3.62769 0.0466218 0.998904 0.00412758 -2.18082 0.0170523 -0.00492734 0.999842 236.71 
0.998662 -0.0506201 -0.0106092 3.62609 0.0506912 0.998693 0.00653839 -2.19639 0.0102644 -0.00706743 0.999922 238.25 
0.998606 -0.052467 -0.00578158 3.65674 0.0525162 0.998582 0.00871646 -2.22097 0.00531606 -0.00900794 0.999945 239.779 
0.998585 -0.0527785 0.00648699 3.65006 0.0527154 0.998564 0.009543 -2.24438 -0.00698134 -0.00918753 0.999933 242.047 
0.998525 -0.0530502 0.0115288 3.67483 0.0529068 0.998522 0.0124094 -2.26109 -0.0121701 -0.0117811 0.999857 243.54 
0.99842 -0.0549472 0.0117447 3.70473 0.0548075 0.998426 0.0119038 -2.27513 -0.0123803 -0.0112413 0.99986 245.021 
0.998379 -0.0554564 0.0127821 3.7246 0.0553851 0.998448 0.00586506 -2.28842 -0.0130875 -0.00514761 0.999901 246.498 
0.998315 -0.0567194 0.0122242 3.73848 0.0566759 0.998385 0.00387325 -2.30436 -0.0124241 -0.00317391 0.999918 247.999 
0.998416 -0.055352 0.0101209 3.76236 0.0553151 0.998461 0.00389044 -2.31932 -0.0103207 -0.00332444 0.999941 249.483 
0.99826 -0.0580422 0.0104069 3.77241 0.0580497 0.998314 -0.000425669 -2.33494 -0.0103646 0.00102905 0.999946 251.021 
0.998141 -0.0593557 0.013848 3.75765 0.0593522 0.998237 0.000666226 -2.3556 -0.0138631 0.000156921 0.999904 252.572 
0.998373 -0.0548239 0.0156943 3.76933 0.0546386 0.998434 0.0120021 -2.36424 -0.0163277 -0.011125 0.999805 254.156 
0.998154 -0.0571087 0.020649 3.81712 0.0570099 0.998359 0.00534119 -2.36501 -0.0209202 -0.00415413 0.999773 255.738 
0.998195 -0.0542041 0.0258509 3.83872 0.0542128 0.998529 0.000363328 -2.38123 -0.0258326 0.00103878 0.999666 257.348 
0.99789 -0.0580981 0.0289931 3.88916 0.0579762 0.998305 0.00502676 -2.40504 -0.029236 -0.00333524 0.999567 258.993 
0.997537 -0.0616822 0.033404 3.93155 0.061516 0.998088 0.00598146 -2.42525 -0.0337091 -0.00391184 0.999424 260.653 
0.99762 -0.0584866 0.0365123 3.99 0.0585128 0.998287 0.000351945 -2.44666 -0.0364703 0.00178533 0.999333 262.332 
0.99753 -0.0575229 0.0403013 4.04167 0.0575507 0.998342 0.000469177 -2.45919 -0.0402615 0.00185135 0.999187 264.048 
0.997444 -0.0558635 0.0445414 4.09661 0.0557953 0.998438 0.00277211 -2.47967 -0.0446267 -0.000279824 0.999004 265.807 
0.997275 -0.0587903 0.0445669 4.16131 0.0587415 0.99827 0.00240631 -2.49807 -0.0446313 0.000218173 0.999004 267.605 
0.997069 -0.0622872 0.0444292 4.24861 0.0621921 0.998058 0.00352135 -2.51487 -0.0445623 -0.00074788 0.999006 269.428 
0.996945 -0.0649665 0.0433513 4.34155 0.0648161 0.997885 0.00486726 -2.53374 -0.0435759 -0.00204253 0.999048 271.283 
0.997067 -0.0645896 0.041047 4.43061 0.0643457 0.997901 0.00723482 -2.54931 -0.0414281 -0.0045724 0.999131 273.155 
0.997228 -0.0644043 0.0372707 4.49153 0.0642449 0.997919 0.00545977 -2.57053 -0.0375448 -0.00305018 0.99929 275.025 
0.997561 -0.0616677 0.032695 4.54496 0.0615666 0.998095 0.00408892 -2.59588 -0.0328848 -0.00206603 0.999457 276.894 
0.99782 -0.060461 0.0264365 4.6001 0.0603235 0.998161 0.00597064 -2.62279 -0.0267488 -0.00436289 0.999633 278.761 
0.997997 -0.0593551 0.0218818 4.66102 0.0591654 0.998206 0.00921481 -2.64699 -0.0223895 -0.00790171 0.999718 280.622 
0.99811 -0.0591768 0.0165801 4.70253 0.0590347 0.998216 0.00893526 -2.65713 -0.0170793 -0.00793958 0.999823 282.47 
0.998052 -0.0607928 0.0139875 4.71143 0.0606855 0.998125 0.007974 -2.65897 -0.0144461 -0.00710963 0.99987 284.293 
0.99802 -0.0619818 0.0107143 4.71613 0.061891 0.998046 0.00860853 -2.68423 -0.0112269 -0.00792837 0.999906 286.103 
0.998139 -0.0605049 0.00754963 4.74329 0.0604387 0.998134 0.00869819 -2.71452 -0.00806183 -0.00822571 0.999934 287.835 
0.99839 -0.056303 0.00690989 4.73945 0.0562785 0.998408 0.00368502 -2.73858 -0.00710637 -0.00329021 0.999969 289.508 
0.998535 -0.0537355 0.00629354 4.75949 0.0537317 0.998555 0.000767157 -2.76616 -0.00632567 -0.000427871 0.99998 291.155 
0.998677 -0.0508628 0.00750084 4.76425 0.0508689 0.998705 -0.00061578 -2.79978 -0.00745981 0.000996525 0.999972 292.79 
0.998788 -0.0480819 0.0105611 4.75754 0.0481009 0.998841 -0.0015568 -2.8321 -0.010474 0.00206292 0.999943 294.42 
0.998767 -0.0481039 0.0122862 4.76113 0.0480589 0.998837 0.00393032 -2.88107 -0.012461 -0.00333501 0.999917 296.847 
0.998727 -0.0492702 0.0107634 4.73597 0.0491832 0.998756 0.00819591 -2.90915 -0.0111538 -0.0076561 0.999908 299.237 
0.998663 -0.0509931 0.00849244 4.70672 0.0509108 0.998657 0.00964473 -2.92768 -0.00897284 -0.00919948 0.999917 300.834 
