0 0.000063 0.001700 100.000000 27.777779
0 0.000016 0.004095 200.000000 27.397261
0 0.000035 0.004119 300.000000 29.702971
1 0.000063 0.001410 100.000000 27.777779
1 0.000014 0.003913 200.000000 27.397261
1 0.000032 0.004112 300.000000 29.702971
2 0.000052 0.001707 100.000000 27.777779
2 0.000021 0.004397 200.000000 27.397261
2 0.000034 0.004713 300.000000 29.702971
3 0.000064 0.001044 100.000000 27.777779
3 0.000020 0.003997 200.000000 27.397261
3 0.000034 0.004346 300.000000 30.000000
4 0.000054 0.000595 100.000000 27.777779
4 0.000020 0.003575 200.000000 27.397261
4 0.000033 0.003913 300.000000 30.000000
5 0.000047 0.000750 100.000000 27.777779
5 0.000022 0.003391 200.000000 27.777779
5 0.000036 0.003581 300.000000 30.000000
6 0.000035 0.000602 100.000000 27.777779
6 0.000022 0.003579 200.000000 27.777779
6 0.000035 0.003648 300.000000 30.303030
7 0.000037 0.000411 100.000000 27.777779
7 0.000027 0.003057 200.000000 27.777779
7 0.000035 0.003235 300.000000 30.303030
8 0.000034 0.001077 100.000000 27.777779
8 0.000026 0.003339 200.000000 27.777779
8 0.000038 0.003662 300.000000 30.303030
9 0.000038 0.001345 100.000000 27.777779
9 0.000033 0.003244 200.000000 27.777779
9 0.000041 0.003879 300.000000 30.303030
10 0.000051 0.000931 100.000000 27.777779
10 0.000031 0.002921 200.000000 27.777779
10 0.000039 0.003212 300.000000 30.303030
11 0.000034 0.000936 100.000000 27.777779
11 0.000031 0.003097 200.000000 28.169014
11 0.000040 0.003494 300.000000 30.303030
12 0.000042 0.001089 100.000000 27.777779
12 0.000031 0.003047 200.000000 28.571428
12 0.000041 0.003446 300.000000 30.612246
13 0.000038 0.000462 100.000000 27.777779
13 0.000035 0.003420 200.000000 28.571428
13 0.000044 0.004033 300.000000 30.612246
14 0.000035 0.001015 100.000000 27.777779
14 0.000038 0.004208 200.000000 28.571428
14 0.000043 0.005054 300.000000 30.303030
15 0.000031 0.001865 100.000000 27.027027
15 0.000033 0.004195 200.000000 28.571428
15 0.000042 0.004823 300.000000 30.303030
16 0.000039 0.001658 100.000000 27.027027
16 0.000037 0.004339 200.000000 28.985508
16 0.000043 0.005447 300.000000 30.000000
17 0.000035 0.002695 100.000000 27.027027
17 0.000040 0.005021 200.000000 28.985508
17 0.000045 0.006478 300.000000 29.702971
18 0.000043 0.002444 100.000000 26.315790
18 0.000045 0.005274 200.000000 28.985508
18 0.000047 0.006705 300.000000 30.000000
19 0.000053 0.002198 100.000000 26.315790
19 0.000049 0.005479 200.000000 28.985508
19 0.000049 0.006962 300.000000 30.000000
20 0.000053 0.002688 100.000000 26.315790
20 0.000052 0.005673 200.000000 28.985508
20 0.000052 0.007143 300.000000 29.702971
21 0.000069 0.002717 100.000000 26.315790
21 0.000055 0.005525 200.000000 28.985508
21 0.000055 0.007207 300.000000 29.411764
22 0.000067 0.002822 100.000000 25.641026
22 0.000055 0.005889 200.000000 28.571428
22 0.000057 0.007398 300.000000 29.411764
23 0.000070 0.002885 100.000000 25.641026
23 0.000052 0.006014 200.000000 28.571428
23 0.000060 0.007364 300.000000 29.411764
24 0.000060 0.003062 100.000000 25.641026
24 0.000048 0.005935 200.000000 28.985508
24 0.000061 0.007296 300.000000 29.411764
25 0.000066 0.003903 100.000000 25.641026
25 0.000049 0.006007 200.000000 28.985508
25 0.000061 0.007393 300.000000 29.411764
26 0.000068 0.004969 100.000000 25.641026
26 0.000051 0.005496 200.000000 28.985508
26 0.000062 0.006883 300.000000 29.411764
27 0.000073 0.005386 100.000000 25.641026
27 0.000056 0.006095 200.000000 28.985508
27 0.000060 0.007568 300.000000 29.411764
28 0.000081 0.005820 100.000000 25.641026
28 0.000053 0.005385 200.000000 29.411764
28 0.000059 0.006875 300.000000 29.411764
29 0.000085 0.005804 100.000000 25.641026
29 0.000045 0.004747 200.000000 29.411764
29 0.000046 0.006420 300.000000 29.126213
30 0.000096 0.006696 100.000000 25.641026
30 0.000047 0.005123 200.000000 29.411764
30 0.000049 0.006951 300.000000 29.126213
31 0.000097 0.007002 100.000000 25.641026
31 0.000049 0.005805 200.000000 29.411764
31 0.000049 0.007016 300.000000 29.126213
32 0.000105 0.007210 100.000000 25.641026
32 0.000051 0.005838 200.000000 29.411764
33 0.000078 0.007240 100.000000 25.641026
33 0.000048 0.006127 200.000000 29.411764
34 0.000061 0.006987 100.000000 25.641026
34 0.000044 0.005485 200.000000 29.850746
35 0.000063 0.006903 100.000000 25.641026
35 0.000043 0.005537 200.000000 29.850746
36 0.000074 0.007207 100.000000 25.641026
36 0.000049 0.005958 200.000000 29.850746
37 0.000057 0.007293 100.000000 25.641026
37 0.000049 0.005923 200.000000 30.303030
38 0.000058 0.007198 100.000000 26.315790
38 0.000048 0.005743 200.000000 30.303030
39 0.000053 0.007190 100.000000 26.315790
39 0.000044 0.005301 200.000000 30.303030
40 0.000041 0.006690 100.000000 26.315790
40 0.000041 0.004601 200.000000 30.769230
41 0.000043 0.006367 100.000000 26.315790
41 0.000043 0.004636 200.000000 30.769230
42 0.000032 0.006180 100.000000 26.315790
42 0.000047 0.004625 200.000000 30.769230
43 0.000032 0.006163 100.000000 26.315790
43 0.000050 0.005259 200.000000 30.769230
44 0.000031 0.006007 100.000000 27.027027
44 0.000051 0.005124 200.000000 30.769230
45 0.000054 0.007013 100.000000 27.027027
45 0.000056 0.005905 200.000000 31.250000
46 0.000045 0.006899 100.000000 27.777779
46 0.000053 0.005838 200.000000 31.250000
47 0.000046 0.007655 100.000000 27.777779
47 0.000057 0.006552 200.000000 31.250000
48 0.000042 0.007553 100.000000 28.571428
48 0.000053 0.006589 200.000000 31.250000
49 0.000045 0.008095 100.000000 28.571428
49 0.000052 0.007129 200.000000 31.250000
50 0.000049 0.007989 100.000000 29.411764
50 0.000056 0.007267 200.000000 31.250000
51 0.000047 0.008538 100.000000 29.411764
51 0.000053 0.007737 200.000000 31.250000
52 0.000067 0.008456 100.000000 29.411764
52 0.000057 0.007921 200.000000 31.250000
53 0.000057 0.008495 100.000000 30.303030
53 0.000054 0.008395 200.000000 30.769230
54 0.000067 0.008366 100.000000 30.303030
54 0.000054 0.007956 200.000000 31.250000
55 0.000055 0.008089 100.000000 30.303030
55 0.000051 0.007502 200.000000 31.250000
56 0.000055 0.007401 100.000000 30.303030
56 0.000054 0.006741 200.000000 30.769230
57 0.000054 0.007478 100.000000 31.250000
57 0.000057 0.006852 200.000000 30.769230
58 0.000042 0.006703 100.000000 31.250000
58 0.000056 0.006224 200.000000 30.769230
59 0.000051 0.006047 100.000000 31.250000
59 0.000049 0.005471 200.000000 31.250000
60 0.000062 0.006230 100.000000 31.250000
60 0.000058 0.005784 200.000000 30.769230
61 0.000057 0.006415 100.000000 31.250000
61 0.000056 0.005737 200.000000 30.769230
62 0.000065 0.005559 100.000000 31.250000
62 0.000062 0.005506 200.000000 31.250000
63 0.000066 0.005204 100.000000 31.250000
63 0.000062 0.005707 200.000000 31.250000
64 0.000075 0.004652 100.000000 32.258064
64 0.000062 0.006164 200.000000 30.769230
65 0.000071 0.004923 100.000000 32.258064
65 0.000061 0.005960 200.000000 31.250000
66 0.000098 0.003647 100.000000 32.258064
66 0.000062 0.005733 200.000000 30.769230
67 0.000098 0.003738 100.000000 33.333332
67 0.000059 0.006004 200.000000 30.769230
68 0.000098 0.003709 100.000000 33.333332
68 0.000060 0.006207 200.000000 30.303030
69 0.000087 0.004601 100.000000 33.333332
69 0.000059 0.006173 200.000000 30.769230
70 0.000091 0.004226 100.000000 33.333332
71 0.000082 0.005282 100.000000 33.333332
72 0.000082 0.004922 100.000000 34.482758
73 0.000077 0.005162 100.000000 34.482758
74 0.000077 0.004807 100.000000 34.482758
75 0.000076 0.005870 100.000000 34.482758
76 0.000081 0.004714 100.000000 34.482758
77 0.000080 0.004636 100.000000 35.714287
78 0.000071 0.005080 100.000000 35.714287
79 0.000080 0.004959 100.000000 35.714287
80 0.000078 0.004806 100.000000 34.482758
81 0.000071 0.004179 100.000000 34.482758
82 0.000071 0.004655 100.000000 33.333332
83 0.000066 0.005439 100.000000 32.258064
84 0.000063 0.005488 100.000000 31.250000
85 0.000061 0.006235 100.000000 30.303030
86 0.000067 0.006281 100.000000 30.303030
87 0.000083 0.006725 100.000000 29.411764
88 0.000111 0.007071 100.000000 28.571428
89 0.000103 0.006346 100.000000 29.411764
90 0.000103 0.006314 100.000000 30.303030
91 0.000119 0.006859 100.000000 29.411764
92 0.000122 0.006374 100.000000 29.411764
93 0.000103 0.006303 100.000000 29.411764
94 0.000083 0.006017 100.000000 28.571428
95 0.000070 0.005728 100.000000 27.777779
96 0.000057 0.006456 100.000000 27.777779
97 0.000066 0.006710 100.000000 27.027027
