-0.000000 0.000000 -0.000000 0.000000
0.007571 7.908780 0.017664 7.912310
-0.004268 17.282200 -0.288537 17.282200
-0.005061 26.820300 -0.294683 26.824900
0.015115 37.905900 -0.444493 37.931000
0.033592 49.179600 -0.640252 49.212300
0.010075 59.173700 -0.874490 59.138500
-0.010020 67.703100 -1.098640 67.631000
-0.052873 78.935000 -1.140360 78.817100
-0.145460 94.103400 -1.199640 94.046900
-0.315395 106.221000 -1.290360 106.004000
-0.433478 116.893000 -1.386210 116.719000
-0.464133 126.337000 -1.369920 126.217000
-0.465103 134.461000 -1.368150 134.287000
-0.470457 142.562000 -1.373870 142.386000
-0.497985 151.992000 -1.288080 151.793000
-0.484876 161.429000 -1.216000 161.232000
-0.438972 170.920000 -1.520660 170.957000
-0.321404 179.161000 -1.532360 179.141000
-0.308728 187.499000 -1.761900 187.460000
-0.299864 198.801000 -1.830690 198.722000
-0.357581 214.714000 -1.943220 214.492000
-0.373963 234.038000 -2.133490 233.777000
-0.362986 252.224000 -2.282140 251.982000
-0.320818 267.598000 -2.379770 267.345000
-0.301129 279.945000 -2.472110 279.680000
-0.192693 292.369000 -2.366290 292.070000
-0.124580 305.010000 -2.222060 304.684000
-0.108670 317.924000 -2.092170 317.613000
-0.064212 332.569000 -1.966420 332.192000
-0.039303 342.246000 -2.135820 341.787000
-0.052610 351.848000 -2.000700 351.312000
-0.122301 361.404000 -2.007270 360.818000
-0.202919 370.975000 -2.166140 370.370000
-0.287793 382.220000 -2.252450 381.486000
-0.323790 393.558000 -2.442130 392.770000
