-0.000000 0.000000 -0.000000 0.000000
0.007571 7.908780 0.000783 7.909700
-0.005852 15.930700 -0.079256 15.932000
-0.007369 24.072100 -0.110283 24.075200
0.006827 32.335300 -0.142476 32.332200
0.019429 40.704400 -0.258490 40.694700
0.033592 49.179600 -0.297176 49.163700
0.013229 57.745500 -0.352053 57.737400
-0.005954 66.289400 -0.447984 66.279000
-0.046776 74.742500 -0.522577 74.724800
-0.048388 83.097200 -0.543460 83.084900
-0.111047 91.375200 -0.596749 91.362900
-0.234406 99.515100 -0.684496 99.502400
-0.334309 107.565000 -0.723595 107.537000
-0.429590 115.560000 -0.763294 115.517000
-0.456074 123.624000 -0.774532 123.584000
-0.470125 131.756000 -0.771555 131.719000
-0.464181 139.863000 -0.763243 139.840000
-0.484415 147.954000 -0.789482 147.918000
-0.518837 156.033000 -0.835773 155.993000
-0.476780 164.130000 -0.930220 164.081000
-0.411154 172.284000 -1.080640 172.239000
-0.313655 180.542000 -1.154580 180.489000
-0.308933 188.900000 -1.323600 188.848000
-0.295505 197.381000 -1.430320 197.319000
-0.348136 205.970000 -1.564020 205.918000
-0.357581 214.714000 -1.677030 214.653000
-0.375507 223.589000 -1.771260 223.541000
-0.374570 232.542000 -1.831770 232.490000
-0.382092 241.571000 -1.946310 241.505000
-0.365894 250.696000 -2.046650 250.624000
-0.340799 259.900000 -2.130810 259.834000
-0.317394 269.138000 -2.254430 269.081000
-0.306203 278.395000 -2.419880 278.332000
-0.230158 287.700000 -2.499840 287.667000
-0.168171 297.072000 -2.489750 297.052000
-0.111308 306.609000 -2.563200 306.573000
-0.107981 316.295000 -2.564910 316.275000
-0.096484 326.068000 -2.656380 326.047000
-0.054350 335.802000 -2.719960 335.781000
-0.035147 345.452000 -2.802160 345.424000
-0.075066 355.038000 -2.898460 355.009000
-0.141995 364.587000 -3.009130 364.552000
-0.237813 374.225000 -3.173030 374.212000
-0.296087 383.841000 -3.360420 383.770000
-0.323790 393.558000 -3.458120 393.482000
