1 1.19763e-11 1.70464e-10 5.55111e-17 1.19763e-11 1 3.5625e-10 0 1.70464e-10 3.5625e-10 1 2.22045e-16 
0.999851 -0.0118584 0.0125396 0.0705324 0.0118954 0.999925 -0.0028753 -0.0288315 -0.0125046 0.00302403 0.999917 1.50086 
0.99936 -0.00884888 -0.0346539 0.0349382 0.00867917 0.99995 -0.00504468 -0.05404 0.0346968 0.00474069 0.999387 2.51677 
0.995456 -0.0059497 -0.0950316 -0.0713028 0.00537901 0.999966 -0.00626034 -0.0774298 0.0950656 0.00572072 0.995455 3.63071 
0.988853 -0.00473132 -0.148821 -0.271424 0.00421114 0.999984 -0.00381028 -0.104355 0.148837 0.0031411 0.988857 4.82831 
0.982722 -0.00843207 -0.184895 -0.52767 0.00728958 0.99995 -0.00685808 -0.13162 0.184944 0.00539178 0.982734 6.12782 
0.978032 -0.00786601 -0.208306 -0.834805 0.00520747 0.999898 -0.013308 -0.160426 0.20839 0.0119309 0.977973 7.54838 
0.974445 -0.0179421 -0.22391 -1.05287 0.014605 0.999756 -0.0165511 -0.187051 0.224152 0.0128579 0.974469 8.55498 
0.970381 -0.0147765 -0.241127 -1.31795 0.00962766 0.9997 -0.0225173 -0.21944 0.241388 0.0195289 0.970232 9.60761 
0.96361 -0.0170169 -0.26677 -1.74603 0.00936284 0.999508 -0.0299375 -0.301708 0.267148 0.0263504 0.963295 11.2615 
0.959127 -0.0154908 -0.282551 -2.07322 0.00560377 0.999344 -0.0357666 -0.356684 0.28292 0.0327214 0.958585 12.4111 
0.954999 -0.017963 -0.296066 -2.43094 0.00386345 0.998833 -0.0481395 -0.414923 0.296585 0.0448293 0.953954 13.6035 
0.952471 -0.018583 -0.304062 -2.81937 -0.00121639 0.997898 -0.0647976 -0.478137 0.304627 0.0620877 0.950446 14.8415 
0.948193 -0.0153812 -0.317321 -3.47158 -0.0130072 0.99611 -0.0871505 -0.630815 0.317428 0.086763 0.944305 16.7949 
0.944906 -0.012224 -0.327113 -3.95102 -0.0211499 0.994935 -0.098274 -0.769005 0.326657 0.0997781 0.939861 18.1139 
0.941412 -0.0080758 -0.33716 -4.46663 -0.0282631 0.994308 -0.102732 -0.923399 0.336071 0.106242 0.935825 19.4975 
0.936868 -0.0075193 -0.349602 -5.00232 -0.0294695 0.994514 -0.100363 -1.09105 0.348439 0.10433 0.931507 20.9243 
0.931099 -0.00694884 -0.364699 -5.57559 -0.0300374 0.994962 -0.0956449 -1.26005 0.363527 0.10001 0.9262 22.3896 
0.924286 -0.00152434 -0.381697 -6.21501 -0.0331749 0.995887 -0.0843108 -1.43896 0.380255 0.0905901 0.920434 23.8785 
0.912771 0.00323587 -0.408459 -7.24616 -0.0382863 0.996244 -0.0776648 -1.68583 0.406674 0.0865285 0.909466 26.1472 
0.904883 0.00460814 -0.425635 -7.98219 -0.0402168 0.996394 -0.0747117 -1.83986 0.423756 0.084723 0.901805 27.6887 
0.897202 0.00400336 -0.441603 -8.75708 -0.0382014 0.996914 -0.068576 -1.99023 0.439966 0.0783964 0.894586 29.2614 
0.889627 0.00652417 -0.456641 -9.5807 -0.0373265 0.997591 -0.0584665 -2.13002 0.45516 0.0690582 0.887728 30.8642 
0.882564 0.00476447 -0.470168 -10.4443 -0.034988 0.997842 -0.0555652 -2.25826 0.468888 0.06549 0.880826 32.4921 
0.876405 0.0044446 -0.481554 -11.3541 -0.0336562 0.998078 -0.0520406 -2.38108 0.480397 0.0618159 0.87487 34.1521 
0.871601 0.00216716 -0.490212 -12.3023 -0.0319671 0.998113 -0.0524253 -2.50533 0.489173 0.0613646 0.870025 35.8444 
0.869749 0.00252515 -0.493488 -13.2883 -0.0322997 0.998134 -0.0518192 -2.63809 0.492437 0.0610092 0.868207 37.6162 
0.869414 0.00187386 -0.49408 -14.2895 -0.0303751 0.998304 -0.0496637 -2.77514 0.493149 0.058186 0.867997 39.4271 
0.867693 -0.00258007 -0.497094 -15.3346 -0.0261242 0.998368 -0.0507824 -2.90914 0.496414 0.0570497 0.866209 41.2652 
0.864027 -0.00213553 -0.503441 -16.4055 -0.0236476 0.998715 -0.0448213 -3.04362 0.50289 0.050632 0.862866 43.1146 
0.857317 -0.00232274 -0.514784 -17.4925 -0.020298 0.99906 -0.038312 -3.17307 0.514389 0.0432946 0.856464 44.9497 
0.845979 -0.00982191 -0.533125 -18.6194 -0.0161719 0.998898 -0.0440651 -3.29854 0.53297 0.0458998 0.844888 46.7661 
0.83395 -0.00690796 -0.551798 -19.8228 -0.0172763 0.999105 -0.038618 -3.41024 0.55157 0.0417385 0.833083 48.5507 
0.824474 -0.00142081 -0.565898 -21.057 -0.021837 0.999172 -0.0343237 -3.51714 0.565478 0.0406565 0.823761 50.2968 
0.817964 -0.00641238 -0.575233 -22.2986 -0.0249715 0.998599 -0.0466406 -3.63503 0.574727 0.0525148 0.816659 52.0118 
0.811107 -0.00617406 -0.584865 -23.5601 -0.0243609 0.99872 -0.0443273 -3.76156 0.58439 0.050202 0.809919 53.7342 
0.804763 -0.00107241 -0.593595 -24.8457 -0.0245564 0.999082 -0.0350972 -3.8757 0.593088 0.0428215 0.803998 55.4567 
0.798095 -0.00190662 -0.602529 -26.1483 -0.0256941 0.998978 -0.0371949 -3.97158 0.601984 0.0451665 0.79723 57.1703 
0.789638 -0.00588399 -0.613545 -27.4825 -0.0238154 0.998907 -0.0402303 -4.07062 0.613111 0.0463792 0.788634 58.8646 
0.780153 -0.00523078 -0.625567 -28.845 -0.0239325 0.998984 -0.0381997 -4.18729 0.625131 0.0447729 0.779235 60.5311 
0.769223 -0.00810874 -0.63893 -30.245 -0.0229943 0.99892 -0.0403608 -4.30839 0.638567 0.0457382 0.768206 62.1921 
0.757811 -0.0105098 -0.65239 -31.6783 -0.0222484 0.998873 -0.0419351 -4.43169 0.652095 0.0462935 0.756722 63.8405 
0.74534 -0.0132177 -0.666553 -33.1606 -0.0206356 0.998867 -0.0428823 -4.55824 0.666365 0.0457166 0.744223 65.4899 
0.732543 -0.013498 -0.680587 -34.6737 -0.019273 0.998991 -0.0405571 -4.69083 0.680448 0.0428267 0.731544 67.0945 
0.719491 -0.0170822 -0.694292 -36.2506 -0.0177557 0.998918 -0.0429773 -4.83498 0.694275 0.0432494 0.718409 68.682 
0.707877 -0.0155886 -0.706164 -37.8752 -0.0197217 0.99893 -0.041821 -4.98138 0.706061 0.0435309 0.706812 70.262 
0.697899 -0.0160974 -0.716015 -39.5189 -0.0207924 0.998871 -0.0427229 -5.13733 0.715894 0.0447039 0.696776 71.839 
0.687532 -0.020307 -0.72587 -41.1928 -0.0211282 0.998626 -0.0479499 -5.29236 0.725846 0.0483034 0.686159 73.4057 
0.677418 -0.0202918 -0.735318 -42.9145 -0.0214254 0.998651 -0.047297 -5.44397 0.735286 0.0477944 0.676069 74.9579 
0.667116 -0.0212421 -0.744651 -44.6583 -0.0199325 0.998726 -0.046347 -5.60232 0.744687 0.0457616 0.665843 76.5097 
0.657692 -0.0232386 -0.752929 -46.4323 -0.0180077 0.998753 -0.0465557 -5.7518 0.753072 0.0441778 0.656453 78.0513 
0.649816 -0.0259303 -0.759649 -48.239 -0.0145525 0.99881 -0.0465424 -5.89842 0.759953 0.0412988 0.648665 79.5962 
0.640457 -0.0354895 -0.767173 -50.076 -0.00685873 0.998628 -0.0519224 -6.06436 0.767963 0.0385159 0.639335 81.1292 
0.625504 -0.042666 -0.779053 -51.9408 0.00293722 0.998625 -0.0523329 -6.24048 0.780215 0.0304462 0.62477 82.6467 
0.598199 -0.0420398 -0.800244 -54.8487 0.00632043 0.998839 -0.0477481 -6.49594 0.801323 0.023505 0.59777 84.8619 
0.568499 -0.0474455 -0.821314 -57.8592 0.00643129 0.998561 -0.0532331 -6.74772 0.822659 0.0249808 0.567987 86.9837 
0.547628 -0.0482313 -0.835331 -59.9165 0.010468 0.998654 -0.0507988 -6.92835 0.836657 0.0190746 0.547395 88.3591 
0.516492 -0.0504485 -0.854805 -63.0954 0.00898705 0.998527 -0.0535005 -7.1928 0.856245 0.0199504 0.516185 90.3289 
0.487756 -0.0491068 -0.871598 -66.3733 0.00582533 0.998577 -0.0530011 -7.46567 0.872961 0.0207743 0.487348 92.2009 
0.464232 -0.0505598 -0.884269 -69.7287 0.00832206 0.998574 -0.0527264 -7.73132 0.885675 0.0171184 0.463991 93.9987 
0.445296 -0.06019 -0.893358 -73.1306 0.0138246 0.998081 -0.0603549 -8.01191 0.895277 0.0145255 0.445274 95.7283 
0.436156 -0.0585899 -0.897962 -75.4027 0.0178072 0.998245 -0.0564839 -8.20952 0.899695 0.00864566 0.436434 96.8445 
0.428845 -0.0558798 -0.901648 -77.6761 0.0228107 0.998437 -0.051029 -8.39673 0.90309 0.00131627 0.429449 97.9397 
0.420922 -0.054206 -0.905476 -81.0631 0.0277344 0.998515 -0.0468831 -8.66199 0.906673 -0.00537875 0.4218 99.5329 
0.413407 -0.0547541 -0.908899 -84.3708 0.0357078 0.998397 -0.0439042 -8.91461 0.909846 -0.0143045 0.414699 101.063 
0.40792 -0.0562215 -0.911285 -87.6204 0.0410825 0.998222 -0.0431952 -9.14951 0.912093 -0.0198177 0.409504 102.509 
0.409655 -0.0577658 -0.91041 -90.7863 0.0379973 0.998207 -0.046239 -9.38358 0.911449 -0.0156511 0.411116 103.874 
0.42486 -0.0582126 -0.903386 -93.8705 0.033289 0.99826 -0.0486704 -9.60931 0.904647 -0.00939476 0.426058 105.256 
0.448845 -0.0551755 -0.891904 -96.8816 0.0302683 0.998458 -0.0465349 -9.81891 0.893097 -0.0061094 0.449823 106.71 
0.478692 -0.0567894 -0.876144 -99.8058 0.02678 0.998386 -0.0500812 -10.0267 0.877574 0.000510293 0.47944 108.24 
0.51521 -0.0531555 -0.855414 -102.636 0.0212831 0.998561 -0.049232 -10.2166 0.8568 0.007159 0.515599 109.9 
0.551244 -0.0509488 -0.832787 -105.378 0.0209941 0.998665 -0.0472005 -10.3773 0.83408 0.00853542 0.551577 111.659 
0.584307 -0.0536682 -0.809756 -107.976 0.0241716 0.998519 -0.048737 -10.5389 0.811172 0.00890429 0.584739 113.472 
0.605264 -0.0484412 -0.794549 -109.641 0.0232941 0.998797 -0.0431488 -10.6555 0.795684 0.00760816 0.605665 114.711 
0.635275 -0.0458613 -0.770923 -112.022 0.0183267 0.998849 -0.0443183 -10.8275 0.772069 0.0140258 0.635384 116.59 
0.662789 -0.0415659 -0.747652 -114.285 0.0177195 0.999049 -0.0398341 -10.9969 0.748596 0.0131536 0.662895 118.495 
0.679007 -0.0404149 -0.733019 -115.731 0.0172534 0.999086 -0.0391024 -11.1043 0.733929 0.0139037 0.679084 119.773 
0.694051 -0.0371652 -0.718966 -117.123 0.0159197 0.999215 -0.036284 -11.2038 0.71975 0.0137372 0.694098 121.057 
0.70952 -0.0319735 -0.703959 -118.446 0.0134061 0.999402 -0.0318804 -11.2851 0.704557 0.0131825 0.709525 122.324 
0.72569 -0.0289604 -0.687412 -119.702 0.0105753 0.999465 -0.0309429 -11.3678 0.687941 0.0151854 0.725608 123.578 
0.744327 -0.022132 -0.667448 -120.896 0.00771939 0.999669 -0.0245396 -11.4425 0.667771 0.0131132 0.744252 124.857 
0.774603 -0.0201804 -0.632125 -122.564 0.00457804 0.999644 -0.0263033 -11.543 0.632431 0.0174808 0.77442 126.794 
0.80509 -0.0161494 -0.592933 -124.115 0.00368872 0.999746 -0.0222209 -11.6398 0.593142 0.0157027 0.804945 128.785 
0.839677 -0.0132747 -0.542924 -126.01 0.00684725 0.99988 -0.0138576 -11.7777 0.543043 0.00791839 0.839668 131.55 
0.872361 -0.0103437 -0.488754 -128.166 0.00496699 0.999912 -0.0122962 -11.9179 0.488838 0.00829904 0.872335 135.163 
0.888738 -0.0102415 -0.458302 -129.799 0.00630721 0.999929 -0.0101141 -11.9762 0.458373 0.00609818 0.888739 138.221 
0.90183 0.00126562 -0.432089 -131.443 -0.000728227 0.999999 0.00140915 -12.0124 0.432091 -0.000956148 0.90183 141.462 
0.919683 -0.000885813 -0.392661 -133.444 0.00378608 0.999971 0.00661183 -12.0232 0.392643 -0.00756743 0.91966 145.832 
0.933369 -0.00259191 -0.358908 -134.589 0.00355721 0.999992 0.00202922 -12.0371 0.358899 -0.00317072 0.933371 148.626 
0.946079 0.00530193 -0.323893 -135.286 -0.00334096 0.999973 0.00661012 -12.061 0.323919 -0.00517158 0.946071 150.585 
0.959268 0.0100817 -0.282318 -135.912 -0.00781379 0.999927 0.00915806 -12.0754 0.28239 -0.00657905 0.959277 152.613 
0.976227 0.0139896 -0.216299 -136.683 -0.0107177 0.99981 0.0162929 -12.0991 0.216486 -0.0135873 0.976191 155.79 
0.988745 0.0194142 -0.148348 -137.267 -0.0160264 0.999583 0.0239985 -12.0886 0.148752 -0.0213509 0.988644 159.125 
0.99432 0.0183433 -0.104843 -137.536 -0.016294 0.99966 0.0203701 -12.0652 0.105181 -0.0185461 0.99428 161.425 
0.997808 0.0175376 -0.0638029 -137.716 -0.0160158 0.999577 0.0242858 -12.0363 0.0642018 -0.0232107 0.997667 163.797 
0.999566 0.0189688 -0.022535 -137.802 -0.0183825 0.999494 0.0259496 -11.9995 0.0230159 -0.0255241 0.999409 166.228 
0.998961 0.022794 0.0394624 -137.76 -0.0237843 0.999409 0.0248089 -11.9608 -0.0388736 -0.0257217 0.998913 169.938 
0.994869 0.0249369 0.0980525 -137.488 -0.0268326 0.999477 0.0180628 -11.9371 -0.0975508 -0.0206011 0.995017 173.74 
0.987625 0.0277097 0.154369 -136.98 -0.0285562 0.999587 0.0032683 -11.965 -0.154215 -0.00763604 0.988008 177.606 
0.977574 0.034351 0.207773 -136.257 -0.033116 0.999407 -0.00942041 -12.0426 -0.207973 0.00232853 0.978132 181.545 
0.965142 0.0326489 0.259682 -135.291 -0.0299421 0.999448 -0.0143735 -12.1685 -0.260008 0.00609709 0.965587 185.551 
0.949969 0.0378993 0.310036 -134.118 -0.0334572 0.999247 -0.0196349 -12.3157 -0.310547 0.00827957 0.950522 189.577 
0.93129 0.0436519 0.361655 -132.704 -0.0354524 0.998942 -0.0292802 -12.4735 -0.36255 0.0144468 0.931852 193.619 
0.907064 0.0499974 0.418013 -131.035 -0.0348534 0.998433 -0.04379 -12.6947 -0.419547 0.0251511 0.907385 197.647 
0.869333 0.0618831 0.490337 -129.061 -0.0424778 0.997814 -0.0506192 -12.973 -0.492398 0.0231765 0.870062 201.617 
0.825168 0.0684833 0.56072 -126.731 -0.0432265 0.997369 -0.0582001 -13.2946 -0.56323 0.0237869 0.825957 205.446 
0.793555 0.0726658 0.604145 -124.994 -0.0391401 0.996884 -0.0684927 -13.5373 -0.607239 0.0307063 0.793925 207.898 
0.746315 0.0763897 0.661195 -122.129 -0.0339956 0.99647 -0.076753 -13.9531 -0.664724 0.0348042 0.746278 211.424 
0.716494 0.0777793 0.693243 -120.073 -0.0296529 0.996262 -0.0811294 -14.2463 -0.696963 0.0375721 0.716123 213.663 
0.687314 0.0810311 0.721827 -117.911 -0.0243741 0.995771 -0.088575 -14.5546 -0.725951 0.0432849 0.686383 215.82 
0.657112 0.0839609 0.749102 -115.657 -0.0218451 0.995481 -0.0924131 -14.8897 -0.753476 0.0443616 0.655977 217.895 
0.623725 0.0860337 0.776895 -113.327 -0.0241943 0.995573 -0.090826 -15.2293 -0.78127 0.037854 0.623045 219.882 
0.588341 0.0884689 0.803759 -110.946 -0.0295791 0.995686 -0.0879427 -15.5659 -0.808072 0.0279659 0.58842 221.745 
0.552815 0.0950467 0.827866 -108.535 -0.0319238 0.99516 -0.0929363 -15.8986 -0.832692 0.0249479 0.553173 223.465 
0.513424 0.0942652 0.852942 -106.071 -0.0329122 0.99538 -0.0901958 -16.2328 -0.857504 0.0182365 0.514155 225.055 
0.471096 0.091264 0.877348 -103.583 -0.0333863 0.995765 -0.0856552 -16.5541 -0.88145 0.0110605 0.472149 226.502 
0.428665 0.0896088 0.899009 -101.071 -0.031666 0.995948 -0.0841723 -16.8614 -0.902909 0.00761373 0.429766 227.793 
0.387206 0.089209 0.917667 -98.5491 -0.0266526 0.995975 -0.0855756 -17.1616 -0.921608 0.00867709 0.388025 228.935 
0.345936 0.0866898 0.934245 -96.0257 -0.0203263 0.996181 -0.0849105 -17.4558 -0.938038 0.0103839 0.346377 229.936 
0.305397 0.0904669 0.947918 -93.5117 -0.0191822 0.995859 -0.0888622 -17.749 -0.952032 0.00895509 0.305868 230.819 
0.266852 0.108134 0.957652 -91.0401 -0.0216851 0.994107 -0.106208 -18.0604 -0.963494 0.00757505 0.267624 231.573 
0.2269 0.112763 0.967368 -88.5775 -0.0268599 0.993621 -0.109523 -18.3936 -0.973548 -0.00113258 0.228481 232.223 
0.187395 0.113145 0.975747 -86.1384 -0.0321106 0.993519 -0.109039 -18.7242 -0.98176 -0.0108985 0.189813 232.764 
0.149539 0.111724 0.982423 -83.7128 -0.0316205 0.993628 -0.108185 -19.0486 -0.98825 -0.0148868 0.152119 233.199 
0.111784 0.115377 0.987012 -81.3171 -0.0332629 0.993115 -0.112324 -19.3698 -0.993176 -0.0202749 0.114852 233.532 
0.0753281 0.114561 0.990556 -78.953 -0.0338641 0.993099 -0.11228 -19.687 -0.996584 -0.0250865 0.0786879 233.774 
0.045705 0.106235 0.99329 -76.5971 -0.0305118 0.994014 -0.104909 -20.0032 -0.998489 -0.0255122 0.0486728 233.929 
0.02258 0.102634 0.994463 -74.3374 -0.0276361 0.9944 -0.102 -20.295 -0.999363 -0.0251799 0.02529 234.018 
0.00711642 0.107023 0.994231 -72.1143 -0.0286288 0.99387 -0.10678 -20.5793 -0.999565 -0.0277037 0.0101367 234.07 
-0.008972 0.123338 0.992324 -68.8815 -0.0296135 0.991896 -0.123552 -21.0208 -0.999521 -0.0304947 -0.00524684 234.099 
-0.0152254 0.103993 0.994461 -66.7444 -0.028456 0.994129 -0.104394 -21.3062 -0.999479 -0.0298878 -0.0121768 234.09 
-0.016591 0.102264 0.994619 -64.6588 -0.0279295 0.99432 -0.102699 -21.5617 -0.999472 -0.0294831 -0.0136406 234.077 
-0.014548 0.108023 0.994042 -62.6125 -0.0294356 0.99367 -0.108413 -21.818 -0.999461 -0.0308374 -0.0112762 234.073 
-0.00936038 0.110221 0.993863 -60.5882 -0.0327238 0.99334 -0.110471 -22.0761 -0.999421 -0.033557 -0.0056912 234.081 
-0.00112466 0.113437 0.993545 -58.5896 -0.0367538 0.992869 -0.113402 -22.3345 -0.999324 -0.036644 0.00305261 234.109 
0.01166 0.109901 0.993874 -56.593 -0.0375214 0.99329 -0.109397 -22.5944 -0.999228 -0.0360159 0.0157054 234.154 
0.0265786 0.11087 0.993479 -54.6313 -0.0344327 0.993342 -0.109934 -22.8488 -0.999054 -0.0312863 0.0302192 234.221 
0.040326 0.109381 0.993182 -52.6695 -0.036086 0.993501 -0.107951 -23.1039 -0.998535 -0.0314867 0.044011 234.321 
0.0608597 0.106565 0.992441 -49.7524 -0.0371441 0.993838 -0.104437 -23.4779 -0.997455 -0.0305073 0.0644429 234.521 
0.0812207 0.111497 0.99044 -46.8694 -0.0391074 0.993314 -0.108613 -23.8418 -0.995929 -0.0299119 0.085038 234.779 
0.101026 0.11031 0.988749 -44.0088 -0.0428326 0.993395 -0.106452 -24.2145 -0.993961 -0.0315963 0.105084 235.101 
0.120995 0.108749 0.986678 -41.1668 -0.0435087 0.993607 -0.104177 -24.5705 -0.991699 -0.0303242 0.124952 235.479 
0.137188 0.111188 0.984285 -39.2912 -0.0400785 0.993489 -0.106642 -24.8056 -0.989734 -0.0248188 0.140751 235.758 
0.156337 0.114613 0.981031 -37.4365 -0.040405 0.993155 -0.109591 -25.0356 -0.986877 -0.0225054 0.159898 236.072 
0.169695 0.112362 0.97907 -35.5959 -0.0442997 0.993344 -0.106322 -25.2648 -0.9845 -0.0253301 0.173544 236.421 
0.176242 0.114705 0.977641 -33.7445 -0.0474819 0.993022 -0.10795 -25.49 -0.983201 -0.0273949 0.180459 236.786 
0.182185 0.116047 0.976392 -31.8721 -0.0463081 0.992922 -0.109371 -25.7165 -0.982173 -0.0252891 0.18627 237.159 
0.189024 0.116124 0.975082 -29.9809 -0.0438139 0.992992 -0.109763 -25.952 -0.980995 -0.0219743 0.192787 237.542 
0.196288 0.115196 0.973756 -28.0779 -0.0434901 0.993121 -0.10872 -26.2 -0.979581 -0.0210082 0.199948 237.945 
0.204227 0.109446 0.972786 -26.1642 -0.0406432 0.993822 -0.10328 -26.4524 -0.97808 -0.0184446 0.207413 238.361 
0.216276 0.11278 0.969796 -24.2477 -0.0381699 0.993523 -0.107027 -26.6951 -0.975586 -0.0138696 0.21918 238.792 
0.229685 0.111209 0.966891 -22.3264 -0.0373416 0.993726 -0.105425 -26.9405 -0.972549 -0.0118906 0.232396 239.249 
0.247754 0.109895 0.96257 -20.4201 -0.034385 0.993917 -0.104623 -27.1824 -0.968213 -0.00717704 0.250026 239.738 
0.281088 0.107754 0.953613 -17.5859 -0.0314673 0.994177 -0.103062 -27.5442 -0.959166 -0.00103804 0.282842 240.558 
0.313104 0.110478 0.943271 -14.7877 -0.0359189 0.993878 -0.104483 -27.9021 -0.94904 -0.00116728 0.315155 241.484 
0.342456 0.110289 0.933038 -12.0278 -0.0423245 0.993889 -0.101947 -28.2667 -0.93858 -0.00457791 0.345031 242.498 
0.366174 0.106519 0.92443 -9.29703 -0.0446264 0.994294 -0.0968921 -28.6227 -0.929476 -0.00577464 0.368838 243.59 
0.38995 0.109775 0.914269 -6.61587 -0.0476761 0.993944 -0.0990071 -28.9684 -0.919601 -0.00498091 0.392823 244.741 
0.415369 0.10618 0.903435 -4.00089 -0.0489163 0.994334 -0.0943729 -29.3058 -0.908337 -0.00499311 0.41821 245.95 
0.44109 0.0996404 0.891915 -1.44517 -0.0516281 0.994989 -0.0856231 -29.6185 -0.895977 -0.00828039 0.444024 247.224 
0.45758 0.098787 0.883664 0.218328 -0.0541054 0.995061 -0.0832235 -29.8129 -0.887521 -0.00972959 0.460665 248.106 
0.48258 0.0984124 0.870305 2.67098 -0.0562045 0.995099 -0.0813587 -30.095 -0.874047 -0.00965297 0.485746 249.481 
0.506995 0.0963701 0.856545 5.06951 -0.0569139 0.995304 -0.0782943 -30.3632 -0.860068 -0.00905455 0.510099 250.915 
0.52242 0.090227 0.847901 7.45074 -0.0591806 0.995825 -0.0695048 -30.6179 -0.850632 -0.0138685 0.525579 252.416 
0.530069 0.0830575 0.843877 9.80162 -0.0596197 0.996379 -0.060618 -30.8879 -0.845856 -0.01818 0.533101 254.032 
0.533178 0.0859192 0.841629 11.3695 -0.0603145 0.996158 -0.0634849 -31.0576 -0.84385 -0.0169137 0.536312 255.107 
0.536706 0.085185 0.839458 12.9533 -0.059276 0.996239 -0.0631965 -31.2265 -0.841684 -0.0158418 0.539737 256.177 
0.5398 0.0789024 0.838087 14.5484 -0.054663 0.996782 -0.0586352 -31.3919 -0.840017 -0.0141611 0.542376 257.244 
0.542098 0.0727815 0.837158 16.1492 -0.0547312 0.997185 -0.0512532 -31.5397 -0.838531 -0.0180344 0.544555 258.322 
0.543359 0.0722412 0.836386 17.751 -0.0544838 0.997225 -0.0507378 -31.6777 -0.83773 -0.0180006 0.545787 259.4 
0.544199 0.0701377 0.83602 19.3692 -0.0558322 0.997318 -0.0473264 -31.815 -0.837097 -0.0209218 0.546655 260.486 
0.545397 0.0652764 0.835632 21.0087 -0.0552106 0.997595 -0.0418937 -31.9445 -0.836357 -0.023287 0.54769 261.577 
0.547454 0.0626292 0.834488 22.6477 -0.0545284 0.997746 -0.0391093 -32.0667 -0.835057 -0.0240928 0.549636 262.667 
0.550167 0.0581159 0.83303 24.2841 -0.0537142 0.997972 -0.034148 -32.1828 -0.833325 -0.0259584 0.552173 263.758 
0.557091 0.0542615 0.828677 26.7183 -0.0529627 0.998153 -0.0297538 -32.3453 -0.828761 -0.0273134 0.558936 265.404 
0.564641 0.0472749 0.823982 28.3374 -0.0503485 0.998472 -0.0227842 -32.4411 -0.8238 -0.0286213 0.566158 266.511 
0.576728 0.0433417 0.815786 29.9363 -0.0459838 0.998731 -0.0205526 -32.5292 -0.815641 -0.0256597 0.577989 267.632 
0.588496 0.044873 0.807254 31.5154 -0.0489166 0.998606 -0.0198491 -32.6112 -0.807019 -0.027807 0.589871 268.787 
0.601943 0.0390396 0.797584 33.0674 -0.0479605 0.998769 -0.0126909 -32.681 -0.797097 -0.0306133 0.603075 269.951 
0.617583 0.0377524 0.785599 34.6062 -0.0446984 0.998918 -0.0128649 -32.7432 -0.785235 -0.0271699 0.618602 271.144 
0.635902 0.0351635 0.770968 36.1231 -0.0416152 0.99907 -0.0112425 -32.796 -0.770647 -0.0249349 0.636774 272.38 
0.654068 0.0316858 0.755772 37.619 -0.0401563 0.999168 -0.00713776 -32.8471 -0.755369 -0.0256804 0.654796 273.665 
0.672123 0.0294513 0.739854 39.0971 -0.0407179 0.999167 -0.00278336 -32.8903 -0.739319 -0.0282545 0.672762 274.998 
0.689751 0.0241462 0.723644 40.5627 -0.040219 0.999178 0.00499519 -32.9224 -0.722929 -0.0325497 0.690155 276.384 
0.707249 0.0144253 0.706818 42.011 -0.0345938 0.9993 0.0142204 -32.9405 -0.706118 -0.0345089 0.707253 277.814 
0.726589 0.0090017 0.687013 43.4393 -0.0265977 0.999533 0.0150334 -32.9423 -0.686557 -0.0291961 0.726489 279.297 
0.745738 0.00318813 0.666231 44.8305 -0.0236353 0.999486 0.021673 -32.9389 -0.66582 -0.0319089 0.74543 280.834 
0.76424 0.000115799 0.644932 46.188 -0.0220929 0.999418 0.0260005 -32.9205 -0.644553 -0.034119 0.763798 282.426 
0.782149 -0.00393819 0.62308 47.5142 -0.01879 0.999376 0.0299036 -32.8956 -0.622809 -0.0350968 0.781587 284.071 
0.796905 -0.00181212 0.604102 48.8009 -0.021343 0.999287 0.0311522 -32.867 -0.603727 -0.0377187 0.796298 285.763 
0.808479 0.00259819 0.588519 50.0565 -0.0266213 0.999128 0.0321601 -32.8339 -0.587923 -0.041668 0.807843 287.501 
0.819505 0.00664819 0.573033 51.2941 -0.0308874 0.998992 0.0325826 -32.8014 -0.572239 -0.0444012 0.818884 289.274 
0.829154 0.00997911 0.558932 52.5038 -0.0388397 0.998453 0.039791 -32.7584 -0.55767 -0.0547016 0.828259 291.092 
0.83698 0.0155114 0.547013 53.6939 -0.0468585 0.997958 0.0433992 -32.7041 -0.545223 -0.0619565 0.835998 292.94 
0.841744 0.022007 0.539429 54.8752 -0.0521235 0.997814 0.0406277 -32.6516 -0.537355 -0.0623151 0.841051 294.81 
0.843591 0.0323464 0.536011 56.0538 -0.0576123 0.997874 0.0304538 -32.6091 -0.533887 -0.0565714 0.843661 296.691 
0.844685 0.0328333 0.534256 57.2467 -0.0587194 0.997777 0.0315188 -32.5763 -0.532034 -0.0579947 0.844735 298.599 
0.845655 0.0314004 0.532805 58.4455 -0.0576465 0.997802 0.0326907 -32.5429 -0.530607 -0.0583594 0.845607 300.513 
0.846979 0.0311971 0.530711 59.6482 -0.0558093 0.997978 0.0304032 -32.5121 -0.528689 -0.0553694 0.847008 302.439 
0.849588 0.0283791 0.526683 60.8558 -0.052109 0.998182 0.0302718 -32.4882 -0.524867 -0.0531635 0.849523 304.377 
0.855331 0.0260421 0.517427 62.0439 -0.0499537 0.998228 0.0323348 -32.4637 -0.515668 -0.0535043 0.855116 306.331 
0.865464 0.0231134 0.500438 63.2007 -0.0458112 0.998401 0.0331141 -32.441 -0.498872 -0.0515847 0.865139 308.299 
0.877811 0.0239362 0.478409 64.3056 -0.0460108 0.998346 0.034473 -32.416 -0.476792 -0.0522727 0.87746 310.296 
0.890032 0.0250621 0.455209 65.3499 -0.0473087 0.998174 0.0375429 -32.3861 -0.453437 -0.0549497 0.889593 312.312 
0.901886 0.0232722 0.431348 66.3362 -0.0452686 0.998141 0.0407981 -32.3494 -0.429596 -0.0563217 0.901263 314.343 
0.913344 0.0239146 0.406486 67.2617 -0.0449973 0.998088 0.0423854 -32.3085 -0.404695 -0.0570032 0.912673 316.393 
0.923714 0.0306715 0.381853 68.1161 -0.0504824 0.997843 0.0419689 -32.2656 -0.379742 -0.0580441 0.92327 318.458 
0.931221 0.0401163 0.362241 68.9112 -0.0594466 0.997332 0.0423714 -32.2196 -0.359575 -0.0609911 0.931121 320.538 
0.935952 0.042535 0.349549 69.6814 -0.0612842 0.997204 0.0427493 -32.1709 -0.346753 -0.0614331 0.935942 322.62 
0.93936 0.0398119 0.340613 70.4443 -0.0576238 0.99744 0.0423342 -32.1238 -0.338055 -0.0593945 0.93925 324.702 
0.943082 0.0372062 0.330473 71.1851 -0.0537316 0.997713 0.0410083 -32.0804 -0.328192 -0.056431 0.942924 326.783 
0.946629 0.0381883 0.320056 71.8974 -0.053136 0.99786 0.0380982 -32.0425 -0.317916 -0.0530713 0.946632 328.869 
0.950832 0.0395839 0.307168 72.5791 -0.0539597 0.997803 0.0384468 -32.0082 -0.304971 -0.0531311 0.950878 330.963 
0.954874 0.0408187 0.294193 73.2254 -0.0568003 0.997326 0.0459817 -31.9682 -0.29153 -0.060617 0.954639 333.066 
0.957991 0.0396536 0.284045 73.8468 -0.0536511 0.99769 0.0416671 -31.9283 -0.281736 -0.055156 0.957905 335.152 
0.959984 0.0359468 0.277737 74.4568 -0.0492177 0.997948 0.0409566 -31.8909 -0.275695 -0.0529872 0.959784 337.228 
0.958282 0.0407414 0.282906 75.0417 -0.0547301 0.997629 0.0417169 -31.8601 -0.280536 -0.05546 0.95824 339.278 
0.951383 0.0475674 0.304315 75.6466 -0.0633685 0.997095 0.0422537 -31.8304 -0.301421 -0.0594834 0.951634 341.266 
0.944591 0.0458603 0.325031 76.2867 -0.0631094 0.997092 0.0427209 -31.8026 -0.322126 -0.0608662 0.944738 343.179 
0.940157 0.0420844 0.338131 76.9406 -0.0597743 0.997325 0.0420708 -31.7755 -0.335456 -0.0597647 0.940158 345.02 
0.93907 0.0400968 0.341379 77.588 -0.056207 0.997717 0.0374276 -31.7489 -0.339099 -0.054335 0.93918 346.811 
0.940185 0.0379668 0.338542 77.9057 -0.0535242 0.997891 0.036734 -31.7352 -0.336433 -0.052657 0.940234 347.705 
0.945726 0.0327766 0.323308 78.5169 -0.0469942 0.998237 0.0362649 -31.7069 -0.32155 -0.0494902 0.945599 349.49 
0.954039 0.0282855 0.298344 79.0765 -0.0409278 0.998506 0.0362116 -31.6729 -0.296874 -0.0467579 0.953771 351.282 
0.964625 0.0216156 0.262737 79.5717 -0.0326206 0.99876 0.0375962 -31.6409 -0.261599 -0.0448369 0.964135 353.078 
0.975557 0.0187498 0.218947 79.9816 -0.0273287 0.99897 0.0362198 -31.6084 -0.218042 -0.0413179 0.975064 354.876 
0.985553 0.0190285 0.168297 80.2892 -0.0251812 0.999087 0.0345 -31.5773 -0.167487 -0.0382395 0.985132 356.68 
0.993433 0.022638 0.112153 80.4873 -0.0262634 0.999176 0.0309544 -31.5418 -0.11136 -0.0336967 0.993209 358.514 
0.998429 0.0224357 0.0513339 80.5779 -0.0241229 0.999181 0.0324869 -31.5089 -0.0505629 -0.0336742 0.998153 360.347 
0.999653 0.024178 -0.010437 80.554 -0.023848 0.999245 0.0306638 -31.4812 0.0111705 -0.0304043 0.999475 362.182 
0.997447 0.0278688 -0.0657493 80.4224 -0.0261127 0.999283 0.0274182 -31.4585 0.0664663 -0.0256313 0.997459 364.022 
0.993888 0.0356711 -0.104475 80.2083 -0.0326203 0.998994 0.0307662 -31.43 0.105468 -0.0271701 0.994051 365.886 
0.991494 0.0466837 -0.121488 79.9483 -0.0424367 0.998402 0.0373153 -31.3969 0.123036 -0.0318423 0.991891 367.765 
0.990911 0.0527084 -0.12376 79.5529 -0.0501812 0.998465 0.0234515 -31.3423 0.124806 -0.017028 0.992035 370.624 
0.991654 0.052528 -0.117741 79.3057 -0.050011 0.998455 0.0242328 -31.3244 0.118832 -0.0181422 0.992749 372.585 
0.992456 0.0476929 -0.112946 79.0754 -0.046012 0.998788 0.017444 -31.3106 0.113641 -0.0121155 0.993448 374.578 
0.993209 0.0435249 -0.107893 78.7307 -0.0425924 0.999033 0.0109329 -31.3034 0.108265 -0.0062632 0.994102 377.661 
0.993185 0.0477171 -0.106332 78.4872 -0.0464277 0.998815 0.0145708 -31.3029 0.106901 -0.00953477 0.994224 379.779 
0.99292 0.0523491 -0.106627 78.2369 -0.0510949 0.998589 0.014462 -31.2977 0.107234 -0.00891147 0.994194 381.936 
0.992644 0.0539043 -0.108405 77.9805 -0.0528826 0.998525 0.0122808 -31.2953 0.108907 -0.00645769 0.994031 384.12 
0.992315 0.0499864 -0.113195 77.7243 -0.0495175 0.998749 0.00695231 -31.3122 0.113401 -0.00129375 0.993548 386.332 
0.991343 0.0409603 -0.124742 77.4537 -0.0401437 0.999153 0.00905375 -31.336 0.125007 -0.00396778 0.992148 388.562 
0.989042 0.0327088 -0.143963 77.1443 -0.0318782 0.999459 0.00807251 -31.3627 0.14415 -0.00339475 0.98955 390.785 
0.986162 0.0289146 -0.163242 76.7857 -0.0284082 0.999582 0.00543655 -31.3927 0.16333 -0.000723926 0.986571 392.998 
0.982921 0.0274968 -0.181962 76.3813 -0.0267002 0.99962 0.00682635 -31.4246 0.18208 -0.00185134 0.983282 395.209 
0.97945 0.0266276 -0.199923 75.9369 -0.0260102 0.999645 0.00571452 -31.4571 0.200004 -0.000397053 0.979795 397.401 
0.975848 0.02682 -0.216798 75.4531 -0.0268934 0.999635 0.00261256 -31.4923 0.216789 0.00328097 0.976213 399.564 
0.972544 0.02735 -0.231105 74.9473 -0.0275637 0.999617 0.00230466 -31.5408 0.231079 0.00412871 0.972926 401.713 
0.969834 0.0213734 -0.242828 74.425 -0.0222054 0.999753 -0.000689482 -31.5892 0.242753 0.00606077 0.970069 403.843 
0.967085 0.0119735 -0.254172 73.8806 -0.014917 0.999842 -0.0096563 -31.6441 0.254016 0.0131299 0.967111 405.96 
0.964225 0.00966536 -0.26491 73.3004 -0.0120392 0.999901 -0.00733877 -31.6999 0.264813 0.0102655 0.964245 408.08 
0.961945 0.00648045 -0.273167 72.6958 -0.00877244 0.999936 -0.00716983 -31.749 0.273103 0.00929332 0.96194 410.2 
0.960369 0.00814162 -0.278613 72.077 -0.0098749 0.99994 -0.0048182 -31.8039 0.278557 0.00737853 0.960391 412.325 
0.959611 0.00507931 -0.281286 71.4523 -0.00485955 0.999987 0.00147885 -31.8418 0.28129 -5.21939e-05 0.959623 414.455 
0.959022 -0.00510013 -0.283284 70.8311 0.00582576 0.999981 0.00171911 -31.8719 0.28327 -0.00329901 0.959035 416.589 
0.958384 -0.0115053 -0.285252 70.1995 0.0123743 0.999923 0.00124416 -31.9002 0.285215 -0.00472217 0.958452 418.733 
0.957619 -0.0143205 -0.287683 69.5554 0.0155612 0.999877 0.00202619 -31.9304 0.287618 -0.00641699 0.957724 420.879 
0.956934 -0.0103718 -0.290122 68.8972 0.0127763 0.999898 0.00639487 -31.9587 0.290026 -0.00982613 0.956968 423.028 
0.9566 -0.00533712 -0.291356 68.2361 0.0089361 0.999899 0.0110233 -31.9793 0.291268 -0.0131484 0.956551 425.167 
0.957076 -0.00208391 -0.28983 67.5828 0.0063983 0.999882 0.0139392 -31.9908 0.289767 -0.0151953 0.956977 427.297 
0.95809 -0.00107637 -0.286464 66.9449 0.00650288 0.999817 0.0179924 -31.9984 0.286392 -0.0191012 0.957922 429.428 
0.958979 0.00269273 -0.283463 66.3132 0.00393023 0.999733 0.0227932 -32.0034 0.283448 -0.0229723 0.958712 431.553 
0.960261 0.0051698 -0.279056 65.3917 0.00160655 0.99971 0.0240489 -32.0079 0.279099 -0.0235416 0.959974 434.718 
0.961188 0.00188303 -0.275888 64.5017 0.00720436 0.999464 0.0319215 -32.0015 0.2758 -0.0326702 0.96066 437.857 
0.962059 -0.00428424 -0.272808 63.6349 0.0139431 0.999342 0.0334765 -31.9743 0.272485 -0.0360102 0.961486 440.951 
0.962095 -0.0107514 -0.272501 63.0684 0.0209441 0.999184 0.0345231 -31.9518 0.271907 -0.0389218 0.961536 442.995 
0.962069 -0.0136766 -0.272465 62.5114 0.0237037 0.999156 0.0335439 -31.9332 0.271776 -0.0387299 0.961581 445.013 
0.961689 -0.0130747 -0.27383 61.681 0.0248253 0.998911 0.0394906 -31.9003 0.273016 -0.0447756 0.960967 448.005 
0.961474 -0.0140957 -0.274535 61.1335 0.0255275 0.998947 0.0381121 -31.8744 0.273709 -0.043652 0.960821 449.961 
0.961012 -0.0149338 -0.276102 60.3186 0.0276094 0.998733 0.0420791 -31.8214 0.275124 -0.0480615 0.960207 452.867 
0.960778 -0.0125098 -0.277035 59.4995 0.0253895 0.998754 0.0429526 -31.745 0.276153 -0.0483017 0.959899 455.718 
0.960944 -0.00807001 -0.276626 58.6822 0.022427 0.998558 0.048776 -31.6571 0.275834 -0.0530748 0.959739 458.529 
0.960765 -0.00655818 -0.277285 58.1387 0.0226788 0.99823 0.0549701 -31.5928 0.276434 -0.0591018 0.959214 460.379 
0.959803 -0.00596861 -0.28061 57.5952 0.0244655 0.997748 0.06246 -31.5162 0.279605 -0.0668146 0.957787 462.219 
0.958704 -0.00830628 -0.284283 57.0547 0.0282909 0.997401 0.0662648 -31.4303 0.282994 -0.071571 0.956448 464.035 
0.957625 -0.00937175 -0.287866 56.5131 0.0303643 0.997186 0.0685466 -31.3505 0.286413 -0.0743828 0.955214 465.838 
0.957107 -0.0115958 -0.289504 55.9752 0.0331265 0.997026 0.0695817 -31.2685 0.287836 -0.0761874 0.954644 467.616 
0.957609 -0.0113001 -0.287849 55.4431 0.0328739 0.996989 0.0702253 -31.1895 0.286189 -0.0767111 0.955098 469.359 
0.958089 -0.0170345 -0.285963 54.6862 0.0392712 0.996616 0.0722067 -31.0678 0.283765 -0.0804106 0.955516 471.908 
0.958565 -0.0202761 -0.284151 53.9577 0.040953 0.996911 0.0670158 -30.9514 0.281914 -0.0758758 0.956435 474.335 
0.959316 -0.0200649 -0.281621 53.2567 0.0399396 0.997085 0.0650104 -30.8419 0.279495 -0.0736133 0.957321 476.667 
0.961049 -0.0224695 -0.275465 52.5824 0.0413894 0.997151 0.0630634 -30.7371 0.273263 -0.0720082 0.959241 478.964 
0.966953 -0.02194 -0.25401 51.9565 0.0390217 0.997288 0.0624056 -30.6386 0.251952 -0.0702552 0.965186 481.262 
0.97703 -0.0144838 -0.21261 51.4126 0.0318145 0.99642 0.0783212 -30.5256 0.210714 -0.0832862 0.973993 483.574 
0.988603 -0.0107329 -0.150166 51.0139 0.023514 0.996222 0.0835985 -30.3874 0.148701 -0.0861767 0.98512 485.899 
0.994989 -0.0116668 -0.0992985 50.8561 0.0203664 0.995995 0.0870533 -30.2904 0.0978853 -0.0886394 0.991242 487.456 
0.998858 -0.0149869 -0.0453684 50.7896 0.0187796 0.996258 0.0843608 -30.1898 0.0439343 -0.0851164 0.995402 489.04 
0.999795 -0.0185178 0.00821824 50.7981 0.0177601 0.996285 0.0842635 -30.0926 -0.00974808 -0.0841002 0.99641 490.61 
0.997861 -0.0242696 0.0606976 50.8958 0.018913 0.996001 0.0873174 -29.9942 -0.062574 -0.0859826 0.99433 492.187 
0.993405 -0.0293888 0.110828 51.0769 0.0195127 0.995826 0.0891655 -29.889 -0.112986 -0.0864149 0.989832 493.768 
0.986342 -0.0346798 0.161016 51.3453 0.0203927 0.995773 0.0895501 -29.7821 -0.163441 -0.0850435 0.982881 495.368 
0.977274 -0.0381445 0.208522 51.6902 0.0202457 0.995976 0.0873073 -29.6766 -0.211013 -0.0811014 0.974113 496.954 
0.967529 -0.0423354 0.249188 52.1039 0.021622 0.996122 0.0852826 -29.566 -0.251832 -0.0771255 0.964693 498.538 
0.957328 -0.0421914 0.285909 52.5773 0.0187873 0.996279 0.0841137 -29.4588 -0.288394 -0.0751529 0.954558 500.13 
0.946159 -0.0436213 0.32075 53.115 0.0176635 0.99636 0.0833986 -29.3487 -0.32322 -0.0732428 0.943485 501.727 
0.933372 -0.0448906 0.356091 53.7184 0.0159963 0.996364 0.0836777 -29.2429 -0.358553 -0.0724063 0.930697 503.31 
0.919318 -0.0505148 0.390261 54.397 0.0176039 0.996013 0.0874539 -29.1344 -0.393123 -0.0735278 0.916541 504.885 
0.904549 -0.0503895 0.423382 55.1285 0.0153299 0.996193 0.0858115 -29.0295 -0.426094 -0.0711303 0.901878 506.441 
0.888878 -0.048348 0.455585 55.92 0.0125411 0.996611 0.0812947 -28.921 -0.457972 -0.0665475 0.886472 507.988 
0.858799 -0.0439808 0.510422 57.2209 0.00300788 0.996724 0.0808225 -28.7695 -0.512304 -0.067875 0.856118 510.261 
0.818779 -0.0480727 0.572093 58.7036 -0.000923859 0.996376 0.0850473 -28.6201 -0.574108 -0.0701635 0.815768 512.434 
0.768688 -0.0537149 0.637364 60.3569 -0.000936108 0.996372 0.0850999 -28.4656 -0.639623 -0.0660119 0.765849 514.474 
0.716285 -0.0623702 0.695015 62.148 0.00201241 0.996178 0.0873225 -28.3133 -0.697805 -0.0611491 0.713673 516.349 
0.684684 -0.0638312 0.726039 63.41 0.00253721 0.99636 0.0852044 -28.2152 -0.728835 -0.056496 0.682354 517.523 
0.655881 -0.0697424 0.751635 64.7264 0.00273223 0.995936 0.0900263 -28.1095 -0.754859 -0.0569929 0.653406 518.668 
0.626682 -0.0677932 0.77632 66.0813 -0.00102509 0.996136 0.0878164 -28.003 -0.779274 -0.0558288 0.624191 519.763 
0.595721 -0.0723168 0.799929 67.4967 -0.000368414 0.995914 0.090309 -27.8838 -0.803192 -0.0540936 0.59326 520.815 
0.561624 -0.0789254 0.823619 68.9647 -0.00568916 0.995048 0.0992324 -27.7626 -0.827373 -0.060417 0.558394 521.822 
0.501735 -0.0810677 0.861214 71.2699 -0.00611835 0.995241 0.0972484 -27.5639 -0.865 -0.0540622 0.498852 523.209 
0.435126 -0.0882254 0.896037 73.7069 -0.000328965 0.995172 0.0981463 -27.3633 -0.900369 -0.0430008 0.432997 524.431 
0.36431 -0.090148 0.926904 76.2721 -0.00265626 0.995199 0.0978342 -27.1583 -0.931274 -0.0381041 0.362322 525.494 
0.289842 -0.0865913 0.953149 78.9581 -0.0111021 0.995528 0.0938173 -26.9603 -0.95701 -0.0377741 0.287584 526.378 
0.211024 -0.0889186 0.973428 81.7599 -0.0145123 0.995459 0.0940771 -26.7632 -0.977373 -0.0339792 0.208775 527.052 
0.157945 -0.0904258 0.983299 83.6838 -0.0123316 0.99554 0.0935323 -26.6249 -0.987371 -0.0268986 0.156125 527.366 
0.10673 -0.0911486 0.990101 85.6408 -0.01107 0.995619 0.0928498 -26.4807 -0.994227 -0.0208702 0.105253 527.586 
0.0562124 -0.0903948 0.994318 87.6356 -0.0120149 0.99576 0.0912051 -26.3401 -0.998347 -0.0170735 0.0548879 527.728 
0.0068203 -0.0958189 0.995375 89.6647 -0.0142329 0.995288 0.0959081 -26.1985 -0.999876 -0.0148212 0.00542438 527.759 
-0.0418305 -0.0965706 0.994447 91.7106 -0.0182496 0.995226 0.0958786 -26.0517 -0.998958 -0.0141376 -0.0433932 527.694 
-0.0921046 -0.0942208 0.991282 93.7722 -0.0226212 0.995454 0.0925155 -25.9066 -0.995492 -0.0139028 -0.0938173 527.529 
-0.141196 -0.0934057 0.985565 95.8478 -0.0224151 0.995585 0.0911441 -25.7641 -0.989728 -0.00922235 -0.142667 527.266 
-0.187049 -0.093867 0.977856 97.9353 -0.0198822 0.995582 0.0917655 -25.6197 -0.982149 -0.00227729 -0.188089 526.886 
-0.228068 -0.0890353 0.969566 100.017 -0.0208326 0.996028 0.086565 -25.4793 -0.973422 -0.000455858 -0.229017 526.42 
-0.268568 -0.0885894 0.959178 102.111 -0.0248474 0.996068 0.0850393 -25.349 -0.96294 -0.000994301 -0.269713 525.862 
-0.329189 -0.0839508 0.940525 105.232 -0.0326118 0.996457 0.0775289 -25.1648 -0.943701 -0.00515052 -0.330761 524.86 
-0.367657 -0.0864269 0.925937 107.306 -0.0365716 0.996246 0.0784682 -25.0472 -0.929242 -0.00501366 -0.369437 524.079 
-0.399125 -0.0882424 0.91264 109.362 -0.036803 0.996098 0.0802168 -24.9189 -0.916158 -0.0015714 -0.400815 523.203 
-0.419308 -0.0832006 0.904024 111.409 -0.0312212 0.996524 0.0772327 -24.7906 -0.907307 0.00415954 -0.420448 522.268 
-0.434241 -0.0793266 0.897297 114.489 -0.0166423 0.996651 0.0800562 -24.595 -0.900643 0.0198306 -0.434107 520.78 
-0.438595 -0.0830827 0.894836 117.619 -0.0141398 0.996232 0.0855666 -24.3819 -0.898574 0.0248762 -0.438117 519.262 
-0.440884 -0.0903899 0.893001 119.739 -0.0169685 0.995578 0.0923952 -24.226 -0.897404 0.0255827 -0.440468 518.237 
-0.44386 -0.0856858 0.89199 122.982 -0.0139579 0.995958 0.0887276 -23.9808 -0.895988 0.0269323 -0.443262 516.641 
-0.445947 -0.0836997 0.891137 125.078 -0.0118467 0.996083 0.0876283 -23.8307 -0.894981 0.0285205 -0.445192 515.601 
-0.448051 -0.0879835 0.889668 127.26 -0.012906 0.995678 0.0919676 -23.6728 -0.893915 0.0297241 -0.44725 514.516 
-0.450409 -0.0917926 0.888091 129.459 -0.0140146 0.995305 0.0957664 -23.5003 -0.892712 0.0306879 -0.449581 513.419 
-0.452194 -0.092258 0.887135 131.674 -0.0137644 0.995239 0.0964843 -23.321 -0.891814 0.0314187 -0.451311 512.304 
-0.453639 -0.0859985 0.887027 133.9 -0.00835828 0.9957 0.09226 -23.1418 -0.891146 0.0344387 -0.452407 511.172 
-0.452968 -0.0901139 0.886961 136.165 -0.00957589 0.995313 0.0962319 -22.9628 -0.891476 0.0350965 -0.451707 510.03 
-0.452964 -0.0878117 0.887194 138.449 -0.0124565 0.995664 0.092188 -22.7822 -0.891442 0.0307066 -0.452094 508.889 
-0.452354 -0.0806272 0.888186 140.757 -0.0108998 0.99633 0.084893 -22.6106 -0.891772 0.0287207 -0.451573 507.73 
-0.452994 -0.0859236 0.887363 143.11 -0.0101675 0.995778 0.091231 -22.4397 -0.891455 0.0323049 -0.451955 506.549 
-0.453415 -0.0856968 0.88717 145.478 -0.0111271 0.995834 0.0905063 -22.2564 -0.89123 0.0311652 -0.452479 505.36 
-0.453899 -0.0875823 0.886738 147.873 -0.0133624 0.995715 0.091506 -22.0751 -0.890953 0.0296856 -0.453125 504.158 
-0.454531 -0.0865386 0.886517 150.295 -0.0118366 0.995768 0.0911345 -21.8897 -0.890652 0.0309301 -0.453632 502.938 
-0.455406 -0.0850305 0.886214 152.738 -0.0112176 0.995897 0.08979 -21.7056 -0.890213 0.0309497 -0.454491 501.704 
-0.455962 -0.0878414 0.885654 155.205 -0.0115797 0.995619 0.0927864 -21.5136 -0.889924 0.0320515 -0.454982 500.459 
-0.456369 -0.0882759 0.885401 157.696 -0.0187912 0.995801 0.0895973 -21.3178 -0.889592 0.0242516 -0.456111 499.214 
-0.456845 -0.0930563 0.884666 160.202 -0.0275439 0.995516 0.0904927 -21.125 -0.88912 0.016974 -0.45736 497.968 
-0.456738 -0.0882971 0.885208 163.964 -0.0196126 0.99582 0.0892108 -20.8348 -0.889385 0.0233848 -0.456561 496.056 
-0.456289 -0.0899243 0.885276 167.729 -0.0149824 0.995516 0.0933999 -20.5489 -0.889706 0.0293538 -0.45559 494.14 
-0.45577 -0.0913949 0.885393 170.241 -0.0172243 0.995434 0.0938874 -20.3576 -0.889931 0.0275407 -0.455263 492.866 
-0.456077 -0.086223 0.885753 172.746 -0.0120484 0.995802 0.090732 -20.1696 -0.889859 0.0307089 -0.455202 491.587 
-0.454192 -0.0810711 0.887208 175.255 -0.00703131 0.996146 0.0874261 -19.9835 -0.890876 0.03347 -0.453012 490.315 
-0.452041 -0.0949428 0.88693 177.785 -0.0153859 0.995001 0.0986698 -19.7919 -0.891864 0.0309565 -0.451242 489.062 
-0.448204 -0.0922009 0.889164 180.295 -0.0181094 0.995399 0.0940884 -19.5851 -0.893748 0.0260685 -0.447811 487.82 
-0.444164 -0.0891414 0.8915 182.791 -0.0187305 0.995745 0.0902329 -19.4004 -0.89575 0.02338 -0.443944 486.582 
-0.442504 -0.0905358 0.892185 185.287 -0.0208381 0.99566 0.0907009 -19.2213 -0.896524 0.0215441 -0.44247 485.358 
-0.441699 -0.0923674 0.892396 187.779 -0.020733 0.995471 0.0927742 -19.0325 -0.896924 0.0224763 -0.441614 484.136 
-0.443498 -0.0900646 0.891739 190.26 -0.0211989 0.995714 0.090023 -18.8396 -0.896025 0.0210212 -0.443507 482.92 
-0.447044 -0.0857247 0.890395 192.73 -0.0173639 0.996041 0.0871781 -18.659 -0.894343 0.0235117 -0.446763 481.695 
-0.452424 -0.0869494 0.887554 195.18 -0.0149274 0.995835 0.089948 -18.4817 -0.891678 0.0274458 -0.451837 480.47 
-0.458575 -0.0900409 0.884082 197.613 -0.0157679 0.995521 0.0932118 -18.2966 -0.888516 0.0288046 -0.457941 479.239 
-0.464086 -0.0847697 0.881725 200.011 -0.0115858 0.995906 0.0896492 -18.1102 -0.885714 0.0313895 -0.463168 477.998 
-0.472443 -0.0849965 0.877253 203.575 -0.0141109 0.995941 0.0888967 -17.8484 -0.881248 0.0296197 -0.471724 476.127 
-0.47758 -0.0902373 0.873942 205.912 -0.0198722 0.995567 0.091936 -17.6739 -0.878363 0.0265396 -0.477256 474.88 
-0.481833 -0.092414 0.871376 208.185 -0.0220624 0.995387 0.0933665 -17.5038 -0.875985 0.0257624 -0.481649 473.649 
-0.485073 -0.0952603 0.86927 210.388 -0.0239119 0.995122 0.0957086 -17.3378 -0.874147 0.0256397 -0.484984 472.443 
-0.488063 -0.0974987 0.867345 213.557 -0.0319748 0.995071 0.093864 -17.0984 -0.872222 0.0180784 -0.488775 470.701 
-0.486289 -0.09969 0.868093 215.581 -0.0350588 0.994897 0.0946126 -16.9491 -0.873095 0.0155747 -0.487302 469.587 
-0.478857 -0.0998061 0.872201 217.532 -0.0364059 0.994919 0.0938612 -16.8043 -0.877138 0.0131929 -0.480058 468.526 
-0.462871 -0.100088 0.880757 219.437 -0.0356887 0.994904 0.0943035 -16.6626 -0.885707 0.0122173 -0.464084 467.53 
-0.437193 -0.0991111 0.89389 221.328 -0.0336067 0.995016 0.0938868 -16.5219 -0.89874 0.011006 -0.438345 466.599 
-0.40538 -0.0981926 0.90886 223.214 -0.0367413 0.995161 0.0911287 -16.3822 -0.91341 0.00354901 -0.407026 465.752 
-0.371695 -0.0945682 0.923526 225.095 -0.038608 0.995512 0.0864009 -16.2514 -0.927552 -0.00354068 -0.373678 464.99 
-0.334251 -0.093748 0.93781 226.992 -0.0401903 0.995553 0.0851959 -16.1217 -0.941627 -0.00921405 -0.336533 464.316 
-0.29509 -0.0966913 0.950564 228.916 -0.0400393 0.995244 0.0888065 -15.9869 -0.95463 -0.011854 -0.297558 463.705 
-0.254902 -0.104068 0.96135 230.862 -0.0431672 0.994425 0.0962032 -15.8452 -0.966003 -0.0169764 -0.257974 463.173 
-0.214559 -0.107277 0.970802 232.821 -0.0499526 0.993854 0.098784 -15.6895 -0.975433 -0.027299 -0.218599 462.731 
-0.173436 -0.107215 0.978992 234.791 -0.0545232 0.993577 0.0991533 -15.5312 -0.983335 -0.0361809 -0.178168 462.397 
-0.128173 -0.105579 0.986116 236.782 -0.0510091 0.993703 0.0997609 -15.3737 -0.990439 -0.0375143 -0.132751 462.127 
-0.0772203 -0.0953802 0.992441 238.782 -0.040043 0.994907 0.0925015 -15.221 -0.99621 -0.0325973 -0.0806464 461.946 
-0.0222451 -0.0919873 0.995512 240.817 -0.0327663 0.99529 0.0912347 -15.0797 -0.999216 -0.0305897 -0.0251544 461.882 
0.0351372 -0.0916835 0.995168 242.887 -0.0308906 0.995208 0.0927779 -14.9378 -0.998905 -0.0340013 0.0321366 461.959 
0.0953152 -0.0933565 0.99106 244.968 -0.0342542 0.994695 0.0969933 -14.7922 -0.994858 -0.0431929 0.0916118 462.147 
0.155071 -0.0914297 0.983663 247.046 -0.0410552 0.994251 0.0988861 -14.635 -0.98705 -0.0557189 0.150426 462.466 
0.239733 -0.0803684 0.967507 250.154 -0.046877 0.994447 0.0942217 -14.395 -0.969707 -0.0679419 0.234634 463.185 
0.295103 -0.0773656 0.952328 252.218 -0.0481942 0.994242 0.0957049 -14.2421 -0.954249 -0.0741394 0.289675 463.815 
0.349548 -0.080091 0.933489 254.278 -0.0450013 0.993754 0.102113 -14.0799 -0.935837 -0.0777015 0.343761 464.58 
0.402581 -0.0724454 0.912513 256.291 -0.0412801 0.994412 0.0971594 -13.9136 -0.914453 -0.0767831 0.397341 465.444 
0.474232 -0.0732488 0.877348 259.272 -0.0430048 0.993416 0.106185 -13.6606 -0.879349 -0.0880863 0.467959 466.974 
0.538033 -0.0763426 0.83946 262.167 -0.0381327 0.992666 0.114716 -13.3658 -0.842061 -0.0937317 0.531176 468.728 
0.573971 -0.0738808 0.815536 264.039 -0.0361695 0.992662 0.115383 -13.1569 -0.818077 -0.095724 0.567087 470.009 
0.614838 -0.0642656 0.786031 266.771 -0.0452658 0.992156 0.116526 -12.8245 -0.787354 -0.107225 0.607106 472.095 
0.645133 -0.0599001 0.761718 269.445 -0.0453998 0.992156 0.116472 -12.4822 -0.76272 -0.109722 0.637353 474.302 
0.668675 -0.0545287 0.741552 272.08 -0.042629 0.992856 0.111447 -12.1617 -0.742332 -0.106134 0.661573 476.625 
0.678866 -0.0568303 0.732059 274.679 -0.0425123 0.992286 0.116455 -11.8647 -0.73303 -0.110179 0.671213 479 
0.683193 -0.0579032 0.727939 276.385 -0.0421938 0.992056 0.118512 -11.6556 -0.729018 -0.111681 0.675322 480.591 
0.687089 -0.0545471 0.724523 278.074 -0.0438596 0.992246 0.116297 -11.4421 -0.725248 -0.111684 0.679369 482.184 
0.689275 -0.0538172 0.722499 279.748 -0.0396231 0.992945 0.111763 -11.2369 -0.723416 -0.105663 0.682279 483.771 
0.688847 -0.0554917 0.722779 281.391 -0.0378981 0.992945 0.112353 -11.0423 -0.723915 -0.104786 0.681885 485.347 
0.683938 -0.0569196 0.727316 283.007 -0.0407318 0.992417 0.115969 -10.8506 -0.728402 -0.10894 0.676434 486.882 
0.674578 -0.0572631 0.73598 284.6 -0.0450702 0.991932 0.118487 -10.6566 -0.736827 -0.1131 0.666554 488.362 
0.661794 -0.0532373 0.747793 286.166 -0.0490533 0.992263 0.114054 -10.4756 -0.748079 -0.112162 0.654062 489.76 
0.64317 -0.0518463 0.763966 287.71 -0.0496342 0.992784 0.109161 -10.3041 -0.764113 -0.108128 0.635956 491.075 
0.621865 -0.0532379 0.781313 289.24 -0.0460991 0.993468 0.104385 -10.1526 -0.781767 -0.100931 0.615348 492.294 
0.598599 -0.0561291 0.79908 290.753 -0.0416528 0.994012 0.101024 -10.0172 -0.799965 -0.0937567 0.592676 493.425 
0.572796 -0.0536601 0.81794 292.232 -0.0324068 0.995592 0.088009 -9.90145 -0.819057 -0.076918 0.568532 494.446 
0.544667 -0.0326163 0.838018 293.652 -0.03474 0.997508 0.0614029 -9.81724 -0.837932 -0.0625569 0.542177 495.367 
0.509405 -0.0227968 0.860225 295.05 -0.0357867 0.998223 0.0476459 -9.74738 -0.859782 -0.0550556 0.507684 496.208 
0.437175 -0.0289177 0.898911 297.158 -0.043423 0.997639 0.053212 -9.68742 -0.898327 -0.0622964 0.434887 497.296 
0.335851 -0.0322955 0.941361 299.275 -0.0320749 0.99844 0.0456971 -9.63401 -0.941369 -0.0455415 0.334291 498.08 
0.216893 -0.0127648 0.976112 301.409 -0.026906 0.999456 0.0190487 -9.61297 -0.975825 -0.0303948 0.216431 498.553 
0.0935791 -0.0243802 0.995313 303.639 -0.0249586 0.999328 0.0268251 -9.61426 -0.995299 -0.0273519 0.0929077 498.806 
-0.0382064 -0.0308166 0.998795 305.825 -0.0177664 0.999387 0.0301553 -9.58103 -0.999112 -0.0165929 -0.0387305 498.756 
-0.191062 -0.0173054 0.981425 308.665 -0.0032489 0.99985 0.0169978 -9.54733 -0.981573 5.90801e-05 -0.19109 498.23 
-0.285152 -0.0212841 0.958246 311.472 0.0019072 0.999739 0.0227732 -9.50754 -0.95848 0.0083214 -0.285037 497.411 
-0.336851 -0.0213436 0.941316 313.551 0.00652009 0.999666 0.0249999 -9.45022 -0.941535 0.0145587 -0.336599 496.634 
-0.394092 -0.0210634 0.918829 315.618 0.00804227 0.99962 0.0263648 -9.40144 -0.919036 0.0177796 -0.393773 495.744 
-0.468826 -0.0173718 0.88312 317.599 0.00628759 0.999716 0.0230032 -9.3786 -0.883268 0.0163372 -0.468583 494.678 
-0.56281 -0.0186378 0.826376 319.469 0.00524496 0.999645 0.0261177 -9.34471 -0.82657 0.0190336 -0.562512 493.419 
-0.661369 -0.0126535 0.749954 321.17 0.0127258 0.999525 0.028087 -9.31891 -0.749953 0.0281196 -0.660894 491.942 
-0.778943 -0.00500714 0.627075 323.028 0.0205962 0.999224 0.0335629 -9.25277 -0.626757 0.0390589 -0.778236 489.68 
-0.903416 0.0158462 0.428473 325.381 0.0317752 0.999043 0.030049 -9.20397 -0.427587 0.0407616 -0.903055 485.451 
-0.956321 0.0256682 0.291191 326.541 0.0389101 0.998451 0.0397746 -9.16363 -0.289719 0.0493676 -0.955838 482.161 
-0.985862 0.0381966 0.163146 327.058 0.0449626 0.998266 0.0379812 -9.11675 -0.161412 0.0447797 -0.985871 479.387 
-0.999136 0.0412911 -0.00469264 327.208 0.0410377 0.998136 0.0451645 -9.04131 0.00654879 0.0449329 -0.998969 475.816 
-0.991236 0.0500667 -0.122249 326.887 0.044865 0.997982 0.0449398 -8.95512 0.124252 0.0390612 -0.991482 472.829 
-0.978114 0.0509344 -0.201738 326.286 0.0438313 0.998257 0.0395248 -8.8598 0.2034 0.0298173 -0.978642 469.769 
-0.965955 0.0475692 -0.2543 325.485 0.0378151 0.998354 0.0431115 -8.80623 0.255932 0.0320274 -0.966164 466.585 
-0.961385 0.0529782 -0.270059 324.771 0.0428073 0.998139 0.0434177 -8.74539 0.271857 0.0301806 -0.961864 464.117 
-0.95948 0.0555153 -0.276256 324.015 0.0467771 0.998178 0.0381259 -8.66845 0.277869 0.0236586 -0.960328 461.569 
-0.957566 0.0604806 -0.281798 322.973 0.0501802 0.997787 0.0436339 -8.55289 0.283813 0.0276416 -0.958481 458.042 
-0.955733 0.05888 -0.288285 321.867 0.0488312 0.997926 0.0419317 -8.42072 0.290156 0.0259982 -0.956626 454.376 
-0.954081 0.0607101 -0.293333 320.998 0.0505577 0.997834 0.0420768 -8.34198 0.295252 0.0253144 -0.955084 451.547 
-0.952578 0.061175 -0.298081 320.102 0.0501914 0.997753 0.0443719 -8.27599 0.300126 0.0273066 -0.953509 448.673 
-0.950639 0.058373 -0.304758 318.882 0.0476176 0.997956 0.0426126 -8.17118 0.306623 0.0259974 -0.951476 444.813 
-0.950972 0.0591783 -0.303563 317.625 0.0473003 0.997805 0.0463403 -8.07137 0.305639 0.0297097 -0.951684 440.932 
-0.95783 0.0413472 -0.284346 316.159 0.0332713 0.998896 0.0331755 -7.97629 0.285404 0.0223159 -0.958147 436.053 
-0.96866 0.0233445 -0.24729 314.867 0.015406 0.999304 0.0339884 -7.9723 0.247912 0.0291134 -0.968345 431.133 
-0.981427 0.0266766 -0.189971 314.024 0.0206646 0.999223 0.0335581 -7.96158 0.190719 0.0290091 -0.981216 427.175 
-0.990608 0.0224142 -0.134882 313.411 0.0186028 0.999393 0.0294516 -7.9398 0.13546 0.0266658 -0.990424 423.19 
-0.995418 0.0206584 -0.0933616 313.101 0.0177146 0.999323 0.0322505 -7.92953 0.0939646 0.0304489 -0.99511 420.193 
-0.99841 0.0116852 -0.0551403 312.918 0.00954461 0.999197 0.0389259 -7.90468 0.0555508 0.0383377 -0.99772 417.185 
-0.999837 0.00832226 -0.0160506 312.851 0.00769873 0.999228 0.0385259 -7.86419 0.0163588 0.038396 -0.999129 414.174 
-0.999937 0.00612512 0.00941991 312.873 0.0065349 0.999005 0.0441042 -7.80964 -0.0091404 0.044163 -0.998982 412.156 
-0.999371 0.00810722 0.0345197 312.938 0.00965693 0.998942 0.0449659 -7.77085 -0.0341186 0.0452709 -0.998392 410.161 
-0.998234 0.009877 0.0585714 313.048 0.0122262 0.999129 0.0398871 -7.72747 -0.0581264 0.0405328 -0.997486 408.161 
-0.995627 0.00747123 0.0931148 313.298 0.011058 0.999214 0.038063 -7.65649 -0.0927573 0.0389262 -0.994928 405.157 
-0.993638 0.00606982 0.112454 313.52 0.00993501 0.999378 0.0338427 -7.61797 -0.112179 0.0347447 -0.99308 403.163 
-0.991347 0.00377698 0.131216 313.782 0.00812378 0.999435 0.0326075 -7.59084 -0.131019 0.0333913 -0.990817 401.177 
-0.988961 0.00230399 0.148161 314.076 0.00759853 0.999352 0.035179 -7.56483 -0.147984 0.0359164 -0.988337 399.207 
-0.986334 -0.00202156 0.164747 314.411 0.00431462 0.999265 0.0380931 -7.54479 -0.164703 0.0382833 -0.9856 397.252 
-0.983546 -0.00393285 0.180616 314.764 0.00289484 0.999291 0.0375232 -7.5198 -0.180635 0.0374287 -0.982838 395.313 
-0.980794 -0.00810217 0.194879 315.156 -0.000267057 0.999192 0.0401977 -7.49544 -0.195047 0.0393736 -0.980003 393.396 
-0.977971 -0.0103582 0.208481 315.564 -0.00116084 0.999022 0.04419 -7.46325 -0.208735 0.0429746 -0.977028 391.486 
-0.974937 -0.0114083 0.222189 315.997 -0.0017625 0.999049 0.0435627 -7.42304 -0.222475 0.0420793 -0.97403 389.589 
-0.971741 -0.0116059 0.235765 316.428 -0.00294924 0.999309 0.0370369 -7.36911 -0.236032 0.0352949 -0.971104 387.765 
-0.968386 -0.0102428 0.249248 316.876 -0.00211123 0.999457 0.0328699 -7.32578 -0.24945 0.0313045 -0.967882 385.97 
-0.964539 -0.00702946 0.263846 317.338 0.000278837 0.999618 0.0276515 -7.30298 -0.263939 0.0267445 -0.964168 384.243 
-0.960464 -0.00494988 0.278359 317.816 -0.00136377 0.999914 0.0130752 -7.31193 -0.2784 0.0121786 -0.960388 382.613 
-0.957065 -0.00419053 0.289844 318.278 -0.00636637 0.999958 -0.00656447 -7.31794 -0.289805 -0.00812788 -0.957051 381.083 
-0.954641 -0.00399076 0.297731 318.725 -0.00998938 0.999776 -0.0186289 -7.34964 -0.29759 -0.0207581 -0.954468 379.649 
-0.953382 -0.000194167 0.301767 319.15 -0.0108664 0.999373 -0.0336878 -7.40508 -0.301571 -0.0353964 -0.952786 378.297 
-0.953496 0.00515668 0.301361 319.536 -0.00595456 0.999336 -0.03594 -7.44915 -0.301347 -0.0360631 -0.952832 376.961 
-0.95658 0.011157 0.291255 319.89 0.00289219 0.999581 -0.0287918 -7.49463 -0.291454 -0.0266993 -0.956212 375.63 
-0.963616 0.0135864 0.266943 320.203 0.00525416 0.999477 -0.0319032 -7.52633 -0.267237 -0.0293399 -0.963184 374.324 
-0.980841 0.0192272 0.193858 320.548 0.0168735 0.999763 -0.0137854 -7.56589 -0.194077 -0.0102502 -0.980933 372.372 
-0.996198 0.0231369 0.0839914 320.698 0.023555 0.999715 0.00399096 -7.60412 -0.0838751 0.00595421 -0.996459 370.459 
-0.99857 0.0306871 -0.0437682 320.586 0.029968 0.999406 0.0169923 -7.60515 0.0442636 0.0156564 -0.998897 368.565 
-0.983358 0.028672 -0.179404 320.193 0.0243038 0.999353 0.0264992 -7.5636 0.180048 0.021698 -0.983419 366.666 
-0.949522 0.0314497 -0.312119 319.555 0.0192318 0.998926 0.042147 -7.49577 0.313109 0.034017 -0.949108 364.818 
-0.898101 0.0346561 -0.438421 318.655 0.0169366 0.998876 0.0442643 -7.40182 0.439463 0.0323285 -0.897679 363.038 
-0.837786 0.0472323 -0.543951 317.527 0.0245951 0.998505 0.048821 -7.31545 0.545444 0.027523 -0.837695 361.353 
-0.780941 0.0541101 -0.622257 316.188 0.0334302 0.998433 0.0448663 -7.21221 0.62371 0.0142357 -0.781526 359.728 
-0.738764 0.0617887 -0.671126 314.66 0.0446356 0.998088 0.0427571 -7.12682 0.672485 0.00163133 -0.740109 358.106 
-0.706854 0.0623819 -0.704604 312.996 0.0465339 0.998047 0.0416794 -7.04967 0.705828 -0.00332678 -0.708376 356.444 
-0.686011 0.0652801 -0.724657 311.183 0.05172 0.997823 0.0409262 -6.96997 0.725751 -0.0094034 -0.687894 354.755 
-0.688427 0.0702762 -0.721893 309.912 0.0569221 0.99746 0.0428194 -6.90971 0.723069 -0.0116136 -0.690679 353.572 
-0.694634 0.0672192 -0.716216 308.615 0.0514416 0.997717 0.0437476 -6.83478 0.717522 -0.00645469 -0.696506 352.322 
-0.697153 0.0629376 -0.714155 307.282 0.0469054 0.998009 0.0421647 -6.75073 0.715387 -0.00410242 -0.698717 351.031 
-0.700122 0.0617735 -0.711346 305.221 0.04584 0.998084 0.0415572 -6.62728 0.71255 -0.00351292 -0.701613 349.037 
-0.703909 0.0588342 -0.707849 303.106 0.0439451 0.998262 0.039272 -6.53092 0.708929 -0.0034626 -0.705271 346.959 
-0.706816 0.0546632 -0.705283 301.671 0.043846 0.998478 0.0334461 -6.48158 0.706038 -0.00728354 -0.708137 345.531 
-0.71023 0.0498876 -0.7022 300.222 0.0425942 0.998704 0.0278713 -6.43475 0.70268 -0.0101147 -0.711434 344.066 
-0.713531 0.0476822 -0.698999 298.768 0.0400179 0.998826 0.0272851 -6.40609 0.69948 -0.00850377 -0.714602 342.576 
-0.71783 0.0514545 -0.694314 297.312 0.0407303 0.998661 0.0318993 -6.38814 0.695026 -0.00538133 -0.718965 341.064 
-0.725174 0.0527931 -0.686539 295.864 0.0398124 0.998603 0.0347372 -6.36572 0.687414 -0.00214228 -0.726263 339.531 
-0.738833 0.0519372 -0.671884 293.721 0.0377989 0.99865 0.0356312 -6.32843 0.672828 0.000928976 -0.739799 337.18 
-0.76058 0.0542937 -0.64697 291.614 0.0440244 0.998517 0.0320404 -6.27952 0.64775 -0.00411318 -0.761842 334.765 
-0.779994 0.05579 -0.623296 290.267 0.048822 0.998407 0.0282696 -6.25742 0.62388 -0.00838041 -0.781475 333.108 
-0.800198 0.0543935 -0.597264 288.992 0.0476495 0.998497 0.0270947 -6.25383 0.59784 -0.00677823 -0.801587 331.405 
-0.818031 0.0491178 -0.573073 287.765 0.0429686 0.998782 0.0242696 -6.24655 0.573567 -0.00477084 -0.819145 329.651 
-0.832701 0.0498696 -0.551472 286.593 0.0386493 0.998742 0.0319574 -6.25344 0.552372 0.00529695 -0.833581 327.861 
-0.847162 0.0497479 -0.529001 285.462 0.0409665 0.998759 0.0283193 -6.25232 0.529753 0.00231972 -0.848149 326.046 
-0.860471 0.0467928 -0.507346 284.368 0.0393206 0.998903 0.0254409 -6.26242 0.50798 0.001942 -0.861367 324.191 
-0.873039 0.0464365 -0.485434 283.306 0.041424 0.99892 0.0210567 -6.26755 0.485888 -0.00172531 -0.87402 322.296 
-0.883162 0.0491359 -0.466487 282.269 0.0444628 0.99879 0.0210264 -6.26045 0.466956 -0.00217161 -0.884278 320.363 
-0.890065 0.0533764 -0.452698 281.254 0.0479344 0.998574 0.0234939 -6.2532 0.453306 -0.000788703 -0.891355 318.389 
-0.893975 0.0523476 -0.445049 280.262 0.0462873 0.998628 0.024483 -6.24511 0.44572 0.00128709 -0.895171 316.387 
-0.895412 0.0495951 -0.442468 279.274 0.0437021 0.998768 0.0235106 -6.23733 0.443089 0.00171495 -0.896476 314.371 
-0.898395 0.0492817 -0.436415 277.775 0.0444202 0.998785 0.0213443 -6.21907 0.436937 -0.000210017 -0.899492 311.309 
-0.901147 0.0561475 -0.429862 276.767 0.049774 0.99842 0.0260668 -6.20222 0.430647 0.00209407 -0.902518 309.235 
-0.903314 0.0579936 -0.425042 275.761 0.055187 0.998297 0.0189243 -6.17887 0.425415 -0.00636223 -0.904976 307.144 
-0.904094 0.0597794 -0.423132 274.757 0.0566198 0.998194 0.0200454 -6.16746 0.423567 -0.00583469 -0.905846 305.022 
-0.904101 0.0663325 -0.42214 273.733 0.0597007 0.997797 0.0289263 -6.13289 0.423129 0.000950192 -0.906069 302.874 
-0.903242 0.0748683 -0.422551 272.682 0.0695619 0.997185 0.027988 -6.07492 0.423457 -0.0041135 -0.905907 300.715 
-0.902159 0.0782843 -0.424241 271.62 0.0743245 0.996898 0.0259025 -6.03126 0.424953 -0.00816334 -0.905179 298.532 
-0.900808 0.0737034 -0.427916 270.558 0.0679644 0.997275 0.0286965 -5.99582 0.428865 -0.00323305 -0.903363 296.319 
-0.897539 0.0633489 -0.436361 269.481 0.0554738 0.997986 0.0307804 -5.95029 0.437432 0.00341995 -0.899245 294.085 
-0.892321 0.0536685 -0.4482 268.364 0.0444603 0.998529 0.0310501 -5.89128 0.449207 0.00777948 -0.893394 291.836 
-0.885418 0.0474764 -0.462365 267.209 0.0393481 0.998855 0.0272136 -5.84399 0.463128 0.0059022 -0.886272 289.597 
-0.877349 0.0550759 -0.476682 266 0.0443697 0.998447 0.0336969 -5.79889 0.477798 0.00841371 -0.87843 287.361 
-0.868271 0.0642723 -0.491908 264.728 0.0550828 0.997931 0.0331617 -5.73585 0.493022 0.00169768 -0.870015 285.132 
-0.860322 0.06562 -0.505509 263.426 0.0604277 0.997816 0.0266847 -5.69938 0.506156 -0.00758929 -0.862409 282.914 
-0.852222 0.0707503 -0.518375 262.085 0.0606685 0.997494 0.0364022 -5.6505 0.519651 -0.000426256 -0.854378 280.682 
-0.843677 0.0834042 -0.530333 260.008 0.0736072 0.9965 0.0396196 -5.55291 0.531782 -0.00561021 -0.846863 277.379 
-0.841562 0.0788666 -0.534373 258.62 0.0704594 0.996859 0.0361601 -5.50785 0.535546 -0.00722066 -0.844475 275.176 
-0.840385 0.0724927 -0.537121 257.219 0.0624367 0.997366 0.0369208 -5.44158 0.538382 -0.00250842 -0.842697 272.951 
-0.839312 0.0735551 -0.53865 255.789 0.061282 0.99729 0.0406964 -5.36927 0.540184 0.00114748 -0.841546 270.72 
-0.839175 0.0744023 -0.538749 254.344 0.0615656 0.997226 0.0418222 -5.30915 0.540366 0.00192775 -0.841428 268.488 
-0.83939 0.071756 -0.538773 252.9 0.0586542 0.997417 0.041459 -5.23864 0.540356 0.00319904 -0.84143 266.234 
-0.838196 0.0702582 -0.540824 251.438 0.0557081 0.99751 0.0432469 -5.15609 0.542516 0.00612112 -0.840023 263.958 
-0.835975 0.0729153 -0.543902 249.945 0.0570786 0.997311 0.0459696 -5.05505 0.545792 0.00738422 -0.837888 261.679 
-0.834464 0.0716008 -0.546391 248.445 0.0567783 0.997417 0.0439913 -4.96232 0.54813 0.00568597 -0.836374 259.4 
-0.833959 0.0702006 -0.547343 246.95 0.0542315 0.9975 0.0453067 -4.88836 0.549155 0.00810073 -0.835681 257.11 
-0.834397 0.0732609 -0.546274 245.448 0.0577651 0.997292 0.0455148 -4.81124 0.548129 0.00642187 -0.836369 254.808 
-0.835313 0.0719446 -0.545046 243.193 0.0574044 0.997395 0.043678 -4.73365 0.546769 0.00519677 -0.837268 251.335 
-0.835675 0.0714634 -0.544555 241.668 0.055985 0.997418 0.0449792 -4.66954 0.546364 0.007101 -0.837518 248.995 
-0.835964 0.0710244 -0.544169 239.34 0.0572669 0.997466 0.0422137 -4.57248 0.545788 0.0041262 -0.837913 245.466 
-0.836047 0.0730378 -0.543774 237.762 0.0590004 0.997321 0.0432441 -4.48177 0.545476 0.00407124 -0.838117 243.083 
-0.835608 0.0764973 -0.543974 236.175 0.0623023 0.997064 0.0445103 -4.37287 0.545782 0.00330232 -0.837921 240.691 
-0.8348 0.0793084 -0.544811 234.567 0.066698 0.99685 0.0429123 -4.25628 0.546498 -0.000514567 -0.83746 238.291 
-0.83366 0.080387 -0.546397 232.955 0.0694212 0.996756 0.0407259 -4.1554 0.547898 -0.00397997 -0.836536 235.883 
-0.831541 0.0775652 -0.550021 231.333 0.0653151 0.996987 0.0418518 -4.04461 0.55161 -0.00112324 -0.834101 233.458 
-0.828503 0.0774327 -0.554605 229.678 0.0616039 0.996985 0.0471691 -3.93558 0.556585 0.00491398 -0.830776 231.025 
-0.826111 0.0759552 -0.558365 228.011 0.0622576 0.997111 0.0435272 -3.82823 0.560058 0.00119574 -0.828452 228.6 
-0.824476 0.0736808 -0.561079 226.343 0.0604731 0.997282 0.0421007 -3.73017 0.562656 0.000780869 -0.826691 226.169 
-0.823023 0.0784323 -0.562567 224.66 0.0626972 0.996913 0.0472636 -3.64259 0.564538 0.00362766 -0.825399 223.74 
-0.821958 0.0826832 -0.563515 222.973 0.0673268 0.996575 0.0480205 -3.55337 0.565555 0.0015311 -0.824709 221.322 
-0.820861 0.087017 -0.56446 221.286 0.0709565 0.996206 0.050387 -3.46221 0.566703 0.00130862 -0.823921 218.901 
-0.820671 0.0898796 -0.564288 219.599 0.0742739 0.995953 0.050615 -3.36542 0.566553 -0.000373588 -0.824025 216.482 
-0.821488 0.0875485 -0.563465 217.915 0.0725795 0.99616 0.0489634 -3.29483 0.565588 -0.000673117 -0.824688 214.053 
-0.823088 0.0860285 -0.56136 216.25 0.0700651 0.996291 0.0499497 -3.2287 0.563575 0.00178129 -0.826063 211.635 
-0.825183 0.0850793 -0.558421 214.589 0.0676347 0.996362 0.0518584 -3.15316 0.560801 0.00502407 -0.827935 209.212 
-0.827593 0.0801881 -0.555571 212.944 0.0649973 0.996776 0.0470475 -3.07215 0.557552 0.00282562 -0.830137 206.787 
-0.830624 0.0717889 -0.552186 211.317 0.0576461 0.997412 0.0429581 -3.00856 0.553841 0.00385069 -0.832613 204.351 
-0.833644 0.0702248 -0.547819 209.697 0.0527625 0.997473 0.0475744 -2.92641 0.549776 0.0107558 -0.835243 201.903 
-0.836483 0.0727459 -0.543143 208.091 0.055092 0.997292 0.0487264 -2.83039 0.545217 0.0108359 -0.838225 199.449 
-0.839941 0.0776855 -0.537088 206.508 0.0594087 0.996915 0.0512878 -2.73947 0.539416 0.011171 -0.841965 196.99 
-0.844804 0.0799 -0.529077 204.947 0.0635156 0.996772 0.0491116 -2.64998 0.531293 0.00788499 -0.847151 194.527 
-0.852023 0.0795003 -0.517433 203.418 0.065014 0.996819 0.0461008 -2.56617 0.519452 0.00563856 -0.854481 192.051 
-0.85956 0.0732288 -0.50576 201.928 0.0583828 0.997272 0.0451707 -2.49562 0.507688 0.00929924 -0.861491 189.548 
-0.866995 0.0703873 -0.493321 200.464 0.0550473 0.997443 0.045572 -2.43207 0.495267 0.0123548 -0.868653 187.029 
-0.873517 0.0703619 -0.481681 199.036 0.0551608 0.997433 0.0456679 -2.36573 0.483658 0.0133218 -0.875156 184.495 
-0.879092 0.0706842 -0.471382 197.634 0.0578544 0.997455 0.0416752 -2.2965 0.473129 0.00936479 -0.880944 181.951 
-0.882694 0.0744665 -0.464011 196.246 0.0612776 0.997174 0.0434618 -2.22202 0.465936 0.00993 -0.884763 179.389 
-0.884866 0.0767039 -0.459488 194.893 0.0639964 0.997015 0.0431933 -2.16337 0.46143 0.00881466 -0.887133 176.845 
-0.887247 0.0751676 -0.45513 193.561 0.0642708 0.997155 0.0393947 -2.11864 0.456796 0.00570125 -0.889553 174.282 
-0.888617 0.0737581 -0.452681 192.911 0.0621427 0.997245 0.0405006 -2.09719 0.454422 0.00785868 -0.890752 172.993 
-0.889906 0.073526 -0.450179 192.262 0.0613311 0.997248 0.0416387 -2.07417 0.452002 0.00944456 -0.891967 171.701 
-0.892491 0.0727954 -0.445151 190.982 0.0602879 0.997288 0.042214 -2.03491 0.447017 0.0108384 -0.89446 169.115 
-0.894687 0.0755967 -0.44025 189.717 0.0639082 0.997099 0.0413391 -2.0017 0.442099 0.00884996 -0.896923 166.528 
-0.896752 0.0789 -0.435444 188.444 0.067894 0.996858 0.0408044 -1.9432 0.437295 0.00702738 -0.899291 163.927 
-0.898755 0.0733157 -0.432278 187.197 0.0629439 0.997283 0.0382748 -1.89717 0.433909 0.0071904 -0.900928 161.312 
-0.900271 0.0685548 -0.429897 185.959 0.0548269 0.997515 0.0442556 -1.83014 0.431863 0.0162721 -0.901792 158.682 
-0.901169 0.067171 -0.428233 184.717 0.0533754 0.997598 0.0441568 -1.75965 0.43017 0.0169356 -0.902589 156.053 
-0.901894 0.0690111 -0.42641 183.475 0.0553331 0.99748 0.0444003 -1.69101 0.4284 0.0164498 -0.90344 153.423 
-0.902676 0.0673912 -0.42501 182.24 0.0557914 0.997653 0.0396964 -1.62824 0.426688 0.0121211 -0.904318 150.794 
-0.903651 0.0659146 -0.423167 181.008 0.0541961 0.997742 0.0396803 -1.5676 0.424827 0.0129231 -0.905182 148.161 
-0.905 0.0655706 -0.420327 179.791 0.0540097 0.997764 0.0393627 -1.51302 0.421969 0.0129215 -0.906518 145.532 
-0.906389 0.0666217 -0.417157 178.592 0.0549819 0.997691 0.0398721 -1.46918 0.41885 0.0132036 -0.907959 142.9 
-0.907388 0.0677225 -0.414801 177.399 0.057705 0.997661 0.0366519 -1.42939 0.416313 0.00932141 -0.909173 140.261 
-0.907104 0.0693271 -0.415159 176.191 0.0596011 0.99756 0.0363561 -1.37819 0.416666 0.00823483 -0.909022 137.609 
-0.904757 0.0669714 -0.420631 174.975 0.0567602 0.997711 0.0367638 -1.33982 0.42213 0.0093872 -0.906487 134.968 
-0.900583 0.0637324 -0.429986 173.757 0.0510709 0.997856 0.0409366 -1.33309 0.431673 0.014907 -0.901907 132.355 
-0.897712 0.0631893 -0.436028 173.137 0.0489833 0.997841 0.0437587 -1.31991 0.437852 0.0179246 -0.898868 131.052 
-0.890462 0.0623443 -0.450767 171.869 0.0456831 0.997814 0.0477608 -1.30164 0.452759 0.0219367 -0.891363 128.47 
-0.881579 0.0565108 -0.468642 170.56 0.0406038 0.998207 0.0439866 -1.26915 0.470288 0.019749 -0.882292 125.923 
-0.871646 0.0522225 -0.487345 169.204 0.034771 0.998391 0.0447948 -1.22526 0.4889 0.0220998 -0.87206 123.404 
-0.860935 0.0539393 -0.505847 167.789 0.0359597 0.998328 0.0452512 -1.14743 0.507442 0.0207682 -0.861435 120.925 
-0.849468 0.0563312 -0.524624 166.313 0.0375919 0.998219 0.0463146 -1.05042 0.526299 0.0196211 -0.850073 118.48 
-0.836371 0.0592696 -0.544951 164.779 0.0411777 0.998122 0.045359 -0.955916 0.546616 0.0154971 -0.83724 116.076 
-0.815102 0.0709388 -0.574958 162.369 0.0505859 0.997399 0.0513457 -0.797009 0.577105 0.0127673 -0.81657 112.525 
-0.801702 0.0739179 -0.593136 160.696 0.0545722 0.997231 0.0505157 -0.674005 0.595227 0.00812978 -0.803516 110.207 
-0.791018 0.0740581 -0.607294 158.986 0.0570665 0.99725 0.0472817 -0.576553 0.609126 0.00274457 -0.793069 107.936 
-0.781781 0.0832687 -0.617968 157.244 0.0693211 0.996506 0.0465782 -0.492787 0.619688 -0.00642436 -0.784822 105.701 
-0.77358 0.0850297 -0.627968 155.477 0.0714198 0.996342 0.0469288 -0.407776 0.629661 -0.00854608 -0.776823 103.476 
-0.766919 0.079721 -0.636773 153.688 0.0656061 0.996795 0.0457791 -0.333411 0.638382 -0.00666737 -0.769691 101.267 
-0.760134 0.0819028 -0.644584 151.852 0.0663984 0.996622 0.0483327 -0.244235 0.646365 -0.00605997 -0.763004 99.0754 
-0.755108 0.0828813 -0.65034 149.997 0.0654514 0.996551 0.0510081 -0.160857 0.652325 -0.00404898 -0.757929 96.8947 
-0.749764 0.0802239 -0.656824 148.123 0.0621005 0.996773 0.0508574 -0.0881591 0.658784 -0.00265799 -0.752327 94.7323 
-0.741021 0.0828596 -0.666349 146.211 0.0627587 0.99656 0.0541293 -0.00913359 0.668542 -0.00170821 -0.743672 92.59 
-0.729444 0.080434 -0.679295 144.267 0.0619531 0.99675 0.0514965 0.0741817 0.681229 -0.00452061 -0.732056 90.4801 
-0.720139 0.0816572 -0.689009 142.303 0.0643667 0.99663 0.05084 0.141178 0.690838 -0.00773731 -0.722968 88.3958 
-0.715501 0.0831183 -0.69365 140.314 0.0635238 0.996524 0.0538861 0.217469 0.695718 -0.00550767 -0.718294 86.3185 
-0.713819 0.0831462 -0.695377 138.314 0.0617953 0.996532 0.0557211 0.312014 0.697599 -0.00319621 -0.716482 84.2314 
-0.716465 0.0835389 -0.692603 136.315 0.0603298 0.996504 0.057786 0.401386 0.695009 -0.000382937 -0.719001 82.1386 
-0.719573 0.0780481 -0.690017 134.309 0.0560164 0.99695 0.0543496 0.512554 0.692154 0.000456258 -0.72175 80.0227 
-0.721475 0.0760623 -0.68825 131.294 0.0600822 0.997076 0.0472098 0.660568 0.689829 -0.00729089 -0.723936 76.8548 
-0.722112 0.0830479 -0.686773 129.267 0.0658703 0.996511 0.0512432 0.749166 0.688633 -0.0082346 -0.725063 74.7374 
-0.721754 0.0809867 -0.687396 127.25 0.0650523 0.996672 0.049121 0.840489 0.689086 -0.00926342 -0.72462 72.6257 
-0.720701 0.0782897 -0.688811 125.224 0.0623544 0.996896 0.0480652 0.929862 0.690436 -0.00830972 -0.723346 70.5101 
-0.719031 0.079846 -0.690376 123.19 0.0612046 0.996794 0.0515401 1.0227 0.692277 -0.00519524 -0.721613 68.3876 
-0.716609 0.0796791 -0.692909 121.153 0.0601026 0.996812 0.0524674 1.12007 0.694881 -0.00404703 -0.719114 66.2694 
-0.71241 0.0778366 -0.697434 119.104 0.0594089 0.996951 0.0505796 1.20975 0.699245 -0.00540044 -0.714862 64.1512 
-0.708654 0.0799184 -0.701015 117.037 0.0590541 0.996796 0.053941 1.30269 0.70308 -0.0031723 -0.711103 62.0394 
-0.705329 0.0796904 -0.704387 114.964 0.0567603 0.996819 0.0559385 1.39661 0.706604 -0.000526225 -0.707609 59.9307 
-0.702448 0.0816125 -0.707041 112.861 0.0581036 0.996664 0.0573171 1.50168 0.70936 -0.000819296 -0.704846 57.8172 
-0.699909 0.0827273 -0.709425 109.667 0.0603938 0.996567 0.0566278 1.66915 0.711674 -0.00321054 -0.702503 54.6479 
-0.699503 0.0808355 -0.710044 107.554 0.0559913 0.996727 0.0583132 1.77079 0.712433 0.00103401 -0.701739 52.5362 
-0.698827 0.0794582 -0.710864 105.427 0.0522615 0.996827 0.0600458 1.86621 0.713379 0.00481074 -0.700762 50.3942 
-0.698851 0.0824461 -0.710499 103.294 0.059529 0.996593 0.0570913 1.98676 0.712785 -0.002397 -0.701378 48.293 
-0.699959 0.0748953 -0.710245 101.186 0.057765 0.997165 0.0482226 2.08042 0.711843 -0.00727343 -0.702301 46.1948 
-0.700553 0.0778321 -0.709343 99.0679 0.055437 0.996966 0.0546413 2.17763 0.711444 -0.00104472 -0.702742 44.0781 
-0.700857 0.0815113 -0.708629 96.9505 0.0611018 0.996658 0.0542108 2.28405 0.71068 -0.0053045 -0.703495 41.9772 
-0.700524 0.0852906 -0.708514 94.8111 0.0660719 0.996319 0.0546098 2.39365 0.710564 -0.00855743 -0.703581 39.8638 
-0.701199 0.0855526 -0.707814 92.6761 0.0684135 0.996267 0.0526435 2.51432 0.709676 -0.0115105 -0.704434 37.7465 
-0.703011 0.0829406 -0.706326 89.5179 0.0628999 0.996535 0.0544139 2.66999 0.708392 -0.00617421 -0.705793 34.5759 
-0.704575 0.0821802 -0.704855 86.3638 0.0592382 0.996616 0.0569824 2.86097 0.707152 -0.00160586 -0.707059 31.4018 
-0.706535 0.0791211 -0.703241 83.2135 0.0592577 0.996855 0.0526201 3.06681 0.705192 -0.00449445 -0.709002 28.242 
-0.707692 0.0772175 -0.702288 81.1235 0.0566864 0.997011 0.0525001 3.18464 0.704243 -0.00265629 -0.709954 26.1294 
-0.708744 0.0798312 -0.700934 77.9927 0.057414 0.996808 0.0554754 3.36162 0.703126 -0.000925592 -0.711065 22.958 
-0.709553 0.0727347 -0.700889 75.9224 0.0507083 0.99735 0.0521648 3.47427 0.702826 0.00147282 -0.711361 20.8392 
-0.710594 0.0671679 -0.700389 73.8539 0.0416954 0.997703 0.0533777 3.57986 0.702366 0.00872683 -0.711763 18.7078 
-0.711423 0.0692405 -0.699345 71.7804 0.0435873 0.997566 0.0544267 3.69061 0.701411 0.00823792 -0.71271 16.5904 
-0.711805 0.0691221 -0.698967 69.6806 0.0436658 0.997576 0.0541842 3.81262 0.701018 0.0080476 -0.713098 14.4654 
-0.712104 0.066456 -0.698922 67.5884 0.0413724 0.997752 0.0527173 3.93344 0.700854 0.00862416 -0.713253 12.3328 
-0.712801 0.0671088 -0.698148 65.4718 0.0446701 0.997735 0.0502987 4.05786 0.699942 0.00466664 -0.714184 10.206 
-0.713676 0.0700831 -0.696961 63.3627 0.0460228 0.997524 0.0531797 4.17273 0.698962 0.00587694 -0.715134 8.07266 
-0.714841 0.0680014 -0.695973 61.2769 0.0435495 0.997658 0.052748 4.28538 0.69793 0.00739714 -0.716128 5.9392 
-0.715683 0.0604869 -0.695801 59.2062 0.0369191 0.998126 0.0487944 4.38508 0.697449 0.00923295 -0.716575 3.80804 
-0.716324 0.0569394 -0.695441 56.0919 0.0335512 0.998323 0.0471792 4.55714 0.696961 0.0104627 -0.717032 0.584754 
-0.717422 0.0529266 -0.694626 53.0081 0.0335112 0.998577 0.0414751 4.69504 0.695833 0.00647735 -0.718175 -2.62566 
-0.717686 0.0517929 -0.694438 50.9668 0.0331007 0.99864 0.0402723 4.76447 0.695579 0.00591653 -0.718425 -4.76109 
-0.717691 0.0409344 -0.695158 48.9474 0.0260378 0.99915 0.0319532 4.81611 0.695875 0.00483217 -0.718147 -6.88533 
-0.717434 0.0328232 -0.695853 46.9351 0.016187 0.999405 0.0304526 4.84424 0.696439 0.010584 -0.717538 -9.02105 
-0.718356 0.0332104 -0.694883 44.9024 0.0130546 0.999328 0.0342651 4.90535 0.695553 0.0155431 -0.718306 -11.163 
-0.721408 0.0306521 -0.691832 42.8996 0.0138502 0.999459 0.0298395 4.97114 0.692372 0.0119445 -0.721442 -13.251 
-0.724702 0.034084 -0.688219 40.9293 0.0249939 0.999419 0.0231774 5.00031 0.688609 -0.000404553 -0.725133 -15.2937 
-0.729334 0.0465257 -0.682573 39.0101 0.0369936 0.998907 0.0285597 5.01981 0.683156 -0.00442129 -0.730259 -17.3137 
-0.734565 0.0460465 -0.676974 37.1854 0.0328521 0.998938 0.032299 5.02335 0.677743 0.0014857 -0.735298 -19.3181 
-0.73916 0.0409975 -0.672281 35.4188 0.0315253 0.999158 0.0262699 5.03635 0.672791 -0.00177616 -0.73983 -21.2916 
-0.743061 0.0408265 -0.667977 33.7049 0.0378991 0.999103 0.0189057 5.03507 0.668149 -0.0112676 -0.743942 -23.203 
-0.746213 0.0325488 -0.664911 32.073 0.0269092 0.999462 0.0187263 5.03663 0.665163 -0.00391843 -0.746688 -25.0975 
-0.748179 0.0210305 -0.663163 30.5116 0.0115847 0.999759 0.0186349 5.03058 0.663396 0.00625969 -0.748243 -26.943 
-0.750484 -0.00601418 -0.660862 27.5944 -0.0210064 0.99967 0.0147576 4.98812 0.660555 0.0249576 -0.750363 -30.3827 
-0.721447 -0.0401486 -0.691304 24.4065 -0.072457 0.997214 0.0177015 4.8686 0.688668 0.0628606 -0.722347 -34.1191 
-0.58104 -0.0612361 -0.811568 20.3033 -0.109484 0.993983 0.00338464 4.8217 0.806477 0.0908202 -0.584249 -37.8209 
-0.313265 -0.0301627 -0.949187 16.3966 -0.0876386 0.996149 -0.00273118 4.68482 0.945613 0.0823298 -0.314702 -39.5977 
0.0853845 0.020873 -0.996129 12.6343 -0.0755721 0.997036 0.0144142 4.5725 0.993478 0.0740488 0.0867089 -39.6724 
0.413262 0.0236276 -0.910306 9.7897 -0.0772457 0.99697 -0.00919105 4.55807 0.90733 0.0741155 0.413834 -38.6298 
0.604923 0.038198 -0.795368 8.08843 -0.0742931 0.997199 -0.008613 4.55406 0.792811 0.0643005 0.606066 -37.3899 
0.724448 0.0448762 -0.687867 6.93825 -0.0747341 0.99711 -0.0136573 4.57977 0.685267 0.0613011 0.725708 -36.1987 
0.820378 0.040752 -0.570367 5.94633 -0.0658611 0.997553 -0.0234563 4.5892 0.568016 0.056808 0.821055 -34.7882 
0.911671 0.0329895 -0.409593 4.88555 -0.0488865 0.998401 -0.0283981 4.55825 0.408002 0.0459133 0.911826 -32.5899 
0.950943 0.0263868 -0.30824 4.28511 -0.0394688 0.998562 -0.0362821 4.49291 0.30684 0.0466681 0.950616 -30.7379 
0.972119 0.0189369 -0.233723 3.80557 -0.0305128 0.998475 -0.046012 4.36048 0.232495 0.0518606 0.971214 -28.7509 
0.982489 0.0106749 -0.186015 3.42857 -0.0193694 0.9988 -0.044986 4.20151 0.185311 0.0478013 0.981517 -26.637 
0.986037 0.000528603 -0.166528 3.07053 -0.0069709 0.999249 -0.0381039 4.06798 0.166382 0.0387327 0.9853 -24.4287 
0.986737 0.00259048 -0.162304 2.82413 -0.00836618 0.999355 -0.0349124 3.96905 0.162109 0.0358072 0.986123 -22.9119 
0.987477 -0.00281965 -0.157736 2.47772 -0.00266727 0.999399 -0.034563 3.83642 0.157739 0.0345509 0.986876 -20.5589 
0.988193 -0.00340723 -0.153175 2.11985 -0.00147337 0.999495 -0.0317382 3.70929 0.153205 0.0315891 0.987689 -18.1197 
0.988913 -0.00987085 -0.14817 1.76407 0.00613168 0.999652 -0.0256713 3.59702 0.148371 0.0244782 0.988629 -15.5891 
0.989485 -0.0171895 -0.143607 1.43782 0.0141671 0.999657 -0.0220428 3.44671 0.143937 0.0197766 0.989389 -13.0395 
0.989948 -0.0237589 -0.139422 1.1247 0.0221872 0.999672 -0.0128162 3.31984 0.139681 0.00959396 0.99015 -10.5526 
0.98968 -0.026348 -0.140856 0.808984 0.0252965 0.999637 -0.00925125 3.23192 0.141048 0.00559262 0.989987 -8.14215 
0.989092 -0.0253824 -0.145095 0.572467 0.023488 0.999615 -0.0147554 3.19854 0.145414 0.0111864 0.989308 -6.59143 
0.987865 -0.0182412 -0.154241 0.172462 0.0172727 0.999822 -0.00761724 3.1664 0.154352 0.00486065 0.988004 -4.32852 
0.986127 -0.0131641 -0.165471 -0.233814 0.0126548 0.999911 -0.00413146 3.11987 0.165511 0.00198014 0.986206 -2.1481 
0.98317 -0.00958007 -0.182444 -0.6525 0.0110107 0.999916 0.00682988 3.09423 0.182363 -0.00872375 0.983193 -0.0272375 
0.980117 -0.0106141 -0.198135 -0.957504 0.0115578 0.999927 0.0036069 3.08582 0.198082 -0.00582519 0.980168 1.34924 
0.975552 -0.0145543 -0.219286 -1.30448 0.0137029 0.999892 -0.00540307 3.09801 0.219341 0.00226611 0.975646 2.71178 
0.967298 -0.0146364 -0.253221 -1.89071 0.0152808 0.999883 0.000578022 3.07722 0.253183 -0.00442853 0.967408 4.78315 
0.958163 -0.0140921 -0.285874 -2.54969 0.0132912 0.9999 -0.00474175 3.0713 0.285913 0.000743756 0.958255 6.84153 
0.951924 -0.0189812 -0.305746 -3.00658 0.0157555 0.999791 -0.0130146 3.04573 0.30593 0.00757176 0.952024 8.22265 
