0.000000 0.000000 0.000000 0.000000
-0.083626 7.152770 0.007985 7.164460
-0.167141 14.303500 -0.016244 14.318800
-0.253156 21.464700 -0.067102 21.480100
-0.367798 28.637100 -0.133312 28.655100
-0.509819 35.812600 -0.239902 35.838200
-0.675668 42.995900 -0.380147 43.018300
-0.822002 50.203500 -0.501951 50.223400
-0.933231 57.427800 -0.595513 57.451900
-1.053860 63.447500 -0.683879 63.474200
-1.157680 68.241100 -0.770552 68.269800
-1.292840 74.187500 -0.831070 74.214800
-1.340940 80.068400 -0.841206 80.096300
-1.323870 83.558000 -0.802793 83.588600
-1.216670 89.333400 -0.647129 89.364400
-1.056010 93.947100 -0.456968 93.977300
-0.782045 99.739700 -0.194521 99.763900
-0.448327 106.867000 0.198409 106.891000
-0.253779 114.142000 0.394174 114.165000
-0.256232 121.501000 0.457552 121.521000
-0.353204 128.970000 0.419798 128.996000
-0.443887 136.523000 0.403356 136.548000
-0.531657 142.880000 0.386082 142.908000
-0.634443 150.492000 0.386706 150.527000
-0.740134 158.078000 0.359362 158.109000
-0.867607 165.652000 0.324931 165.685000
-0.995770 171.971000 0.286935 172.007000
-1.140940 178.289000 0.230514 178.324000
-1.311920 185.843000 0.135501 185.876000
-1.482350 193.304000 0.052938 193.340000
-1.593220 200.619000 0.016160 200.657000
-1.649070 206.553000 0.036218 206.588000
-1.705390 213.275000 0.010423 213.312000
-1.796550 219.511000 -0.043592 219.552000
-1.963230 225.093000 -0.153784 225.128000
-2.182840 229.917000 -0.371169 229.954000
-2.364800 234.278000 -0.534376 234.320000
-2.489240 238.508000 -0.630115 238.551000
-2.538350 242.654000 -0.663543 242.698000
-2.545580 246.186000 -0.641850 246.231000
-2.540940 249.857000 -0.633063 249.901000
-2.534410 252.929000 -0.594356 252.976000
-2.476440 257.758000 -0.485285 257.805000
-2.315590 262.779000 -0.273717 262.827000
-2.070930 267.834000 0.012593 267.877000
-1.783340 272.943000 0.347043 272.987000
-1.585580 277.204000 0.576881 277.245000
-1.431890 282.203000 0.752318 282.220000
-1.423420 286.744000 0.825785 286.771000
-1.597160 290.628000 0.707764 290.653000
-2.209540 293.998000 0.108305 294.029000
-3.425570 296.783000 -1.081150 296.822000
-5.270320 298.869000 -2.810190 298.975000
-7.620090 300.062000 -5.188490 300.151000
-10.581300 300.229000 -8.151990 300.302000
-13.310900 299.143000 -10.930900 299.269000
-16.024300 296.918000 -13.576700 297.169000
-18.505300 293.350000 -16.095600 293.604000
-20.129200 289.390000 -17.833000 289.706000
-21.116600 284.630000 -18.901300 284.957000
-21.345600 278.007000 -19.238400 278.352000
-20.776800 270.705000 -18.777800 271.045000
-20.156300 262.848000 -18.254500 263.181000
-19.855300 257.511000 -18.045800 257.833000
-19.613700 249.416000 -17.929600 249.744000
-19.513800 241.222000 -17.989200 241.568000
-19.450100 234.291000 -17.975900 234.643000
-19.309400 225.871000 -17.963600 226.223000
-19.164700 217.328000 -18.002600 217.690000
-18.990400 208.672000 -18.010300 209.035000
-18.809000 199.909000 -17.990600 200.269000
-18.697200 194.056000 -17.987100 194.407000
-18.610400 188.243000 -18.031400 188.597000
-18.533400 181.032000 -18.077800 181.376000
-18.513300 173.930000 -18.172400 174.279000
-18.551700 168.447000 -18.290900 168.798000
-18.662100 160.837000 -18.505600 161.196000
-18.762300 154.117000 -18.695700 154.480000
-18.816400 150.162000 -18.783700 150.524000
-18.862800 145.754000 -18.870700 146.121000
-18.908700 140.993000 -19.004000 141.366000
-18.964300 135.917000 -19.145200 136.299000
-19.008200 131.740000 -19.247600 132.125000
-19.032900 127.564000 -19.327300 127.955000
-19.026100 122.991000 -19.396400 123.379000
-18.940900 117.841000 -19.395300 118.237000
-18.711000 112.070000 -19.256900 112.461000
-18.323800 105.693000 -18.957900 106.083000
-17.897600 98.671800 -18.641700 99.054500
-17.477100 91.090300 -18.305500 91.473700
-17.239800 85.737500 -18.161300 86.116200
-17.009100 78.683800 -18.021300 79.061600
-16.873600 72.808700 -17.973100 73.188900
-16.798500 68.394000 -17.960900 68.774900
-16.723700 62.522500 -17.948700 62.907700
-16.660700 56.651000 -17.954000 57.031900
-16.577800 50.820700 -17.959400 51.195300
-16.505900 46.461100 -17.942100 46.833900
-16.425400 42.137000 -17.943300 42.508600
-16.307600 34.970000 -17.971400 35.345700
-16.229900 29.284700 -17.974900 29.662400
-16.134100 22.248400 -17.954600 22.623300
-16.057300 15.333000 -17.961500 15.697700
-15.999900 11.221500 -17.947100 11.586600
-15.957600 7.122800 -17.998900 7.486930
-15.889600 0.308944 -18.029200 0.668400
-15.791200 -7.966030 -18.021000 -7.605400
-15.690900 -16.359100 -18.050900 -16.006300
-15.643500 -20.584200 -18.047800 -20.233100
-15.573300 -27.688000 -18.046100 -27.336200
-15.476600 -36.244500 -18.018000 -35.890300
-15.392500 -43.322600 -18.003000 -42.972600
-15.297200 -50.346600 -17.991000 -49.991000
-15.237500 -54.547900 -17.988400 -54.191400
-15.142300 -62.951500 -17.970300 -62.599100
-15.074500 -71.323300 -18.020600 -70.973400
-14.998300 -79.593200 -18.005500 -79.218900
-14.891900 -87.726700 -18.030000 -87.341800
-14.824300 -93.076700 -18.031700 -92.692800
-14.776000 -98.363400 -18.040500 -97.978700
-14.734200 -106.186000 -18.084000 -105.809000
-14.721500 -113.877000 -18.193900 -113.496000
-14.712800 -118.924000 -18.252100 -118.544000
-14.698800 -125.082000 -18.311700 -124.707000
-14.712300 -131.009000 -18.383100 -130.632000
-14.752300 -137.654000 -18.466500 -137.263000
-14.808500 -143.452000 -18.594700 -143.056000
-14.688200 -148.225000 -18.552100 -147.830000
-13.833400 -151.950000 -17.738300 -151.565000
-12.093300 -154.666000 -16.054300 -154.315000
-9.567120 -156.278000 -13.529400 -155.920000
-6.734170 -156.651000 -10.687100 -156.314000
-3.838340 -155.808000 -7.744290 -155.506000
-1.268490 -153.640000 -5.158970 -153.391000
0.323482 -150.880000 -3.529800 -150.637000
1.265050 -146.567000 -2.484800 -146.320000
1.468740 -141.387000 -2.191580 -141.154000
1.505410 -135.474000 -2.057480 -135.236000
1.482380 -128.900000 -1.954650 -128.661000
1.418040 -121.734000 -1.875620 -121.494000
1.402660 -115.348000 -1.741620 -115.107000
1.308290 -107.200000 -1.652840 -106.953000
1.142140 -98.529100 -1.595440 -98.272900
0.984734 -89.476100 -1.538910 -89.222800
0.899547 -83.454400 -1.473610 -83.202800
0.813423 -74.432000 -1.367760 -74.184000
0.725241 -66.971300 -1.308630 -66.717100
0.637038 -59.575600 -1.227070 -59.329900
0.456132 -50.778500 -1.206770 -50.532900
0.307032 -43.525600 -1.187000 -43.277700
0.153725 -34.895100 -1.159630 -34.650400
0.072241 -27.777500 -1.101800 -27.525700
0.029259 -19.340600 -0.957573 -19.088600
0.015281 -11.027400 -0.793296 -10.769700
-0.044372 -2.818520 -0.667566 -2.553260
-0.131883 5.344100 -0.583283 5.609680
-0.223104 13.477300 -0.567080 13.740700
-0.295209 21.580200 -0.482533 21.845500
-0.383673 29.623800 -0.421795 29.894800
-0.461529 37.555000 -0.363305 37.823700
-0.555204 45.373200 -0.272030 45.643300
-0.674006 51.810400 -0.277824 52.087800
-0.826899 58.170900 -0.271220 58.451400
-0.996173 64.458400 -0.307700 64.736800
-1.148270 69.433100 -0.334359 69.711200
-1.337080 76.722800 -0.399990 77.010400
-1.402950 81.267700 -0.393814 81.557200
-1.394090 86.751100 -0.352067 87.040700
-1.363830 92.149600 -0.258865 92.432600
-1.346360 97.452100 -0.137299 97.739300
-1.426690 101.710000 -0.122088 102.002000
-1.748770 108.251000 -0.305862 108.557000
-1.958710 115.026000 -0.387428 115.332000
-1.781390 122.056000 -0.016879 122.345000
-1.374920 129.386000 0.494171 129.672000
-0.941991 137.089000 1.046010 137.368000
-0.816625 142.451000 1.263390 142.731000
-0.831134 149.366000 1.358190 149.648000
-0.950588 157.949000 1.350890 158.240000
-1.150960 166.581000 1.302930 166.870000
-1.333190 173.747000 1.236860 174.033000
-1.498240 182.250000 1.227220 182.536000
-1.603070 190.634000 1.254350 190.931000
-1.669870 198.890000 1.316060 199.185000
-1.737780 207.012000 1.340360 207.315000
-1.802730 214.967000 1.353480 215.268000
-1.895170 222.285000 1.373260 222.576000
-2.073780 228.574000 1.220620 228.865000
-2.280070 233.719000 1.055720 234.013000
-2.406340 237.576000 0.964163 237.870000
-2.471120 242.113000 0.963736 242.407000
-2.494730 246.562000 1.029730 246.855000
-2.506490 249.599000 1.067440 249.871000
-2.508540 252.712000 1.142410 252.983000
-2.475780 256.707000 1.229170 256.977000
-2.357180 261.688000 1.430470 261.967000
-2.217030 266.059000 1.618850 266.338000
-2.008140 271.578000 1.874100 271.859000
-1.903310 275.322000 2.027530 275.599000
-1.850170 279.055000 2.150490 279.321000
-1.819190 284.574000 2.311940 284.834000
-1.835810 288.890000 2.355050 289.155000
-1.840210 293.812000 2.398930 294.077000
-1.812040 298.624000 2.470310 298.888000
