0.000000 0.000000 0.000000 0.000000
0.057859 2.161980 0.011732 2.161140
-0.193124 4.418360 -0.286549 4.418380
-0.727014 7.057530 -0.814463 7.056310
-1.461510 10.149000 -1.623370 10.138600
-2.430940 13.603500 -2.669350 13.566200
-3.703620 17.441500 -4.011410 17.388400
-5.002320 20.924300 -5.300140 20.870200
-6.893670 25.384900 -7.263090 25.323200
-8.362270 28.469100 -8.761310 28.395500
-9.580700 30.864200 -9.951620 30.805200
-10.895000 33.317000 -11.265200 33.256100
-12.792500 36.722000 -13.185000 36.639400
-14.289500 39.427100 -14.696000 39.336500
-16.945200 44.035100 -17.348000 43.937000
-20.433800 49.433400 -20.860000 49.312700
-23.560100 53.734200 -23.959100 53.635200
-26.148300 57.170300 -26.572600 57.049200
-28.845000 60.531100 -29.249400 60.431300
-31.678300 63.840500 -32.094700 63.723600
-34.673700 67.094500 -35.093000 66.959100
-38.692500 71.052600 -39.190500 70.848200
-42.047100 74.184600 -42.525000 73.986700
-46.432300 78.051300 -46.893000 77.867700
-50.076000 81.129200 -50.581600 80.881000
-55.841600 85.577300 -56.308600 85.373000
-62.021900 89.683800 -62.464300 89.511600
-68.606500 93.408300 -69.006300 93.305600
-74.262500 96.288100 -74.630200 96.226300
-77.676100 97.939700 -78.040100 97.879900
-81.063100 99.532900 -81.418600 99.490000
-86.546800 102.033000 -86.852900 102.095000
-92.850300 104.784000 -93.114800 104.870000
-97.868400 107.211000 -98.083000 107.392000
-102.636000 109.900000 -102.856000 110.048000
-107.976000 113.472000 -108.237000 113.549000
-112.022000 116.590000 -112.267000 116.662000
-116.434000 120.414000 -116.579000 120.586000
-119.702000 123.578000 -119.714000 123.836000
-123.091000 127.450000 -122.976000 127.800000
-126.901000 132.986000 -126.709000 133.365000
-129.390000 137.439000 -129.176000 137.806000
-132.254000 143.168000 -131.914000 143.584000
-134.589000 148.626000 -134.345000 148.755000
-136.447000 154.717000 -136.058000 154.635000
-137.536000 161.425000 -136.959000 161.329000
-137.798000 168.692000 -137.284000 168.574000
-137.176000 176.307000 -136.838000 175.993000
-135.639000 184.219000 -135.373000 183.859000
-133.204000 192.272000 -133.109000 191.921000
-129.756000 200.306000 -129.906000 199.985000
-124.994000 207.898000 -125.057000 207.470000
-119.004000 214.748000 -119.169000 214.402000
-112.140000 220.829000 -112.261000 220.457000
-104.830000 225.798000 -104.904000 225.326000
-97.287500 229.454000 -97.301700 228.861000
-89.807100 231.913000 -89.821800 231.319000
-82.509700 233.373000 -82.527300 232.767000
-76.597100 233.929000 -76.641100 233.334000
-69.951200 234.094000 -70.005400 233.538000
-63.631300 234.073000 -63.689900 233.490000
-58.589600 234.109000 -58.655400 233.555000
-54.631300 234.221000 -54.701300 233.659000
-48.790000 234.601000 -48.869000 234.020000
-43.056600 235.221000 -43.145100 234.648000
-37.436500 236.072000 -37.541300 235.573000
-31.872100 237.159000 -31.976600 236.639000
-26.164200 238.361000 -26.264900 237.803000
-21.362900 239.490000 -21.490400 238.940000
-15.716500 241.163000 -15.853600 240.595000
-10.202200 243.217000 -10.339300 242.628000
-4.863900 245.543000 -5.026910 244.997000
0.218328 248.106000 0.042995 247.577000
5.069510 250.915000 4.933680 250.310000
9.801620 254.032000 9.716630 253.346000
12.953300 256.177000 12.872800 255.470000
17.751000 259.400000 17.649500 258.725000
20.188900 261.030000 20.056400 260.399000
24.284100 263.758000 24.123800 263.153000
28.337400 266.511000 28.105000 265.977000
32.286100 269.361000 32.018900 268.884000
35.374300 271.763000 35.057700 271.345000
38.360700 274.326000 37.984300 273.957000
42.011000 277.814000 41.620300 277.451000
44.830500 280.834000 44.394700 280.511000
46.857000 283.240000 46.386100 282.945000
49.431800 286.627000 48.899300 286.378000
51.294100 289.274000 50.733800 289.043000
53.101300 292.012000 52.507000 291.794000
54.875200 294.810000 54.264500 294.601000
58.445500 300.513000 57.834300 300.306000
61.454600 305.353000 60.870700 305.122000
64.305600 310.296000 63.743900 310.041000
66.806800 315.364000 66.239000 315.108000
68.519000 319.497000 67.882500 319.259000
70.818400 325.743000 70.140700 325.519000
71.897400 328.869000 71.178500 328.656000
73.846800 335.152000 73.018000 334.959000
75.646600 341.266000 74.789100 341.075000
76.614300 344.109000 75.754100 343.917000
77.588000 346.811000 76.700900 346.627000
78.516900 349.490000 77.649400 349.296000
79.981600 354.876000 79.104400 354.672000
80.487300 358.514000 79.583400 358.317000
80.554000 362.182000 79.642600 361.975000
80.325300 364.950000 79.423600 364.744000
79.552900 370.624000 78.695800 370.421000
78.847700 376.617000 78.033800 376.412000
78.236900 381.936000 77.440100 381.728000
77.453700 388.562000 76.712700 388.364000
76.381300 395.209000 75.709500 395.021000
75.453100 399.564000 74.773700 399.370000
74.425000 403.843000 73.783100 403.656000
73.595400 407.019000 72.932300 406.828000
72.077000 412.325000 71.399200 412.129000
71.142300 415.518000 70.483700 415.328000
69.879200 419.804000 69.265700 419.619000
68.567500 424.099000 67.913000 423.902000
67.260800 428.364000 66.601400 428.164000
66.313200 431.553000 65.659500 431.351000
64.501700 437.857000 63.781300 437.643000
62.789500 444.006000 62.056700 443.782000
61.133500 449.961000 60.368300 449.721000
59.499500 455.718000 58.723500 455.469000
58.411200 459.454000 57.665900 459.209000
57.054700 464.035000 56.293800 463.782000
55.706400 468.490000 54.964500 468.233000
54.439800 472.730000 53.644300 472.445000
53.029900 477.435000 52.180600 477.120000
51.761200 482.029000 50.955100 481.721000
50.923700 486.686000 50.190000 486.379000
50.837600 491.404000 50.082400 491.091000
51.507400 496.154000 50.741100 495.829000
52.837100 500.930000 52.150800 500.579000
54.754700 505.671000 54.122200 505.311000
56.330800 508.746000 55.647500 508.407000
59.236400 513.136000 58.528200 512.812000
62.774100 516.948000 62.051800 516.637000
66.081300 519.763000 65.333300 519.483000
68.226700 521.333000 67.453200 521.051000
71.269900 523.209000 70.565400 522.820000
76.272100 525.494000 75.555300 525.140000
81.759900 527.052000 81.071100 526.629000
87.635600 527.728000 86.943000 527.349000
92.742400 527.632000 92.056700 527.207000
98.975900 526.669000 98.288900 526.236000
103.153000 525.555000 102.475000 525.164000
109.362000 523.203000 108.675000 522.748000
112.433000 521.780000 111.754000 521.334000
118.673000 518.753000 117.995000 518.287000
122.982000 516.641000 122.285000 516.199000
128.358000 513.969000 127.640000 513.537000
131.674000 512.304000 130.967000 511.884000
136.165000 510.030000 135.454000 509.588000
139.600000 508.311000 138.898000 507.874000
143.110000 506.549000 142.399000 506.091000
149.083000 503.550000 148.388000 503.108000
153.967000 501.082000 153.273000 500.622000
157.696000 499.214000 157.015000 498.762000
162.709000 496.697000 162.031000 496.215000
166.472000 494.777000 165.804000 494.302000
170.241000 492.866000 169.569000 492.367000
174.002000 490.949000 173.331000 490.438000
179.042000 488.441000 178.367000 487.902000
182.791000 486.582000 182.116000 486.020000
190.260000 482.920000 189.606000 482.359000
195.180000 480.470000 194.536000 479.899000
202.394000 476.753000 201.757000 476.179000
207.055000 474.263000 206.423000 473.683000
210.388000 472.443000 209.755000 471.845000
216.564000 469.050000 215.944000 468.448000
220.383000 467.052000 219.792000 466.475000
224.157000 465.368000 223.568000 464.769000
228.916000 463.705000 228.335000 463.132000
233.802000 462.551000 233.238000 462.047000
239.802000 461.909000 239.225000 461.316000
246.015000 462.301000 245.435000 461.592000
252.218000 463.815000 251.631000 463.131000
258.284000 466.431000 257.691000 465.772000
264.039000 470.009000 263.458000 469.374000
269.445000 474.302000 268.863000 473.692000
274.679000 479.000000 274.062000 478.432000
277.233000 481.387000 276.621000 480.822000
281.391000 485.347000 280.829000 484.745000
286.166000 489.760000 285.644000 489.139000
290.000000 492.874000 289.470000 492.250000
294.346000 495.795000 293.830000 495.165000
298.556000 497.840000 297.997000 497.242000
301.409000 498.553000 300.859000 497.992000
304.383000 498.847000 303.812000 498.320000
308.665000 498.230000 308.100000 497.754000
312.860000 496.906000 312.346000 496.639000
316.959000 495.064000 316.454000 494.860000
320.615000 492.438000 320.196000 492.455000
322.621000 490.286000 322.226000 490.320000
325.083000 486.074000 324.741000 486.132000
326.541000 482.161000 326.315000 482.263000
327.200000 477.981000 327.073000 478.133000
326.987000 473.575000 326.884000 473.733000
326.102000 468.984000 326.046000 469.130000
324.771000 464.117000 324.794000 464.245000
323.241000 458.937000 323.322000 459.058000
321.582000 453.439000 321.736000 453.538000
319.803000 447.709000 320.061000 447.775000
317.934000 441.902000 318.303000 441.931000
316.159000 436.053000 316.504000 436.086000
314.634000 430.139000 314.998000 430.171000
313.546000 424.189000 313.865000 424.243000
312.967000 418.184000 313.327000 418.236000
312.851000 414.174000 313.251000 414.225000
312.900000 411.160000 313.346000 411.213000
313.204000 406.159000 313.662000 406.221000
313.924000 400.189000 314.468000 400.262000
314.764000 395.313000 315.317000 395.398000
315.564000 391.486000 316.096000 391.567000
316.211000 388.683000 316.784000 388.771000
316.876000 385.970000 317.439000 386.064000
317.816000 382.613000 318.378000 382.709000
319.150000 378.297000 319.838000 378.473000
320.203000 374.324000 320.970000 374.571000
320.698000 370.459000 321.520000 370.709000
320.193000 366.666000 321.185000 366.941000
318.655000 363.038000 319.726000 363.245000
316.188000 359.728000 317.377000 359.894000
312.996000 356.444000 314.235000 356.569000
309.268000 352.955000 310.559000 353.037000
305.221000 349.037000 306.612000 349.017000
300.947000 344.800000 302.364000 344.765000
296.586000 340.300000 298.038000 340.262000
292.306000 335.579000 293.864000 335.480000
288.992000 331.405000 290.584000 331.295000
287.171000 328.759000 288.767000 328.647000
285.462000 326.046000 287.126000 325.892000
283.306000 322.296000 284.974000 322.148000
281.254000 318.389000 282.976000 318.213000
279.274000 314.371000 281.055000 314.168000
277.775000 311.309000 279.620000 311.078000
275.761000 307.144000 277.620000 306.909000
273.733000 302.874000 275.644000 302.615000
272.150000 299.627000 274.113000 299.345000
270.024000 295.206000 272.076000 294.886000
266.612000 288.477000 268.747000 288.118000
264.078000 284.026000 266.285000 283.625000
262.085000 280.682000 264.304000 280.276000
260.008000 277.379000 262.270000 276.946000
257.922000 274.068000 260.211000 273.621000
255.789000 270.720000 258.137000 270.237000
253.623000 267.368000 256.010000 266.861000
251.438000 263.958000 253.895000 263.406000
248.445000 259.400000 251.005000 258.776000
246.199000 255.959000 248.810000 255.304000
242.433000 250.163000 245.126000 249.461000
237.762000 243.083000 240.603000 242.292000
233.763000 237.091000 236.752000 236.200000
228.838000 229.808000 232.079000 228.765000
226.343000 226.169000 229.686000 225.059000
223.819000 222.534000 227.269000 221.351000
221.286000 218.901000 224.819000 217.663000
217.915000 214.053000 221.601000 212.719000
213.762000 207.998000 217.611000 206.553000
209.697000 201.903000 213.658000 200.395000
207.297000 198.219000 211.307000 196.682000
204.178000 193.291000 208.276000 191.696000
201.928000 189.548000 206.080000 187.921000
199.740000 185.759000 203.994000 184.078000
197.634000 181.951000 202.001000 180.210000
194.893000 176.845000 199.351000 175.036000
192.911000 172.993000 197.434000 171.154000
190.982000 169.115000 195.558000 167.249000
189.079000 165.229000 193.683000 163.352000
187.197000 161.312000 191.870000 159.402000
185.338000 157.367000 190.087000 155.423000
183.475000 153.423000 188.281000 151.455000
181.008000 148.161000 185.862000 146.177000
177.997000 141.581000 182.907000 139.576000
174.975000 134.968000 179.997000 132.902000
173.137000 131.052000 178.208000 128.963000
171.222000 127.194000 176.348000 125.079000
169.204000 123.404000 174.376000 121.267000
167.059000 119.698000 172.272000 117.537000
164.779000 116.076000 170.033000 113.890000
162.369000 112.525000 167.633000 110.332000
159.843000 109.067000 165.133000 106.856000
156.365000 104.583000 161.699000 102.343000
151.852000 99.075400 157.248000 96.781400
146.211000 92.590000 151.721000 90.198700
142.303000 88.395800 147.898000 85.946600
139.314000 85.274300 144.936000 82.804000
135.310000 81.084900 140.964000 78.594900
131.294000 76.854800 136.974000 74.350000
127.250000 72.625700 133.012000 70.056900
124.209000 69.450500 130.006000 66.856000
120.130000 65.208400 126.020000 62.544100
114.964000 59.930700 120.946000 57.182400
111.799000 56.762700 117.834000 53.965700
106.495000 51.468900 112.615000 48.613200
103.294000 48.293000 109.456000 45.402700
98.007500 43.026800 104.269000 40.053500
94.811100 39.863800 101.135000 36.829500
91.616800 36.688200 97.970400 33.622300
87.415800 32.459000 93.817100 29.344700
83.213500 28.242000 89.686700 25.046000
79.038200 24.014000 85.562600 20.780100
75.922400 20.839200 82.496600 17.557300
70.722500 15.533300 77.388000 12.175600
66.523700 11.266600 73.252400 7.842410
63.362700 8.072660 70.178400 4.562480
60.240600 4.874800 67.090200 1.331670
57.127500 1.655680 64.025600 -1.929240
50.966800 -4.761090 57.947100 -8.384740
44.902400 -11.163000 51.939900 -14.878600
39.958600 -16.307200 47.057700 -20.099400
37.185400 -19.318100 44.356300 -23.173500
33.704900 -23.203000 40.963900 -27.138400
29.742900 -27.840100 37.118500 -31.842100
25.635900 -32.730100 32.994100 -36.672100
22.040000 -36.469200 29.482800 -40.468500
17.516000 -39.260600 24.954800 -43.272100
13.657400 -39.805600 21.098400 -43.906800
10.240000 -38.863100 17.648500 -43.060000
7.694450 -37.013900 15.079200 -41.243300
5.653600 -34.272100 13.022400 -38.521700
4.285110 -30.737900 11.571300 -35.019200
3.428570 -26.637000 10.570700 -30.946800
2.703840 -22.138800 9.750840 -26.468600
2.001010 -17.283900 8.907480 -21.630700
1.332990 -12.205200 7.949840 -16.600100
0.697670 -7.359810 7.185050 -11.763100
-0.093834 -2.862000 6.345330 -7.255770
-0.957504 1.349240 5.481680 -3.027310
-1.492520 3.399380 4.980510 -0.969964
-2.326850 6.156890 4.195960 1.800810
