1 1.19763e-11 1.70464e-10 5.55111e-17 1.19763e-11 1 3.5625e-10 0 1.70464e-10 3.5625e-10 1 2.22045e-16 
0.999775 -0.00946307 0.0189937 0.0651508 0.00949635 0.999954 -0.00166256 -0.0247415 -0.018977 0.00184255 0.999818 1.18521 
0.999789 -0.0134262 -0.0155588 0.057859 0.0133453 0.999897 -0.00528982 -0.0433315 0.0156282 0.00508107 0.999865 2.16198 
0.99852 -0.00519683 -0.0541452 0.00341514 0.004866 0.999969 -0.00623997 -0.0630497 0.0541759 0.00596726 0.998514 2.87551 
0.997237 -0.00450796 -0.0741536 -0.030863 0.00401261 0.999969 -0.0068277 -0.0708538 0.0741821 0.00651129 0.997224 3.24715 
0.993338 -0.00732914 -0.115005 -0.12313 0.00675202 0.999963 -0.00540698 -0.085179 0.115041 0.00459444 0.99335 4.0219 
0.988853 -0.00473132 -0.148821 -0.271424 0.00421114 0.999984 -0.00381028 -0.104355 0.148837 0.0031411 0.988857 4.82831 
0.984582 -0.00488431 -0.174855 -0.441034 0.00414308 0.999981 -0.00460392 -0.123056 0.174874 0.00380849 0.984583 5.68309 
0.981204 -0.00817602 -0.192802 -0.622388 0.00656866 0.999938 -0.00897463 -0.139892 0.192863 0.00753949 0.981197 6.58694 
0.978032 -0.00786601 -0.208306 -0.834805 0.00520747 0.999898 -0.013308 -0.160426 0.20839 0.0119309 0.977973 7.54838 
0.974445 -0.0179421 -0.22391 -1.05287 0.014605 0.999756 -0.0165511 -0.187051 0.224152 0.0128579 0.974469 8.55498 
0.970381 -0.0147765 -0.241127 -1.31795 0.00962766 0.9997 -0.0225173 -0.21944 0.241388 0.0195289 0.970232 9.60761 
0.968217 -0.0117573 -0.249833 -1.46151 0.00541003 0.999645 -0.0260775 -0.243439 0.250051 0.0238971 0.967938 10.149 
0.965998 -0.013826 -0.258178 -1.60092 0.00693571 0.999595 -0.0275799 -0.273656 0.258454 0.0248515 0.965704 10.6997 
0.961395 -0.0166012 -0.274673 -1.9029 0.00799167 0.999442 -0.0324343 -0.327927 0.275058 0.028987 0.960991 11.8293 
0.954999 -0.017963 -0.296066 -2.43094 0.00386345 0.998833 -0.0481395 -0.414923 0.296585 0.0448293 0.953954 13.6035 
0.95371 -0.0184829 -0.300158 -2.62093 0.00161928 0.998411 -0.0563342 -0.442032 0.300723 0.0532405 0.952225 14.2169 
0.952471 -0.018583 -0.304062 -2.81937 -0.00121639 0.997898 -0.0647976 -0.478137 0.304627 0.0620877 0.950446 14.8415 
0.951174 -0.0179842 -0.308132 -3.02473 -0.00504506 0.997262 -0.0737789 -0.519018 0.308615 0.071731 0.948478 15.4771 
0.949837 -0.0176562 -0.312246 -3.23733 -0.00804806 0.996695 -0.0808407 -0.570138 0.312642 0.0792985 0.946555 16.1246 
0.948193 -0.0153812 -0.317321 -3.47158 -0.0130072 0.99611 -0.0871505 -0.630815 0.317428 0.086763 0.944305 16.7949 
0.946582 -0.0144355 -0.322139 -3.70362 -0.0164963 0.995522 -0.0930837 -0.696851 0.32204 0.0934254 0.942105 17.4415 
0.944906 -0.012224 -0.327113 -3.95102 -0.0211499 0.994935 -0.098274 -0.769005 0.326657 0.0997781 0.939861 18.1139 
0.943182 -0.00961 -0.332138 -4.20623 -0.0256314 0.994499 -0.101561 -0.844372 0.331287 0.104303 0.937747 18.801 
0.941412 -0.0080758 -0.33716 -4.46663 -0.0282631 0.994308 -0.102732 -0.923399 0.336071 0.106242 0.935825 19.4975 
0.939191 -0.00794591 -0.343303 -4.73067 -0.0288686 0.994366 -0.101992 -1.00732 0.342179 0.105701 0.933671 20.2076 
0.936868 -0.0075193 -0.349602 -5.00232 -0.0294695 0.994514 -0.100363 -1.09105 0.348439 0.10433 0.931507 20.9243 
0.931099 -0.00694884 -0.364699 -5.57559 -0.0300374 0.994962 -0.0956449 -1.26005 0.363527 0.10001 0.9262 22.3896 
0.927739 -0.00507723 -0.373195 -5.89573 -0.0307004 0.995481 -0.0898626 -1.35312 0.371964 0.0948263 0.923391 23.1412 
0.920624 0.00224746 -0.390443 -6.55319 -0.0364877 0.996103 -0.0803005 -1.52649 0.388741 0.0881729 0.917118 24.6298 
0.908864 0.00326854 -0.417081 -7.60633 -0.0387532 0.996305 -0.0766397 -1.76197 0.415289 0.0858182 0.905632 26.9144 
0.897202 0.00400336 -0.441603 -8.75708 -0.0382014 0.996914 -0.068576 -1.99023 0.439966 0.0783964 0.894586 29.2614 
0.889627 0.00652417 -0.456641 -9.5807 -0.0373265 0.997591 -0.0584665 -2.13002 0.45516 0.0690582 0.887728 30.8642 
0.882564 0.00476447 -0.470168 -10.4443 -0.034988 0.997842 -0.0555652 -2.25826 0.468888 0.06549 0.880826 32.4921 
0.876405 0.0044446 -0.481554 -11.3541 -0.0336562 0.998078 -0.0520406 -2.38108 0.480397 0.0618159 0.87487 34.1521 
0.871601 0.00216716 -0.490212 -12.3023 -0.0319671 0.998113 -0.0524253 -2.50533 0.489173 0.0613646 0.870025 35.8444 
0.869749 0.00252515 -0.493488 -13.2883 -0.0322997 0.998134 -0.0518192 -2.63809 0.492437 0.0610092 0.868207 37.6162 
0.869414 0.00187386 -0.49408 -14.2895 -0.0303751 0.998304 -0.0496637 -2.77514 0.493149 0.058186 0.867997 39.4271 
0.867693 -0.00258007 -0.497094 -15.3346 -0.0261242 0.998368 -0.0507824 -2.90914 0.496414 0.0570497 0.866209 41.2652 
0.864027 -0.00213553 -0.503441 -16.4055 -0.0236476 0.998715 -0.0448213 -3.04362 0.50289 0.050632 0.862866 43.1146 
0.857317 -0.00232274 -0.514784 -17.4925 -0.020298 0.99906 -0.038312 -3.17307 0.514389 0.0432946 0.856464 44.9497 
0.845979 -0.00982191 -0.533125 -18.6194 -0.0161719 0.998898 -0.0440651 -3.29854 0.53297 0.0458998 0.844888 46.7661 
0.83395 -0.00690796 -0.551798 -19.8228 -0.0172763 0.999105 -0.038618 -3.41024 0.55157 0.0417385 0.833083 48.5507 
0.828712 -0.00160584 -0.559674 -20.4338 -0.0205063 0.999237 -0.0332308 -3.46527 0.5593 0.0390155 0.828047 49.4334 
0.824474 -0.00142081 -0.565898 -21.057 -0.021837 0.999172 -0.0343237 -3.51714 0.565478 0.0406565 0.823761 50.2968 
0.817964 -0.00641238 -0.575233 -22.2986 -0.0249715 0.998599 -0.0466406 -3.63503 0.574727 0.0525148 0.816659 52.0118 
0.811107 -0.00617406 -0.584865 -23.5601 -0.0243609 0.99872 -0.0443273 -3.76156 0.58439 0.050202 0.809919 53.7342 
0.807862 -0.00279969 -0.589364 -24.2013 -0.0243917 0.998973 -0.03818 -3.82252 0.588866 0.0452197 0.806965 54.5969 
0.804763 -0.00107241 -0.593595 -24.8457 -0.0245564 0.999082 -0.0350972 -3.8757 0.593088 0.0428215 0.803998 55.4567 
0.80164 -0.000716807 -0.597807 -25.4948 -0.0255765 0.999043 -0.0354952 -3.92143 0.59726 0.0437442 0.800854 56.3134 
0.798095 -0.00190662 -0.602529 -26.1483 -0.0256941 0.998978 -0.0371949 -3.97158 0.601984 0.0451665 0.79723 57.1703 
0.794043 -0.00449012 -0.607845 -26.809 -0.0246916 0.998909 -0.0396343 -4.0193 0.607359 0.04648 0.793066 58.0151 
0.789638 -0.00588399 -0.613545 -27.4825 -0.0238154 0.998907 -0.0402303 -4.07062 0.613111 0.0463792 0.788634 58.8646 
0.785123 -0.00569829 -0.619313 -28.1597 -0.0235569 0.998959 -0.0390552 -4.12609 0.618891 0.0452522 0.784172 59.6958 
0.780153 -0.00523078 -0.625567 -28.845 -0.0239325 0.998984 -0.0381997 -4.18729 0.625131 0.0447729 0.779235 60.5311 
0.774757 -0.0065275 -0.632225 -29.5412 -0.0236716 0.998946 -0.039322 -4.24826 0.631815 0.0454308 0.773787 61.3609 
0.769223 -0.00810874 -0.63893 -30.245 -0.0229943 0.99892 -0.0403608 -4.30839 0.638567 0.0457382 0.768206 62.1921 
0.763546 -0.00912752 -0.645688 -30.9578 -0.0227302 0.998901 -0.0409997 -4.36913 0.645353 0.0459818 0.762499 63.0178 
0.757811 -0.0105098 -0.65239 -31.6783 -0.0222484 0.998873 -0.0419351 -4.43169 0.652095 0.0462935 0.756722 63.8405 
0.751598 -0.0125318 -0.659502 -32.4174 -0.0214244 0.998828 -0.0433958 -4.49539 0.659273 0.0467456 0.750449 64.6696 
0.739035 -0.0135369 -0.673531 -33.9024 -0.0196637 0.998939 -0.0416532 -4.62179 0.67338 0.0440272 0.737985 66.2939 
0.726076 -0.015436 -0.687442 -35.4526 -0.017872 0.998987 -0.0413079 -4.75947 0.687383 0.0422787 0.725064 67.891 
0.713385 -0.0164426 -0.70058 -37.0546 -0.019198 0.998891 -0.0429928 -4.90623 0.700509 0.0441201 0.712278 69.473 
0.702843 -0.0150363 -0.711187 -38.6925 -0.0208797 0.99891 -0.0417542 -5.05786 0.711039 0.044196 0.701762 71.0526 
0.692649 -0.0178025 -0.721055 -40.3516 -0.0214703 0.998743 -0.045283 -5.21417 0.720955 0.0468465 0.691396 72.6231 
0.682418 -0.0211437 -0.730657 -42.0471 -0.021541 0.998566 -0.0490152 -5.3695 0.730645 0.0491879 0.680983 74.1846 
0.672242 -0.0200462 -0.740061 -43.7838 -0.0209892 0.998715 -0.0461182 -5.52705 0.740034 0.0465358 0.670957 75.7356 
0.662209 -0.0221648 -0.748991 -45.5383 -0.0191289 0.998737 -0.046468 -5.67712 0.749075 0.0450989 0.660949 77.2778 
0.657692 -0.0232386 -0.752929 -46.4323 -0.0180077 0.998753 -0.0465557 -5.7518 0.753072 0.0441778 0.656453 78.0513 
0.649816 -0.0259303 -0.759649 -48.239 -0.0145525 0.99881 -0.0465424 -5.89842 0.759953 0.0412988 0.648665 79.5962 
0.645509 -0.0306692 -0.763137 -49.1522 -0.0111693 0.998707 -0.0495841 -5.97852 0.763671 0.0405306 0.644332 80.3613 
0.640457 -0.0354895 -0.767173 -50.076 -0.00685873 0.998628 -0.0519224 -6.06436 0.767963 0.0385159 0.639335 81.1292 
0.633965 -0.0393573 -0.77236 -51.0016 -0.00163804 0.998634 -0.0522321 -6.1534 0.77336 0.0343785 0.633034 81.8906 
0.616297 -0.0442673 -0.786269 -52.8957 0.00631046 0.998664 -0.051279 -6.32682 0.787489 0.0266414 0.615753 83.3966 
0.598199 -0.0420398 -0.800244 -54.8487 0.00632043 0.998839 -0.0477481 -6.49594 0.801323 0.023505 0.59777 84.8619 
0.578477 -0.0457728 -0.814413 -56.8446 0.0061903 0.998642 -0.0517301 -6.66071 0.815675 0.0248832 0.577975 86.2849 
0.558199 -0.0482677 -0.828302 -58.8809 0.00899574 0.9986 -0.0521292 -6.83733 0.829659 0.0216472 0.557851 87.6763 
0.537129 -0.0484212 -0.842109 -60.9641 0.0107306 0.998662 -0.0505786 -7.01508 0.843432 0.0181309 0.536931 89.0272 
0.516492 -0.0504485 -0.854805 -63.0954 0.00898705 0.998527 -0.0535005 -7.1928 0.856245 0.0199504 0.516185 90.3289 
0.496655 -0.0510568 -0.866445 -65.2682 0.00678652 0.998466 -0.0549462 -7.37481 0.867922 0.0214091 0.496239 91.5851 
0.479607 -0.0470054 -0.876224 -67.4867 0.00614955 0.99872 -0.0502108 -7.55519 0.877462 0.0186931 0.479282 92.8094 
0.457092 -0.0538699 -0.887787 -70.8583 0.0109974 0.99843 -0.0549214 -7.82005 0.889352 0.0153408 0.456967 94.5834 
0.445296 -0.06019 -0.893358 -73.1306 0.0138246 0.998081 -0.0603549 -8.01191 0.895277 0.0145255 0.445274 95.7283 
0.436156 -0.0585899 -0.897962 -75.4027 0.0178072 0.998245 -0.0564839 -8.20952 0.899695 0.00864566 0.436434 96.8445 
0.425912 -0.0562438 -0.903015 -78.8072 0.0244544 0.998417 -0.0506519 -8.48698 0.904434 -0.000509444 0.426613 98.4755 
0.420922 -0.054206 -0.905476 -81.0631 0.0277344 0.998515 -0.0468831 -8.66199 0.906673 -0.00537875 0.4218 99.5329 
0.413407 -0.0547541 -0.908899 -84.3708 0.0357078 0.998397 -0.0439042 -8.91461 0.909846 -0.0143045 0.414699 101.063 
0.40792 -0.0562215 -0.911285 -87.6204 0.0410825 0.998222 -0.0431952 -9.14951 0.912093 -0.0198177 0.409504 102.509 
0.409655 -0.0577658 -0.91041 -90.7863 0.0379973 0.998207 -0.046239 -9.38358 0.911449 -0.0156511 0.411116 103.874 
0.419059 -0.0580605 -0.906101 -92.8503 0.0339684 0.998257 -0.0482558 -9.54042 0.907324 -0.0105568 0.4203 104.784 
0.431814 -0.0570946 -0.900154 -94.8824 0.0322541 0.998334 -0.0478493 -9.68029 0.901386 -0.00837171 0.432935 105.733 
0.448845 -0.0551755 -0.891904 -96.8816 0.0302683 0.998458 -0.0465349 -9.81891 0.893097 -0.0061094 0.449823 106.71 
0.468177 -0.0551241 -0.881914 -98.8429 0.0285159 0.998475 -0.0472717 -9.95809 0.883174 -0.00301704 0.469035 107.719 
0.490094 -0.0574627 -0.869774 -100.755 0.0249701 0.998341 -0.0518867 -10.0936 0.871312 0.00371105 0.490715 108.779 
0.51521 -0.0531555 -0.855414 -102.636 0.0212831 0.998561 -0.049232 -10.2166 0.8568 0.007159 0.515599 109.9 
0.539687 -0.0504039 -0.840355 -104.475 0.020775 0.998699 -0.0465593 -10.3255 0.841609 0.00766912 0.540033 111.065 
0.562429 -0.0517523 -0.825224 -106.259 0.021376 0.998616 -0.0480574 -10.4273 0.826569 0.0093889 0.562757 112.256 
0.584307 -0.0536682 -0.809756 -107.976 0.0241716 0.998519 -0.048737 -10.5389 0.811172 0.00890429 0.584739 113.472 
0.595181 -0.051216 -0.801958 -108.816 0.0230414 0.998644 -0.0466768 -10.5997 0.803261 0.00930296 0.595554 114.087 
0.615348 -0.0466776 -0.786873 -110.448 0.0219338 0.998873 -0.0421009 -10.7145 0.787951 0.00864758 0.615678 115.333 
0.635275 -0.0458613 -0.770923 -112.022 0.0183267 0.998849 -0.0443183 -10.8275 0.772069 0.0140258 0.635384 116.59 
0.653929 -0.043555 -0.755301 -113.542 0.0179591 0.998954 -0.0420567 -10.9407 0.756342 0.0139376 0.654027 117.859 
0.671133 -0.0409619 -0.740205 -115.015 0.0183221 0.999084 -0.0386755 -11.0507 0.741111 0.0123943 0.671269 119.133 
0.68663 -0.0393402 -0.725942 -116.434 0.016544 0.999122 -0.0384962 -11.1556 0.726819 0.0144227 0.686678 120.414 
0.701959 -0.0341544 -0.711398 -117.79 0.014903 0.999335 -0.0332731 -11.2426 0.712061 0.0127543 0.702001 121.689 
0.717465 -0.0317896 -0.695869 -119.079 0.0132068 0.999399 -0.0320393 -11.3261 0.69647 0.0137969 0.717454 122.948 
0.734817 -0.0258078 -0.677774 -120.305 0.0094602 0.999569 -0.0278045 -11.4058 0.678199 0.0140194 0.734744 124.211 
0.764701 -0.0196025 -0.644088 -122.023 0.00465687 0.999679 -0.0248959 -11.5109 0.644369 0.0160385 0.764547 126.144 
0.794839 -0.0183472 -0.606542 -123.611 0.00402513 0.99968 -0.0249645 -11.6082 0.606807 0.0174014 0.794659 128.115 
0.824062 -0.0138147 -0.566331 -125.088 0.00489359 0.999839 -0.0172688 -11.7029 0.566478 0.0114591 0.823997 130.155 
0.853378 -0.0125866 -0.521141 -126.901 0.00657125 0.999889 -0.0133887 -11.838 0.521252 0.00800111 0.853365 132.986 
0.877562 -0.0117784 -0.479319 -128.575 0.00621132 0.999894 -0.0131987 -11.9381 0.479423 0.00860546 0.877541 135.915 
0.891936 -0.00621223 -0.452119 -130.215 0.00412061 0.999976 -0.00561084 -11.9897 0.452143 0.00314151 0.89194 139.017 
0.90857 0.00265766 -0.417724 -132.254 5.30822e-06 0.99998 0.00637366 -12.0193 0.417733 -0.00579313 0.908551 143.168 
0.923746 -0.00241959 -0.382998 -133.832 0.00489341 0.999973 0.005485 -12.025 0.382974 -0.00694091 0.923733 146.748 
0.9395 0.00116569 -0.342548 -134.944 -1.171e-05 0.999994 0.00337087 -12.0506 0.34255 -0.00316292 0.939494 149.597 
0.952744 0.00828709 -0.303663 -135.607 -0.00612592 0.999949 0.00806893 -12.0705 0.303714 -0.0058274 0.952745 151.595 
0.971037 0.0117623 -0.23864 -136.447 -0.00900955 0.99988 0.0126226 -12.0932 0.23876 -0.0101069 0.971026 154.717 
0.980922 0.0157022 -0.193769 -136.902 -0.0119964 0.999722 0.0202836 -12.098 0.194033 -0.0175721 0.980838 156.886 
0.991847 0.0185354 -0.126083 -137.415 -0.0159259 0.999638 0.0216739 -12.0801 0.126439 -0.0194892 0.991783 160.268 
0.996307 0.0169664 -0.0841671 -137.639 -0.015153 0.99964 0.0221385 -12.0515 0.0845125 -0.0207813 0.996206 162.601 
0.998901 0.0178565 -0.0433356 -137.77 -0.0167714 0.99954 0.0252761 -12.0173 0.0437669 -0.0245215 0.998741 165 
0.999587 0.021493 0.0190853 -137.798 -0.0219817 0.999426 0.02578 -11.9724 -0.0185203 -0.0261889 0.999485 168.692 
0.997983 0.0227321 0.0592705 -137.693 -0.0240857 0.999463 0.0222244 -11.9517 -0.0587335 -0.0236072 0.997995 171.19 
0.994869 0.0249369 0.0980525 -137.488 -0.0268326 0.999477 0.0180628 -11.9371 -0.0975508 -0.0206011 0.995017 173.74 
0.990339 0.0262899 0.136155 -137.176 -0.0278592 0.999565 0.00963305 -11.9503 -0.135842 -0.0133332 0.990641 176.307 
0.981281 0.03197 0.18991 -136.522 -0.0313867 0.999489 -0.00607944 -12.0114 -0.190008 4.98218e-06 0.981783 180.228 
0.96951 0.0331708 0.242798 -135.639 -0.0318933 0.999449 -0.00919136 -12.1233 -0.242969 0.00116747 0.970033 184.219 
0.960556 0.0333809 0.276075 -134.921 -0.0291931 0.999388 -0.019266 -12.2152 -0.276549 0.0104466 0.960943 186.888 
0.949969 0.0378993 0.310036 -134.118 -0.0334572 0.999247 -0.0196349 -12.3157 -0.310547 0.00827957 0.950522 189.577 
0.93773 0.0425724 0.344746 -133.204 -0.0355967 0.999014 -0.0265423 -12.4157 -0.345535 0.0126177 0.938321 192.272 
0.924396 0.0441532 0.37887 -132.176 -0.0340295 0.998863 -0.0333789 -12.5392 -0.379913 0.0179626 0.924848 194.968 
0.907064 0.0499974 0.418013 -131.035 -0.0348534 0.998433 -0.04379 -12.6947 -0.419547 0.0251511 0.907385 197.647 
0.869333 0.0618831 0.490337 -129.061 -0.0424778 0.997814 -0.0506192 -12.973 -0.492398 0.0231765 0.870062 201.617 
0.840394 0.0670996 0.537807 -127.547 -0.0435947 0.99746 -0.0563261 -13.1825 -0.540221 0.0238905 0.841184 204.19 
0.809425 0.0703839 0.58299 -125.88 -0.0412718 0.997155 -0.0630838 -13.4134 -0.585771 0.0270005 0.810027 206.684 
0.777712 0.074542 0.624186 -124.069 -0.0376043 0.996683 -0.0721732 -13.6703 -0.627496 0.0326578 0.777935 209.09 
0.746315 0.0763897 0.661195 -122.129 -0.0339956 0.99647 -0.076753 -13.9531 -0.664724 0.0348042 0.746278 211.424 
0.716494 0.0777793 0.693243 -120.073 -0.0296529 0.996262 -0.0811294 -14.2463 -0.696963 0.0375721 0.716123 213.663 
0.687314 0.0810311 0.721827 -117.911 -0.0243741 0.995771 -0.088575 -14.5546 -0.725951 0.0432849 0.686383 215.82 
0.657112 0.0839609 0.749102 -115.657 -0.0218451 0.995481 -0.0924131 -14.8897 -0.753476 0.0443616 0.655977 217.895 
0.623725 0.0860337 0.776895 -113.327 -0.0241943 0.995573 -0.090826 -15.2293 -0.78127 0.037854 0.623045 219.882 
0.588341 0.0884689 0.803759 -110.946 -0.0295791 0.995686 -0.0879427 -15.5659 -0.808072 0.0279659 0.58842 221.745 
0.552815 0.0950467 0.827866 -108.535 -0.0319238 0.99516 -0.0929363 -15.8986 -0.832692 0.0249479 0.553173 223.465 
0.513424 0.0942652 0.852942 -106.071 -0.0329122 0.99538 -0.0901958 -16.2328 -0.857504 0.0182365 0.514155 225.055 
0.471096 0.091264 0.877348 -103.583 -0.0333863 0.995765 -0.0856552 -16.5541 -0.88145 0.0110605 0.472149 226.502 
0.428665 0.0896088 0.899009 -101.071 -0.031666 0.995948 -0.0841723 -16.8614 -0.902909 0.00761373 0.429766 227.793 
0.387206 0.089209 0.917667 -98.5491 -0.0266526 0.995975 -0.0855756 -17.1616 -0.921608 0.00867709 0.388025 228.935 
0.345936 0.0866898 0.934245 -96.0257 -0.0203263 0.996181 -0.0849105 -17.4558 -0.938038 0.0103839 0.346377 229.936 
0.305397 0.0904669 0.947918 -93.5117 -0.0191822 0.995859 -0.0888622 -17.749 -0.952032 0.00895509 0.305868 230.819 
0.266852 0.108134 0.957652 -91.0401 -0.0216851 0.994107 -0.106208 -18.0604 -0.963494 0.00757505 0.267624 231.573 
0.2269 0.112763 0.967368 -88.5775 -0.0268599 0.993621 -0.109523 -18.3936 -0.973548 -0.00113258 0.228481 232.223 
0.187395 0.113145 0.975747 -86.1384 -0.0321106 0.993519 -0.109039 -18.7242 -0.98176 -0.0108985 0.189813 232.764 
0.149539 0.111724 0.982423 -83.7128 -0.0316205 0.993628 -0.108185 -19.0486 -0.98825 -0.0148868 0.152119 233.199 
0.111784 0.115377 0.987012 -81.3171 -0.0332629 0.993115 -0.112324 -19.3698 -0.993176 -0.0202749 0.114852 233.532 
0.0753281 0.114561 0.990556 -78.953 -0.0338641 0.993099 -0.11228 -19.687 -0.996584 -0.0250865 0.0786879 233.774 
0.045705 0.106235 0.99329 -76.5971 -0.0305118 0.994014 -0.104909 -20.0032 -0.998489 -0.0255122 0.0486728 233.929 
0.02258 0.102634 0.994463 -74.3374 -0.0276361 0.9944 -0.102 -20.295 -0.999363 -0.0251799 0.02529 234.018 
0.00711642 0.107023 0.994231 -72.1143 -0.0286288 0.99387 -0.10678 -20.5793 -0.999565 -0.0277037 0.0101367 234.07 
-0.008972 0.123338 0.992324 -68.8815 -0.0296135 0.991896 -0.123552 -21.0208 -0.999521 -0.0304947 -0.00524684 234.099 
-0.0152254 0.103993 0.994461 -66.7444 -0.028456 0.994129 -0.104394 -21.3062 -0.999479 -0.0298878 -0.0121768 234.09 
-0.016591 0.102264 0.994619 -64.6588 -0.0279295 0.99432 -0.102699 -21.5617 -0.999472 -0.0294831 -0.0136406 234.077 
-0.014548 0.108023 0.994042 -62.6125 -0.0294356 0.99367 -0.108413 -21.818 -0.999461 -0.0308374 -0.0112762 234.073 
-0.00936038 0.110221 0.993863 -60.5882 -0.0327238 0.99334 -0.110471 -22.0761 -0.999421 -0.033557 -0.0056912 234.081 
-0.00112466 0.113437 0.993545 -58.5896 -0.0367538 0.992869 -0.113402 -22.3345 -0.999324 -0.036644 0.00305261 234.109 
0.01166 0.109901 0.993874 -56.593 -0.0375214 0.99329 -0.109397 -22.5944 -0.999228 -0.0360159 0.0157054 234.154 
0.0191743 0.109927 0.993755 -55.6126 -0.0354265 0.993388 -0.109203 -22.723 -0.999188 -0.0331114 0.0229419 234.183 
0.0265786 0.11087 0.993479 -54.6313 -0.0344327 0.993342 -0.109934 -22.8488 -0.999054 -0.0312863 0.0302192 234.221 
0.040326 0.109381 0.993182 -52.6695 -0.036086 0.993501 -0.107951 -23.1039 -0.998535 -0.0314867 0.044011 234.321 
0.0538402 0.105298 0.992982 -50.7175 -0.0373327 0.993942 -0.103375 -23.353 -0.997852 -0.0315049 0.057445 234.447 
0.067782 0.108346 0.9918 -48.79 -0.0372216 0.993669 -0.106006 -23.5977 -0.997006 -0.0297311 0.0713856 234.601 
0.0812207 0.111497 0.99044 -46.8694 -0.0391074 0.993314 -0.108613 -23.8418 -0.995929 -0.0299119 0.085038 234.779 
0.0946535 0.112434 0.989141 -44.9604 -0.0418703 0.993172 -0.108886 -24.0894 -0.994629 -0.0311092 0.0987149 234.987 
0.107395 0.108327 0.988297 -43.0566 -0.0436042 0.993603 -0.10417 -24.3358 -0.99326 -0.0319065 0.111432 235.221 
0.120995 0.108749 0.986678 -41.1668 -0.0435087 0.993607 -0.104177 -24.5705 -0.991699 -0.0303242 0.124952 235.479 
0.137188 0.111188 0.984285 -39.2912 -0.0400785 0.993489 -0.106642 -24.8056 -0.989734 -0.0248188 0.140751 235.758 
0.156337 0.114613 0.981031 -37.4365 -0.040405 0.993155 -0.109591 -25.0356 -0.986877 -0.0225054 0.159898 236.072 
0.173534 0.112132 0.978423 -34.6718 -0.0469443 0.993309 -0.105512 -25.3786 -0.983708 -0.0276215 0.177637 236.603 
0.179136 0.11591 0.976972 -32.8112 -0.0470737 0.992908 -0.10917 -25.6026 -0.982698 -0.0264334 0.183322 236.971 
0.185396 0.114956 0.975917 -30.928 -0.0446095 0.993094 -0.108505 -25.8331 -0.981651 -0.0234187 0.189244 237.349 
0.192539 0.116576 0.97434 -29.03 -0.0436867 0.992952 -0.11017 -26.0741 -0.980316 -0.0213536 0.196275 237.739 
0.199995 0.11096 0.973494 -27.1205 -0.0411431 0.993641 -0.104804 -26.3238 -0.978933 -0.0190923 0.203288 238.152 
0.209656 0.111422 0.971406 -25.2064 -0.0396639 0.993637 -0.105411 -26.5759 -0.97697 -0.0164296 0.212742 238.575 
0.222471 0.112559 0.96842 -23.2884 -0.0379311 0.99356 -0.106768 -26.8181 -0.974201 -0.0129805 0.225308 239.015 
0.238246 0.11015 0.964938 -21.3629 -0.0365136 0.993861 -0.104436 -27.0613 -0.970518 -0.0103518 0.240806 239.49 
0.270045 0.110181 0.956523 -18.5276 -0.0303682 0.993911 -0.105914 -27.4226 -0.962369 -0.000446302 0.271747 240.269 
0.30268 0.108349 0.946914 -15.7165 -0.0345995 0.994112 -0.10269 -27.7835 -0.952464 -0.00168056 0.304646 241.163 
0.323637 0.111719 0.939563 -13.8654 -0.0381775 0.993738 -0.105011 -28.0228 -0.945411 -0.00188484 0.325875 241.811 
0.342456 0.110289 0.933038 -12.0278 -0.0423245 0.993889 -0.101947 -28.2667 -0.93858 -0.00457791 0.345031 242.498 
0.358309 0.107849 0.927353 -10.2022 -0.0432927 0.994156 -0.0988904 -28.5052 -0.932599 -0.00471423 0.360884 243.217 
0.374002 0.106789 0.921259 -8.39843 -0.0462272 0.99426 -0.0964846 -28.7383 -0.926275 -0.0065018 0.376792 243.967 
0.38995 0.109775 0.914269 -6.61587 -0.0476761 0.993944 -0.0990071 -28.9684 -0.919601 -0.00498091 0.392823 244.741 
0.406594 0.107192 0.907299 -4.8639 -0.0481803 0.994227 -0.0958707 -29.1959 -0.912338 -0.00473348 0.409411 245.543 
0.423856 0.102159 0.89995 -3.1383 -0.0483927 0.994754 -0.090129 -29.4136 -0.904436 -0.00534925 0.426576 246.366 
0.44109 0.0996404 0.891915 -1.44517 -0.0516281 0.994989 -0.0856231 -29.6185 -0.895977 -0.00828039 0.444024 247.224 
0.45758 0.098787 0.883664 0.218328 -0.0541054 0.995061 -0.0832235 -29.8129 -0.887521 -0.00972959 0.460665 248.106 
0.474212 0.0984522 0.874888 1.85925 -0.0560892 0.995088 -0.0815765 -30.0043 -0.878622 -0.0103872 0.477405 249.018 
0.491024 0.0987601 0.86553 3.47195 -0.0563297 0.995073 -0.0815851 -30.185 -0.869323 -0.00869487 0.494168 249.951 
0.506995 0.0963701 0.856545 5.06951 -0.0569139 0.995304 -0.0782943 -30.3632 -0.860068 -0.00905455 0.510099 250.915 
0.518605 0.0919252 0.850058 6.6574 -0.0575855 0.995701 -0.0725432 -30.5354 -0.853073 -0.0113297 0.521669 251.91 
0.525682 0.0872398 0.846196 8.23513 -0.0598848 0.996055 -0.0654875 -30.7078 -0.848571 -0.0162487 0.528833 252.948 
0.530069 0.0830575 0.843877 9.80162 -0.0596197 0.996379 -0.060618 -30.8879 -0.845856 -0.01818 0.533101 254.032 
0.533178 0.0859192 0.841629 11.3695 -0.0603145 0.996158 -0.0634849 -31.0576 -0.84385 -0.0169137 0.536312 255.107 
0.536706 0.085185 0.839458 12.9533 -0.059276 0.996239 -0.0631965 -31.2265 -0.841684 -0.0158418 0.539737 256.177 
0.5398 0.0789024 0.838087 14.5484 -0.054663 0.996782 -0.0586352 -31.3919 -0.840017 -0.0141611 0.542376 257.244 
0.542098 0.0727815 0.837158 16.1492 -0.0547312 0.997185 -0.0512532 -31.5397 -0.838531 -0.0180344 0.544555 258.322 
0.543359 0.0722412 0.836386 17.751 -0.0544838 0.997225 -0.0507378 -31.6777 -0.83773 -0.0180006 0.545787 259.4 
0.544199 0.0701377 0.83602 19.3692 -0.0558322 0.997318 -0.0473264 -31.815 -0.837097 -0.0209218 0.546655 260.486 
0.545397 0.0652764 0.835632 21.0087 -0.0552106 0.997595 -0.0418937 -31.9445 -0.836357 -0.023287 0.54769 261.577 
0.547454 0.0626292 0.834488 22.6477 -0.0545284 0.997746 -0.0391093 -32.0667 -0.835057 -0.0240928 0.549636 262.667 
0.550167 0.0581159 0.83303 24.2841 -0.0537142 0.997972 -0.034148 -32.1828 -0.833325 -0.0259584 0.552173 263.758 
0.554615 0.0558631 0.830229 25.9096 -0.0532038 0.998083 -0.0316158 -32.2934 -0.830404 -0.0266368 0.556524 264.854 
0.56021 0.0515094 0.826748 27.5258 -0.0522613 0.998274 -0.0267835 -32.3937 -0.8267 -0.0282025 0.561935 265.954 
0.570692 0.0452448 0.819917 29.1395 -0.0495642 0.998558 -0.0206042 -32.4877 -0.819667 -0.0288799 0.572111 267.067 
0.582785 0.0452008 0.811368 30.7219 -0.0481606 0.998618 -0.0210399 -32.5716 -0.811198 -0.0268142 0.584157 268.202 
0.595203 0.0430943 0.802419 32.2861 -0.0489316 0.998652 -0.0173375 -32.6457 -0.802085 -0.0289443 0.596509 269.361 
0.609398 0.0376337 0.791971 33.8396 -0.046572 0.998847 -0.0116285 -32.7145 -0.791495 -0.0297972 0.610448 270.546 
0.626872 0.0359169 0.778294 35.3743 -0.0426313 0.999022 -0.0117661 -32.7692 -0.777955 -0.0258038 0.62779 271.763 
0.635902 0.0351635 0.770968 36.1231 -0.0416152 0.99907 -0.0112425 -32.796 -0.770647 -0.0249349 0.636774 272.38 
0.645163 0.0341784 0.76328 36.8852 -0.0406639 0.999119 -0.0103677 -32.8224 -0.762962 -0.0243491 0.645985 273.027 
0.654068 0.0316858 0.755772 37.619 -0.0401563 0.999168 -0.00713776 -32.8471 -0.755369 -0.0256804 0.654796 273.665 
0.672123 0.0294513 0.739854 39.0971 -0.0407179 0.999167 -0.00278336 -32.8903 -0.739319 -0.0282545 0.672762 274.998 
0.689751 0.0241462 0.723644 40.5627 -0.040219 0.999178 0.00499519 -32.9224 -0.722929 -0.0325497 0.690155 276.384 
0.707249 0.0144253 0.706818 42.011 -0.0345938 0.9993 0.0142204 -32.9405 -0.706118 -0.0345089 0.707253 277.814 
0.726589 0.0090017 0.687013 43.4393 -0.0265977 0.999533 0.0150334 -32.9423 -0.686557 -0.0291961 0.726489 279.297 
0.736318 0.00622278 0.676606 44.1389 -0.0248782 0.99953 0.017881 -32.9411 -0.676178 -0.0299989 0.736128 280.056 
0.745738 0.00318813 0.666231 44.8305 -0.0236353 0.999486 0.021673 -32.9389 -0.66582 -0.0319089 0.74543 280.834 
0.754921 0.000640367 0.655815 45.5132 -0.0217149 0.999476 0.0240205 -32.9316 -0.655456 -0.0323746 0.754539 281.622 
0.76424 0.000115799 0.644932 46.188 -0.0220929 0.999418 0.0260005 -32.9205 -0.644553 -0.034119 0.763798 282.426 
0.773232 -0.00415567 0.634109 46.857 -0.0178972 0.999437 0.0283737 -32.9081 -0.63387 -0.0332882 0.772723 283.24 
0.782149 -0.00393819 0.62308 47.5142 -0.01879 0.999376 0.0299036 -32.8956 -0.622809 -0.0350968 0.781587 284.071 
0.789966 -0.00327042 0.613142 48.1619 -0.0193935 0.999352 0.0303168 -32.8838 -0.612844 -0.0358402 0.789391 284.909 
0.802785 0.000431403 0.596268 49.4318 -0.0249484 0.999148 0.0328663 -32.8512 -0.595746 -0.0412605 0.802112 286.627 
0.808479 0.00259819 0.588519 50.0565 -0.0266213 0.999128 0.0321601 -32.8339 -0.587923 -0.041668 0.807843 287.501 
0.814131 0.00547863 0.580656 50.6781 -0.0288567 0.999102 0.0310329 -32.8186 -0.579964 -0.0420206 0.813557 288.383 
0.8246 0.00708737 0.565671 51.9033 -0.0347232 0.99867 0.0381048 -32.7814 -0.564649 -0.0510631 0.82375 290.18 
0.83343 0.0127744 0.552477 53.1013 -0.0425174 0.998252 0.0410572 -32.7322 -0.550987 -0.0577082 0.832516 292.012 
0.839839 0.0178492 0.542542 54.2851 -0.0501769 0.997733 0.0448477 -32.6779 -0.540512 -0.0648878 0.838831 293.874 
0.842884 0.0279789 0.537368 55.4626 -0.0552605 0.997868 0.0347229 -32.6281 -0.53525 -0.0589626 0.842633 295.748 
0.844217 0.0340783 0.534918 56.6464 -0.0595557 0.997761 0.0304271 -32.5922 -0.532683 -0.0575444 0.844356 297.643 
0.845167 0.0323358 0.533523 57.844 -0.0590907 0.997702 0.0331383 -32.5585 -0.531225 -0.0595336 0.845136 299.554 
0.846214 0.0310037 0.531941 59.0466 -0.0565172 0.997897 0.0317463 -32.5256 -0.529838 -0.0569279 0.846186 301.474 
0.848075 0.0301329 0.529018 60.2525 -0.0538845 0.99811 0.0295303 -32.4999 -0.527129 -0.0535498 0.848096 303.405 
0.849588 0.0283791 0.526683 60.8558 -0.052109 0.998182 0.0302718 -32.4882 -0.524867 -0.0531635 0.849523 304.377 
0.851957 0.0265533 0.522938 61.4546 -0.0505321 0.998221 0.0316388 -32.4766 -0.521168 -0.0533801 0.851783 305.353 
0.859993 0.025092 0.509688 62.6268 -0.0480946 0.99833 0.0320018 -32.4529 -0.508034 -0.0520346 0.859764 307.313 
0.865464 0.0231134 0.500438 63.2007 -0.0458112 0.998401 0.0331141 -32.441 -0.498872 -0.0515847 0.865139 308.299 
0.871464 0.0233743 0.489902 63.7612 -0.0464904 0.998303 0.0350685 -32.4286 -0.488251 -0.0533367 0.871072 309.296 
0.884056 0.0247624 0.466724 64.8349 -0.0462547 0.998329 0.0346473 -32.4013 -0.465086 -0.0522183 0.883724 311.301 
0.890032 0.0250621 0.455209 65.3499 -0.0473087 0.998174 0.0375429 -32.3861 -0.453437 -0.0549497 0.889593 312.312 
0.895924 0.023939 0.443561 65.8496 -0.0466008 0.998102 0.0402588 -32.3691 -0.441756 -0.0567392 0.895339 313.328 
0.907761 0.022899 0.418861 66.8068 -0.0441488 0.998179 0.0411096 -32.329 -0.417157 -0.0558099 0.907119 315.364 
0.913344 0.0239146 0.406486 67.2617 -0.0449973 0.998088 0.0423854 -32.3085 -0.404695 -0.0570032 0.912673 316.393 
0.918664 0.0268138 0.39413 67.6976 -0.0475122 0.997951 0.042851 -32.2872 -0.392173 -0.0580916 0.918055 317.423 
0.923714 0.0306715 0.381853 68.1161 -0.0504824 0.997843 0.0419689 -32.2656 -0.379742 -0.0580441 0.92327 318.458 
0.931221 0.0401163 0.362241 68.9112 -0.0594466 0.997332 0.0423714 -32.2196 -0.359575 -0.0609911 0.931121 320.538 
0.935952 0.042535 0.349549 69.6814 -0.0612842 0.997204 0.0427493 -32.1709 -0.346753 -0.0614331 0.935942 322.62 
0.93936 0.0398119 0.340613 70.4443 -0.0576238 0.99744 0.0423342 -32.1238 -0.338055 -0.0593945 0.93925 324.702 
0.941197 0.0383977 0.335669 70.8184 -0.0558012 0.997543 0.0423529 -32.1014 -0.333218 -0.0585931 0.941027 325.743 
0.943082 0.0372062 0.330473 71.1851 -0.0537316 0.997713 0.0410083 -32.0804 -0.328192 -0.056431 0.942924 326.783 
0.944827 0.0369859 0.325474 71.5445 -0.0526263 0.997838 0.039379 -32.0606 -0.323313 -0.0543348 0.944731 327.823 
0.946629 0.0381883 0.320056 71.8974 -0.053136 0.99786 0.0380982 -32.0425 -0.317916 -0.0530713 0.946632 328.869 
0.950832 0.0395839 0.307168 72.5791 -0.0539597 0.997803 0.0384468 -32.0082 -0.304971 -0.0531311 0.950878 330.963 
0.954874 0.0408187 0.294193 73.2254 -0.0568003 0.997326 0.0459817 -31.9682 -0.29153 -0.060617 0.954639 333.066 
0.957991 0.0396536 0.284045 73.8468 -0.0536511 0.99769 0.0416671 -31.9283 -0.281736 -0.055156 0.957905 335.152 
0.959984 0.0359468 0.277737 74.4568 -0.0492177 0.997948 0.0409566 -31.8909 -0.275695 -0.0529872 0.959784 337.228 
0.958282 0.0407414 0.282906 75.0417 -0.0547301 0.997629 0.0417169 -31.8601 -0.280536 -0.05546 0.95824 339.278 
0.951383 0.0475674 0.304315 75.6466 -0.0633685 0.997095 0.0422537 -31.8304 -0.301421 -0.0594834 0.951634 341.266 
0.947698 0.0480819 0.315526 75.962 -0.0646559 0.997012 0.042266 -31.8169 -0.312551 -0.060456 0.947975 342.229 
0.944591 0.0458603 0.325031 76.2867 -0.0631094 0.997092 0.0427209 -31.8026 -0.322126 -0.0608662 0.944738 343.179 
0.942047 0.04302 0.332712 76.6143 -0.060776 0.997219 0.0431409 -31.7889 -0.32993 -0.0608616 0.942041 344.109 
0.940157 0.0420844 0.338131 76.9406 -0.0597743 0.997325 0.0420708 -31.7755 -0.335456 -0.0597647 0.940158 345.02 
0.93907 0.0400968 0.341379 77.588 -0.056207 0.997717 0.0374276 -31.7489 -0.339099 -0.054335 0.93918 346.811 
0.940185 0.0379668 0.338542 77.9057 -0.0535242 0.997891 0.036734 -31.7352 -0.336433 -0.052657 0.940234 347.705 
0.942534 0.0358614 0.33218 78.2171 -0.0508838 0.998032 0.0366333 -31.7223 -0.330213 -0.0514307 0.942504 348.599 
0.945726 0.0327766 0.323308 78.5169 -0.0469942 0.998237 0.0362649 -31.7069 -0.32155 -0.0494902 0.945599 349.49 
0.949604 0.0301111 0.312003 78.8046 -0.0434534 0.99841 0.0358978 -31.6894 -0.310426 -0.0476463 0.949403 350.386 
0.959057 0.0255211 0.282061 79.3321 -0.0375533 0.998597 0.0373342 -31.6568 -0.280712 -0.0463979 0.95867 352.178 
0.970172 0.0186512 0.2417 79.7884 -0.0283887 0.998917 0.0368679 -31.6251 -0.24075 -0.0426297 0.96965 353.971 
0.980713 0.0193476 0.194494 80.1468 -0.0267539 0.999011 0.0355254 -31.5914 -0.193614 -0.0400437 0.98026 355.783 
0.989794 0.0200942 0.141083 80.4021 -0.0248282 0.999183 0.031875 -31.5598 -0.140327 -0.0350525 0.989484 357.594 
0.996342 0.0231953 0.0822429 80.5442 -0.0258269 0.999183 0.03108 -31.5256 -0.0814548 -0.0330904 0.996128 359.423 
0.999507 0.0240438 0.0202004 80.5791 -0.0246759 0.999194 0.0316474 -31.4936 -0.0194232 -0.0321302 0.999295 361.257 
0.99891 0.0245354 -0.0396988 80.5038 -0.0233648 0.999286 0.0296876 -31.4684 0.0403988 -0.0287277 0.998771 363.108 
0.995719 0.0303776 -0.0872941 80.3253 -0.0281073 0.999237 0.0271202 -31.4474 0.0880513 -0.0245505 0.995813 364.95 
0.993888 0.0356711 -0.104475 80.2083 -0.0326203 0.998994 0.0307662 -31.43 0.105468 -0.0271701 0.994051 365.886 
0.992349 0.0436087 -0.115502 80.0779 -0.0395309 0.99852 0.0373641 -31.4145 0.11696 -0.0325124 0.992604 366.824 
0.990974 0.0491986 -0.124697 79.8154 -0.0457444 0.99849 0.030416 -31.375 0.126006 -0.0244373 0.991729 368.705 
0.990911 0.0527084 -0.12376 79.5529 -0.0501812 0.998465 0.0234515 -31.3423 0.124806 -0.017028 0.992035 370.624 
0.991654 0.052528 -0.117741 79.3057 -0.050011 0.998455 0.0242328 -31.3244 0.118832 -0.0181422 0.992749 372.585 
0.992456 0.0476929 -0.112946 79.0754 -0.046012 0.998788 0.017444 -31.3106 0.113641 -0.0121155 0.993448 374.578 
0.993209 0.0435249 -0.107893 78.7307 -0.0425924 0.999033 0.0109329 -31.3034 0.108265 -0.0062632 0.994102 377.661 
0.993185 0.0477171 -0.106332 78.4872 -0.0464277 0.998815 0.0145708 -31.3029 0.106901 -0.00953477 0.994224 379.779 
0.99292 0.0523491 -0.106627 78.2369 -0.0510949 0.998589 0.014462 -31.2977 0.107234 -0.00891147 0.994194 381.936 
0.992644 0.0539043 -0.108405 77.9805 -0.0528826 0.998525 0.0122808 -31.2953 0.108907 -0.00645769 0.994031 384.12 
0.992315 0.0499864 -0.113195 77.7243 -0.0495175 0.998749 0.00695231 -31.3122 0.113401 -0.00129375 0.993548 386.332 
0.991343 0.0409603 -0.124742 77.4537 -0.0401437 0.999153 0.00905375 -31.336 0.125007 -0.00396778 0.992148 388.562 
0.989042 0.0327088 -0.143963 77.1443 -0.0318782 0.999459 0.00807251 -31.3627 0.14415 -0.00339475 0.98955 390.785 
0.986162 0.0289146 -0.163242 76.7857 -0.0284082 0.999582 0.00543655 -31.3927 0.16333 -0.000723926 0.986571 392.998 
0.982921 0.0274968 -0.181962 76.3813 -0.0267002 0.99962 0.00682635 -31.4246 0.18208 -0.00185134 0.983282 395.209 
0.981216 0.0265329 -0.191077 76.1643 -0.0256588 0.999646 0.00704765 -31.4401 0.191196 -0.00201246 0.98155 396.308 
0.97945 0.0266276 -0.199923 75.9369 -0.0260102 0.999645 0.00571452 -31.4571 0.200004 -0.000397053 0.979795 397.401 
0.977632 0.0275159 -0.208515 75.6981 -0.0273237 0.999619 0.00380297 -31.4738 0.20854 0.00197949 0.978012 398.486 
0.975848 0.02682 -0.216798 75.4531 -0.0268934 0.999635 0.00261256 -31.4923 0.216789 0.00328097 0.976213 399.564 
0.974138 0.0271448 -0.224319 75.2019 -0.0272609 0.999625 0.0025798 -31.515 0.224305 0.00360208 0.974512 400.641 
0.972544 0.02735 -0.231105 74.9473 -0.0275637 0.999617 0.00230466 -31.5408 0.231079 0.00412871 0.972926 401.713 
0.969834 0.0213734 -0.242828 74.425 -0.0222054 0.999753 -0.000689482 -31.5892 0.242753 0.00606077 0.970069 403.843 
0.967085 0.0119735 -0.254172 73.8806 -0.014917 0.999842 -0.0096563 -31.6441 0.254016 0.0131299 0.967111 405.96 
0.964225 0.00966536 -0.26491 73.3004 -0.0120392 0.999901 -0.00733877 -31.6999 0.264813 0.0102655 0.964245 408.08 
0.961945 0.00648045 -0.273167 72.6958 -0.00877244 0.999936 -0.00716983 -31.749 0.273103 0.00929332 0.96194 410.2 
0.960369 0.00814162 -0.278613 72.077 -0.0098749 0.99994 -0.0048182 -31.8039 0.278557 0.00737853 0.960391 412.325 
0.959611 0.00507931 -0.281286 71.4523 -0.00485955 0.999987 0.00147885 -31.8418 0.28129 -5.21939e-05 0.959623 414.455 
0.959292 -0.00024261 -0.282417 71.1423 0.000674304 0.999999 0.00143137 -31.8576 0.282417 -0.00156354 0.959291 415.518 
0.958675 -0.00861984 -0.284373 70.5169 0.00948288 0.999954 0.00165825 -31.8861 0.284345 -0.00428639 0.958712 417.66 
0.958014 -0.0131785 -0.286418 69.8792 0.0141103 0.9999 0.00118949 -31.9156 0.286374 -0.00518099 0.958104 419.804 
0.957247 -0.0130374 -0.288978 69.2265 0.0148003 0.999883 0.00391618 -31.9457 0.288893 -0.00802571 0.957328 421.955 
0.956719 -0.00878739 -0.290882 68.5675 0.0118059 0.999893 0.00862382 -31.9701 0.290775 -0.0116847 0.95672 424.099 
0.956705 -0.00359521 -0.291035 67.9073 0.00762184 0.99989 0.0127031 -31.9867 0.290958 -0.0143713 0.956628 426.232 
0.957611 -0.00104011 -0.288063 67.2608 0.00584966 0.999857 0.0158359 -31.9934 0.288006 -0.0168497 0.95748 428.364 
0.95809 -0.00107637 -0.286464 66.9449 0.00650288 0.999817 0.0179924 -31.9984 0.286392 -0.0191012 0.957922 429.428 
0.958517 0.00055806 -0.285035 66.63 0.00546313 0.999778 0.0203289 -32.0024 0.284983 -0.0210428 0.958302 430.49 
0.958979 0.00269273 -0.283463 66.3132 0.00393023 0.999733 0.0227932 -32.0034 0.283448 -0.0229723 0.958712 431.553 
0.959851 0.00551524 -0.280455 65.6926 0.00147979 0.999693 0.0247238 -32.0054 0.280506 -0.0241462 0.959549 433.668 
0.960583 0.00413218 -0.277964 65.0918 0.00301512 0.999676 0.0252806 -32.0068 0.277979 -0.0251222 0.960259 435.764 
0.961188 0.00188303 -0.275888 64.5017 0.00720436 0.999464 0.0319215 -32.0015 0.2758 -0.0326702 0.96066 437.857 
0.961811 -0.000306396 -0.273713 63.9183 0.0100382 0.999366 0.034155 -31.9844 0.273529 -0.0355983 0.961205 439.927 
0.962239 -0.00486272 -0.272163 63.3475 0.0149055 0.999282 0.0348446 -31.9629 0.271798 -0.0375855 0.96162 441.977 
0.962005 -0.0123696 -0.272751 62.7895 0.0222697 0.9992 0.0332312 -31.9421 0.272121 -0.0380426 0.961511 444.006 
0.961939 -0.0134534 -0.272931 62.235 0.0243094 0.99904 0.0364327 -31.9228 0.272179 -0.0416809 0.961343 446.017 
0.961689 -0.0130747 -0.27383 61.681 0.0248253 0.998911 0.0394906 -31.9003 0.273016 -0.0447756 0.960967 448.005 
0.961474 -0.0140957 -0.274535 61.1335 0.0255275 0.998947 0.0381121 -31.8744 0.273709 -0.043652 0.960821 449.961 
0.961012 -0.0149338 -0.276102 60.3186 0.0276094 0.998733 0.0420791 -31.8214 0.275124 -0.0480615 0.960207 452.867 
0.960778 -0.0125098 -0.277035 59.4995 0.0253895 0.998754 0.0429526 -31.745 0.276153 -0.0483017 0.959899 455.718 
0.9609 -0.00955592 -0.276731 58.9594 0.023352 0.998641 0.046601 -31.6879 0.27591 -0.0512411 0.959817 457.599 
0.960917 -0.00714914 -0.276745 58.4112 0.0221548 0.998446 0.0511333 -31.6268 0.275949 -0.0552661 0.959582 459.454 
0.960346 -0.00664925 -0.27873 57.8672 0.0240346 0.997968 0.0590025 -31.5549 0.277772 -0.063362 0.958555 461.299 
0.95923 -0.00708379 -0.282539 57.3235 0.0264557 0.997547 0.0648078 -31.4732 0.281386 -0.0696404 0.957064 463.133 
0.958159 -0.00967172 -0.286074 56.7847 0.030235 0.997258 0.0675516 -31.3909 0.284636 -0.0733746 0.955824 464.94 
0.957625 -0.00937175 -0.287866 56.5131 0.0303643 0.997186 0.0685466 -31.3505 0.286413 -0.0743828 0.955214 465.838 
0.957107 -0.0115958 -0.289504 55.9752 0.0331265 0.997026 0.0695817 -31.2685 0.287836 -0.0761874 0.954644 467.616 
0.957328 -0.0102631 -0.28882 55.7064 0.0317887 0.997045 0.0699375 -31.2295 0.287249 -0.0761344 0.954825 468.49 
0.957609 -0.0113001 -0.287849 55.4431 0.0328739 0.996989 0.0702253 -31.1895 0.286189 -0.0767111 0.955098 469.359 
0.957737 -0.016206 -0.28719 55.1902 0.037868 0.996826 0.0700337 -31.1483 0.285143 -0.0779491 0.95531 470.219 
0.958089 -0.0170345 -0.285963 54.6862 0.0392712 0.996616 0.0722067 -31.0678 0.283765 -0.0804106 0.955516 471.908 
0.958344 -0.0193575 -0.284959 54.1961 0.0406058 0.9968 0.0688477 -30.9899 0.282715 -0.0775508 0.956064 473.54 
0.958851 -0.019138 -0.283266 53.7209 0.0395257 0.997008 0.066434 -30.9141 0.281147 -0.0748965 0.956738 475.119 
0.959316 -0.0200649 -0.281621 53.2567 0.0399396 0.997085 0.0650104 -30.8419 0.279495 -0.0736133 0.957321 476.667 
0.960061 -0.023521 -0.2788 52.8055 0.0428121 0.997075 0.0633074 -30.7706 0.276495 -0.072715 0.95826 478.2 
0.962391 -0.024588 -0.270553 52.3682 0.0428478 0.997169 0.0617917 -30.7038 0.268268 -0.0710604 0.96072 479.727 
0.966953 -0.02194 -0.25401 51.9565 0.0390217 0.997288 0.0624056 -30.6386 0.251952 -0.0702552 0.965186 481.262 
0.97339 -0.0155141 -0.22863 51.5794 0.0330471 0.99678 0.0730588 -30.5647 0.226761 -0.0786702 0.970768 482.808 
0.980884 -0.0147041 -0.194039 51.2648 0.0306584 0.996365 0.0794773 -30.4834 0.192165 -0.0839069 0.977769 484.35 
0.988603 -0.0107329 -0.150166 51.0139 0.023514 0.996222 0.0835985 -30.3874 0.148701 -0.0861767 0.98512 485.899 
0.994989 -0.0116668 -0.0992985 50.8561 0.0203664 0.995995 0.0870533 -30.2904 0.0978853 -0.0886394 0.991242 487.456 
0.998858 -0.0149869 -0.0453684 50.7896 0.0187796 0.996258 0.0843608 -30.1898 0.0439343 -0.0851164 0.995402 489.04 
0.999686 -0.0167616 -0.018622 50.7827 0.0182629 0.996331 0.0836114 -30.1407 0.0171522 -0.0839252 0.996324 489.815 
0.999795 -0.0185178 0.00821824 50.7981 0.0177601 0.996285 0.0842635 -30.0926 -0.00974808 -0.0841002 0.99641 490.61 
0.999182 -0.0207728 0.0346983 50.8376 0.0177411 0.99618 0.0855049 -30.0446 -0.036342 -0.0848194 0.995733 491.404 
0.997861 -0.0242696 0.0606976 50.8958 0.018913 0.996001 0.0873174 -29.9942 -0.062574 -0.0859826 0.99433 492.187 
0.995934 -0.0276267 0.0857433 50.9787 0.0199959 0.995865 0.0886124 -29.9415 -0.0878368 -0.0865376 0.992369 492.985 
0.993405 -0.0293888 0.110828 51.0769 0.0195127 0.995826 0.0891655 -29.889 -0.112986 -0.0864149 0.989832 493.768 
0.990152 -0.0323901 0.136197 51.2003 0.0202714 0.995786 0.0894432 -29.8357 -0.13852 -0.0858015 0.986636 494.567 
0.986342 -0.0346798 0.161016 51.3453 0.0203927 0.995773 0.0895501 -29.7821 -0.163441 -0.0850435 0.982881 495.368 
0.98198 -0.0359764 0.185528 51.5074 0.0197724 0.995883 0.0884622 -29.7301 -0.187947 -0.0831998 0.978649 496.154 
0.977274 -0.0381445 0.208522 51.6902 0.0202457 0.995976 0.0873073 -29.6766 -0.211013 -0.0811014 0.974113 496.954 
0.967529 -0.0423354 0.249188 52.1039 0.021622 0.996122 0.0852826 -29.566 -0.251832 -0.0771255 0.964693 498.538 
0.957328 -0.0421914 0.285909 52.5773 0.0187873 0.996279 0.0841137 -29.4588 -0.288394 -0.0751529 0.954558 500.13 
0.951977 -0.0422929 0.303234 52.8371 0.0175241 0.996316 0.0839436 -29.4036 -0.305667 -0.0745985 0.949212 500.93 
0.939981 -0.0443708 0.33833 53.4072 0.0170243 0.996373 0.0833722 -29.296 -0.340802 -0.0726084 0.937327 502.515 
0.926323 -0.0487357 0.373564 54.0487 0.0178656 0.996164 0.0856598 -29.187 -0.376306 -0.0726747 0.923641 504.096 
0.912111 -0.0496318 0.406927 54.7547 0.0152997 0.996074 0.0871947 -29.0832 -0.409657 -0.0733054 0.90929 505.671 
0.896999 -0.0502037 0.439173 55.5186 0.0158733 0.996547 0.0814989 -28.9745 -0.441748 -0.0661333 0.894698 507.215 
0.87994 -0.0433813 0.4731 56.3308 0.00718986 0.996924 0.0780411 -28.8718 -0.475031 -0.0652699 0.877545 508.746 
0.858799 -0.0439808 0.510422 57.2209 0.00300788 0.996724 0.0808225 -28.7695 -0.512304 -0.067875 0.856118 510.261 
0.818779 -0.0480727 0.572093 58.7036 -0.000923859 0.996376 0.0850473 -28.6201 -0.574108 -0.0701635 0.815768 512.434 
0.7858 -0.0515462 0.616329 59.789 -0.00143537 0.996366 0.0851604 -28.5172 -0.618479 -0.0678037 0.782871 513.824 
0.751192 -0.0570436 0.657615 60.941 0.000764831 0.996333 0.0855515 -28.4139 -0.660084 -0.0637626 0.748481 515.123 
0.716285 -0.0623702 0.695015 62.148 0.00201241 0.996178 0.0873225 -28.3133 -0.697805 -0.0611491 0.713673 516.349 
0.684684 -0.0638312 0.726039 63.41 0.00253721 0.99636 0.0852044 -28.2152 -0.728835 -0.056496 0.682354 517.523 
0.655881 -0.0697424 0.751635 64.7264 0.00273223 0.995936 0.0900263 -28.1095 -0.754859 -0.0569929 0.653406 518.668 
0.641254 -0.0701501 0.764115 65.3979 0.00110322 0.995896 0.090503 -28.059 -0.767328 -0.0571924 0.638699 519.217 
0.611458 -0.0687999 0.78828 66.7815 0.000187565 0.996225 0.0868036 -27.9434 -0.791277 -0.0529289 0.609163 520.298 
0.579397 -0.0770061 0.811399 68.2267 -0.00326804 0.995299 0.0967928 -27.8248 -0.815039 -0.0587331 0.576422 521.333 
0.542583 -0.0795709 0.836225 69.7206 -0.00700653 0.99504 0.0992292 -27.6985 -0.839973 -0.0596991 0.539335 522.307 
0.501735 -0.0810677 0.861214 71.2699 -0.00611835 0.995241 0.0972484 -27.5639 -0.865 -0.0540622 0.498852 523.209 
0.457994 -0.085595 0.884825 72.882 -0.00277062 0.995211 0.0977076 -27.4317 -0.888951 -0.047201 0.455564 524.054 
0.411913 -0.0896396 0.906804 74.5493 -0.00030128 0.995136 0.0985084 -27.2949 -0.911223 -0.04085 0.409882 524.809 
0.36431 -0.090148 0.926904 76.2721 -0.00265626 0.995199 0.0978342 -27.1583 -0.931274 -0.0381041 0.362322 525.494 
0.314972 -0.0870086 0.945104 78.0489 -0.00831795 0.995498 0.0944201 -27.0258 -0.949064 -0.037601 0.31283 526.099 
0.2639 -0.0871038 0.960609 79.882 -0.0133469 0.995489 0.0939333 -26.8951 -0.964458 -0.0376101 0.261546 526.633 
0.211024 -0.0889186 0.973428 81.7599 -0.0145123 0.995459 0.0940771 -26.7632 -0.977373 -0.0339792 0.208775 527.052 
0.157945 -0.0904258 0.983299 83.6838 -0.0123316 0.99554 0.0935323 -26.6249 -0.987371 -0.0268986 0.156125 527.366 
0.10673 -0.0911486 0.990101 85.6408 -0.01107 0.995619 0.0928498 -26.4807 -0.994227 -0.0208702 0.105253 527.586 
0.0562124 -0.0903948 0.994318 87.6356 -0.0120149 0.99576 0.0912051 -26.3401 -0.998347 -0.0170735 0.0548879 527.728 
0.0313321 -0.0926842 0.995202 88.6443 -0.0134752 0.995562 0.0931419 -26.2693 -0.999418 -0.0163288 0.0299441 527.749 
0.0068203 -0.0958189 0.995375 89.6647 -0.0142329 0.995288 0.0959081 -26.1985 -0.999876 -0.0148212 0.00542438 527.759 
-0.0172363 -0.0971677 0.995119 90.686 -0.0157703 0.995169 0.0968995 -26.1243 -0.999727 -0.0140231 -0.0186854 527.745 
-0.0418305 -0.0965706 0.994447 91.7106 -0.0182496 0.995226 0.0958786 -26.0517 -0.998958 -0.0141376 -0.0433932 527.694 
-0.0667737 -0.0952386 0.993212 92.7424 -0.0209662 0.995348 0.0940339 -25.9789 -0.997548 -0.0145448 -0.0684599 527.632 
-0.116931 -0.0929672 0.988779 94.8118 -0.0232653 0.995592 0.0908564 -25.8355 -0.992868 -0.0123804 -0.118578 527.412 
-0.141196 -0.0934057 0.985565 95.8478 -0.0224151 0.995585 0.0911441 -25.7641 -0.989728 -0.00922235 -0.142667 527.266 
-0.164627 -0.0949003 0.98178 96.8923 -0.022649 0.995462 0.092425 -25.6915 -0.986096 -0.00702067 -0.166029 527.084 
-0.187049 -0.093867 0.977856 97.9353 -0.0198822 0.995582 0.0917655 -25.6197 -0.982149 -0.00227729 -0.188089 526.886 
-0.207728 -0.0902972 0.97401 98.9759 -0.019421 0.995915 0.088186 -25.5494 -0.977994 -0.000597577 -0.208633 526.669 
-0.228068 -0.0890353 0.969566 100.017 -0.0208326 0.996028 0.086565 -25.4793 -0.973422 -0.000455858 -0.229017 526.42 
-0.268568 -0.0885894 0.959178 102.111 -0.0248474 0.996068 0.0850393 -25.349 -0.96294 -0.000994301 -0.269713 525.862 
-0.309121 -0.0831082 0.947384 104.195 -0.0299898 0.996531 0.0776342 -25.2245 -0.95055 -0.00441353 -0.310541 525.225 
-0.329189 -0.0839508 0.940525 105.232 -0.0326118 0.996457 0.0775289 -25.1648 -0.943701 -0.00515052 -0.330761 524.86 
-0.34872 -0.0859045 0.933282 106.271 -0.0352279 0.996288 0.0785412 -25.1082 -0.936565 -0.00548869 -0.350452 524.482 
-0.367657 -0.0864269 0.925937 107.306 -0.0365716 0.996246 0.0784682 -25.0472 -0.929242 -0.00501366 -0.369437 524.079 
-0.384643 -0.087165 0.918941 108.336 -0.0379361 0.996183 0.0786127 -24.9833 -0.922285 -0.00462317 -0.386482 523.649 
-0.399125 -0.0882424 0.91264 109.362 -0.036803 0.996098 0.0802168 -24.9189 -0.916158 -0.0015714 -0.400815 523.203 
-0.410357 -0.0870865 0.907757 110.385 -0.0350061 0.9962 0.0797467 -24.855 -0.911253 0.000947573 -0.411847 522.744 
-0.419308 -0.0832006 0.904024 111.409 -0.0312212 0.996524 0.0772327 -24.7906 -0.907307 0.00415954 -0.420448 522.268 
-0.430787 -0.0798693 0.898912 113.46 -0.0211811 0.996696 0.0784069 -24.6615 -0.902205 0.0147367 -0.431056 521.282 
-0.436292 -0.0795843 0.896279 115.524 -0.0137269 0.996554 0.0818061 -24.5253 -0.899701 0.0233882 -0.435881 520.275 
-0.438595 -0.0830827 0.894836 117.619 -0.0141398 0.996232 0.0855666 -24.3819 -0.898574 0.0248762 -0.438117 519.262 
-0.440884 -0.0903899 0.893001 119.739 -0.0169685 0.995578 0.0923952 -24.226 -0.897404 0.0255827 -0.440468 518.237 
-0.44386 -0.0856858 0.89199 122.982 -0.0139579 0.995958 0.0887276 -23.9808 -0.895988 0.0269323 -0.443262 516.641 
-0.445947 -0.0836997 0.891137 125.078 -0.0118467 0.996083 0.0876283 -23.8307 -0.894981 0.0285205 -0.445192 515.601 
-0.448051 -0.0879835 0.889668 127.26 -0.012906 0.995678 0.0919676 -23.6728 -0.893915 0.0297241 -0.44725 514.516 
-0.450409 -0.0917926 0.888091 129.459 -0.0140146 0.995305 0.0957664 -23.5003 -0.892712 0.0306879 -0.449581 513.419 
-0.452194 -0.092258 0.887135 131.674 -0.0137644 0.995239 0.0964843 -23.321 -0.891814 0.0314187 -0.451311 512.304 
-0.453639 -0.0859985 0.887027 133.9 -0.00835828 0.9957 0.09226 -23.1418 -0.891146 0.0344387 -0.452407 511.172 
-0.453427 -0.0874718 0.886991 135.027 -0.00949149 0.99559 0.0933294 -23.053 -0.891243 0.0338993 -0.452258 510.603 
-0.452968 -0.0901139 0.886961 136.165 -0.00957589 0.995313 0.0962319 -22.9628 -0.891476 0.0350965 -0.451707 510.03 
-0.452768 -0.0907157 0.887001 137.304 -0.0123946 0.995355 0.0954706 -22.8741 -0.891542 0.032232 -0.45179 509.462 
-0.452964 -0.0878117 0.887194 138.449 -0.0124565 0.995664 0.092188 -22.7822 -0.891442 0.0307066 -0.452094 508.889 
-0.452322 -0.0840677 0.887884 139.6 -0.0123787 0.996043 0.0880024 -22.6956 -0.891769 0.0288146 -0.451573 508.311 
-0.452593 -0.0829446 0.887851 141.927 -0.00963684 0.996061 0.0881413 -22.5251 -0.891665 0.0313361 -0.45161 507.143 
-0.453255 -0.0864072 0.887183 144.291 -0.00982486 0.995714 0.0919582 -22.3486 -0.891327 0.032964 -0.452161 505.955 
-0.453665 -0.0862689 0.886987 146.673 -0.0126652 0.995827 0.090377 -22.1657 -0.891082 0.0297671 -0.452865 504.761 
-0.454241 -0.0879536 0.886527 149.083 -0.0132343 0.995671 0.0920009 -21.9825 -0.890781 0.030058 -0.453438 503.55 
-0.454879 -0.085667 0.886423 151.513 -0.0114984 0.995845 0.0903414 -21.7976 -0.890479 0.030902 -0.453974 502.322 
-0.455721 -0.0861821 0.885941 153.967 -0.0106639 0.995759 0.0913796 -21.6108 -0.890059 0.032196 -0.454707 501.082 
-0.456251 -0.0879962 0.88549 156.448 -0.0137893 0.995678 0.0918413 -21.4166 -0.889744 0.0296924 -0.455492 499.835 
-0.456738 -0.0903544 0.885001 158.948 -0.023401 0.995705 0.0895798 -21.2216 -0.889294 0.0202045 -0.45689 498.591 
-0.457033 -0.0921552 0.884663 161.458 -0.0273115 0.995603 0.0896022 -21.0267 -0.88903 0.0167898 -0.457541 497.334 
-0.456738 -0.0882971 0.885208 163.964 -0.0196126 0.99582 0.0892108 -20.8348 -0.889385 0.0233848 -0.456561 496.056 
-0.456455 -0.0882878 0.885355 166.472 -0.0139261 0.995652 0.0921068 -20.6443 -0.889637 0.029713 -0.4557 494.777 
-0.456158 -0.0902495 0.885311 168.985 -0.015341 0.995494 0.0935773 -20.4539 -0.889767 0.0291045 -0.455487 493.501 
-0.456188 -0.0881752 0.885504 171.492 -0.0148885 0.995696 0.0914775 -20.2645 -0.889759 0.0285471 -0.455537 492.227 
-0.456077 -0.086223 0.885753 172.746 -0.0120484 0.995802 0.090732 -20.1696 -0.889859 0.0307089 -0.455202 491.587 
-0.454192 -0.0810711 0.887208 175.255 -0.00703131 0.996146 0.0874261 -19.9835 -0.890876 0.03347 -0.453012 490.315 
-0.452041 -0.0949428 0.88693 177.785 -0.0153859 0.995001 0.0986698 -19.7919 -0.891864 0.0309565 -0.451242 489.062 
-0.449989 -0.0957207 0.887889 179.042 -0.0197819 0.995063 0.0972492 -19.6886 -0.892815 0.026197 -0.449662 488.441 
-0.448204 -0.0922009 0.889164 180.295 -0.0181094 0.995399 0.0940884 -19.5851 -0.893748 0.0260685 -0.447811 487.82 
-0.444164 -0.0891414 0.8915 182.791 -0.0187305 0.995745 0.0902329 -19.4004 -0.89575 0.02338 -0.443944 486.582 
-0.442504 -0.0905358 0.892185 185.287 -0.0208381 0.99566 0.0907009 -19.2213 -0.896524 0.0215441 -0.44247 485.358 
-0.441699 -0.0923674 0.892396 187.779 -0.020733 0.995471 0.0927742 -19.0325 -0.896924 0.0224763 -0.441614 484.136 
-0.443498 -0.0900646 0.891739 190.26 -0.0211989 0.995714 0.090023 -18.8396 -0.896025 0.0210212 -0.443507 482.92 
-0.447044 -0.0857247 0.890395 192.73 -0.0173639 0.996041 0.0871781 -18.659 -0.894343 0.0235117 -0.446763 481.695 
-0.452424 -0.0869494 0.887554 195.18 -0.0149274 0.995835 0.089948 -18.4817 -0.891678 0.0274458 -0.451837 480.47 
-0.455356 -0.0895086 0.885798 196.399 -0.0167765 0.995619 0.0919817 -18.3898 -0.890151 0.0270238 -0.454863 479.858 
-0.461194 -0.0885798 0.882866 198.815 -0.015053 0.995642 0.0920314 -18.2018 -0.887171 0.0291546 -0.460518 478.621 
-0.46692 -0.0822254 0.880468 201.204 -0.0108134 0.996124 0.0872919 -18.0212 -0.884234 0.0312374 -0.465999 477.375 
-0.472443 -0.0849965 0.877253 203.575 -0.0141109 0.995941 0.0888967 -17.8484 -0.881248 0.0296197 -0.471724 476.127 
-0.47758 -0.0902373 0.873942 205.912 -0.0198722 0.995567 0.091936 -17.6739 -0.878363 0.0265396 -0.477256 474.88 
-0.481833 -0.092414 0.871376 208.185 -0.0220624 0.995387 0.0933665 -17.5038 -0.875985 0.0257624 -0.481649 473.649 
-0.485073 -0.0952603 0.86927 210.388 -0.0239119 0.995122 0.0957086 -17.3378 -0.874147 0.0256397 -0.484984 472.443 
-0.48774 -0.0963017 0.867661 212.515 -0.0295602 0.995149 0.0938349 -17.1768 -0.872488 0.0201188 -0.488221 471.275 
-0.487778 -0.0990082 0.867335 214.577 -0.0336724 0.994942 0.0946379 -17.0231 -0.872318 0.016957 -0.488644 470.138 
-0.483425 -0.0996881 0.869691 216.564 -0.0357062 0.994913 0.0941941 -16.8765 -0.874657 0.0144824 -0.484525 469.05 
-0.471996 -0.100188 0.87589 218.489 -0.0363675 0.994889 0.0942017 -16.7327 -0.88085 0.0126089 -0.473227 468.019 
-0.462871 -0.100088 0.880757 219.437 -0.0356887 0.994904 0.0943035 -16.6626 -0.885707 0.0122173 -0.464084 467.53 
-0.451055 -0.100099 0.886865 220.383 -0.0348613 0.994908 0.0945632 -16.5918 -0.891815 0.0117359 -0.452248 467.052 
-0.437193 -0.0991111 0.89389 221.328 -0.0336067 0.995016 0.0938868 -16.5219 -0.89874 0.011006 -0.438345 466.599 
-0.421935 -0.0974797 0.90137 222.267 -0.0325789 0.995191 0.0923757 -16.4518 -0.906041 0.00961086 -0.423081 466.158 
-0.40538 -0.0981926 0.90886 223.214 -0.0367413 0.995161 0.0911287 -16.3822 -0.91341 0.00354901 -0.407026 465.752 
-0.388563 -0.0977402 0.916223 224.157 -0.0401848 0.995209 0.0891241 -16.3166 -0.920545 -0.00218788 -0.39063 465.368 
-0.371695 -0.0945682 0.923526 225.095 -0.038608 0.995512 0.0864009 -16.2514 -0.927552 -0.00354068 -0.373678 464.99 
-0.353069 -0.0933144 0.930932 226.038 -0.0410068 0.995601 0.0842443 -16.1878 -0.934698 -0.00843051 -0.355342 464.645 
-0.334251 -0.093748 0.93781 226.992 -0.0401903 0.995553 0.0851959 -16.1217 -0.941627 -0.00921405 -0.336533 464.316 
-0.314426 -0.0942341 0.944593 227.947 -0.040324 0.995488 0.0858888 -16.0577 -0.948425 -0.011084 -0.316808 463.994 
-0.29509 -0.0966913 0.950564 228.916 -0.0400393 0.995244 0.0888065 -15.9869 -0.95463 -0.011854 -0.297558 463.705 
-0.275061 -0.100416 0.956168 229.883 -0.0426174 0.994827 0.092216 -15.9188 -0.960482 -0.0153844 -0.277917 463.425 
-0.254902 -0.104068 0.96135 230.862 -0.0431672 0.994425 0.0962032 -15.8452 -0.966003 -0.0169764 -0.257974 463.173 
-0.234543 -0.10607 0.966302 231.845 -0.046761 0.99411 0.0977723 -15.7683 -0.97098 -0.0222534 -0.238122 462.947 
-0.214559 -0.107277 0.970802 232.821 -0.0499526 0.993854 0.098784 -15.6895 -0.975433 -0.027299 -0.218599 462.731 
-0.194117 -0.107011 0.975124 233.802 -0.0527985 0.993731 0.098543 -15.6106 -0.979556 -0.0323562 -0.198551 462.551 
-0.173436 -0.107215 0.978992 234.791 -0.0545232 0.993577 0.0991533 -15.5312 -0.983335 -0.0361809 -0.178168 462.397 
-0.151858 -0.107344 0.982556 235.78 -0.0528291 0.993546 0.100379 -15.4526 -0.986989 -0.0366641 -0.156549 462.243 
-0.103429 -0.100298 0.989567 237.775 -0.0452588 0.994347 0.0960516 -15.296 -0.993607 -0.0348521 -0.107383 462.014 
-0.0772203 -0.0953802 0.992441 238.782 -0.040043 0.994907 0.0925015 -15.221 -0.99621 -0.0325973 -0.0806464 461.946 
-0.0501458 -0.0926378 0.994436 239.802 -0.0355468 0.995224 0.0909187 -15.1487 -0.998109 -0.0307898 -0.0531993 461.909 
-0.0222451 -0.0919873 0.995512 240.817 -0.0327663 0.99529 0.0912347 -15.0797 -0.999216 -0.0305897 -0.0251544 461.882 
0.00612622 -0.0918557 0.995753 241.848 -0.0318234 0.99525 0.092005 -15.0087 -0.999475 -0.0322519 0.00317395 461.906 
0.0650496 -0.0919173 0.99364 243.922 -0.031174 0.995075 0.094091 -14.8679 -0.997395 -0.0370962 0.0618638 462.025 
0.125157 -0.093933 0.98768 246.015 -0.0360416 0.99442 0.0991411 -14.7172 -0.991482 -0.0480058 0.121073 462.301 
0.155071 -0.0914297 0.983663 247.046 -0.0410552 0.994251 0.0988861 -14.635 -0.98705 -0.0557189 0.150426 462.466 
0.211805 -0.0842779 0.973671 249.116 -0.0451468 0.994367 0.0958901 -14.4728 -0.976269 -0.0642681 0.206807 462.905 
0.239733 -0.0803684 0.967507 250.154 -0.046877 0.994447 0.0942217 -14.395 -0.969707 -0.0679419 0.234634 463.185 
0.267531 -0.077141 0.960456 251.187 -0.0484951 0.994449 0.0933793 -14.3178 -0.962328 -0.0715593 0.262305 463.496 
0.322552 -0.0792237 0.943231 253.251 -0.0477685 0.993859 0.0998113 -14.16 -0.945346 -0.077251 0.316787 464.184 
0.349548 -0.080091 0.933489 254.278 -0.0450013 0.993754 0.102113 -14.0799 -0.935837 -0.0777015 0.343761 464.58 
0.37702 -0.0749883 0.923165 255.284 -0.0469716 0.993887 0.0999162 -13.9985 -0.925013 -0.0810329 0.371192 464.992 
0.402581 -0.0724454 0.912513 256.291 -0.0412801 0.994412 0.0971594 -13.9136 -0.914453 -0.0767831 0.397341 465.444 
0.427651 -0.0708043 0.901167 257.288 -0.0415638 0.994333 0.0978486 -13.8328 -0.902988 -0.0793009 0.422285 465.915 
0.451226 -0.070624 0.889611 258.284 -0.0434354 0.993944 0.100938 -13.7505 -0.891352 -0.0841864 0.445426 466.431 
0.474232 -0.0732488 0.877348 259.272 -0.0430048 0.993416 0.106185 -13.6606 -0.879349 -0.0880863 0.467959 466.974 
0.496254 -0.0774496 0.864716 260.242 -0.0392348 0.992995 0.111456 -13.5676 -0.867291 -0.0892372 0.489739 467.523 
0.517598 -0.0780859 0.852053 261.213 -0.037659 0.992783 0.11386 -13.4685 -0.854795 -0.091021 0.510922 468.115 
0.556893 -0.0756269 0.827134 263.107 -0.0363474 0.992673 0.115235 -13.2625 -0.829789 -0.0942374 0.550064 469.351 
0.589097 -0.0696665 0.805054 264.95 -0.0407553 0.992447 0.115706 -13.047 -0.807034 -0.100972 0.581808 470.682 
0.614838 -0.0642656 0.786031 266.771 -0.0452658 0.992156 0.116526 -12.8245 -0.787354 -0.107225 0.607106 472.095 
0.635708 -0.0612292 0.769497 268.559 -0.0470305 0.991925 0.117781 -12.5955 -0.770496 -0.111064 0.627695 473.556 
0.654227 -0.0568438 0.754159 270.327 -0.0446172 0.992534 0.113516 -12.3719 -0.754981 -0.107914 0.646806 475.066 
0.668675 -0.0545287 0.741552 272.08 -0.042629 0.992856 0.111447 -12.1617 -0.742332 -0.106134 0.661573 476.625 
0.676311 -0.0549713 0.734563 273.82 -0.0431685 0.99254 0.114022 -11.967 -0.735351 -0.108825 0.668892 478.207 
0.681312 -0.0571037 0.729763 275.533 -0.0427417 0.992148 0.117539 -11.7617 -0.730745 -0.111272 0.673521 479.794 
0.683193 -0.0579032 0.727939 276.385 -0.0421938 0.992056 0.118512 -11.6556 -0.729018 -0.111681 0.675322 480.591 
0.685311 -0.0572716 0.725995 277.233 -0.0425302 0.992054 0.118407 -11.5492 -0.727007 -0.112022 0.67743 481.387 
0.687089 -0.0545471 0.724523 278.074 -0.0438596 0.992246 0.116297 -11.4421 -0.725248 -0.111684 0.679369 482.184 
0.68827 -0.0541695 0.723429 278.916 -0.0415274 0.992631 0.113836 -11.3373 -0.724265 -0.108392 0.680949 482.977 
0.689275 -0.0538172 0.722499 279.748 -0.0396231 0.992945 0.111763 -11.2369 -0.723416 -0.105663 0.682279 483.771 
0.689497 -0.0547132 0.722219 280.574 -0.0380842 0.993025 0.111587 -11.1374 -0.723287 -0.104444 0.682604 484.566 
0.688847 -0.0554917 0.722779 281.391 -0.0378981 0.992945 0.112353 -11.0423 -0.723915 -0.104786 0.681885 485.347 
0.687082 -0.0566198 0.724371 282.202 -0.0386587 0.992698 0.114262 -10.9461 -0.725551 -0.106511 0.679876 486.121 
0.679719 -0.0572217 0.731237 283.81 -0.043265 0.992088 0.117851 -10.755 -0.732196 -0.111742 0.671865 487.633 
0.668904 -0.0563853 0.741207 285.383 -0.0467588 0.991953 0.117658 -10.5645 -0.741877 -0.11336 0.660885 489.07 
0.653221 -0.0505944 0.755475 286.935 -0.0519918 0.992413 0.111417 -10.3855 -0.75538 -0.112058 0.645634 490.428 
0.63293 -0.0518713 0.772469 288.479 -0.0488318 0.993092 0.106697 -10.227 -0.772668 -0.105253 0.626025 491.7 
0.610647 -0.0536716 0.790082 290 -0.0446633 0.993778 0.102029 -10.0841 -0.790642 -0.0975914 0.604451 492.874 
0.586175 -0.0557678 0.808262 291.497 -0.0373215 0.99471 0.0956989 -9.95721 -0.809324 -0.0862619 0.580994 493.948 
0.559273 -0.0452 0.82775 292.944 -0.0297096 0.996778 0.0745033 -9.85627 -0.828451 -0.0662597 0.556128 494.909 
0.527967 -0.0236652 0.848935 294.346 -0.0368097 0.998035 0.0507141 -9.7791 -0.848467 -0.0580244 0.526059 495.795 
0.487937 -0.0226563 0.872585 295.756 -0.042515 0.99786 0.0496828 -9.72877 -0.871843 -0.0613399 0.485929 496.606 
0.437175 -0.0289177 0.898911 297.158 -0.043423 0.997639 0.053212 -9.68742 -0.898327 -0.0622964 0.434887 497.296 
0.373046 -0.035487 0.927134 298.556 -0.0373907 0.997881 0.0532397 -9.64832 -0.927059 -0.054527 0.370928 497.84 
0.297486 -0.0258773 0.954376 299.973 -0.0265743 0.999021 0.0353712 -9.62531 -0.954356 -0.0358843 0.296507 498.248 
0.216893 -0.0127648 0.976112 301.409 -0.026906 0.999456 0.0190487 -9.61297 -0.975825 -0.0303948 0.216431 498.553 
0.135277 -0.0173476 0.990656 302.912 -0.0235875 0.999507 0.0207235 -9.61651 -0.990527 -0.0261705 0.134801 498.776 
0.0501923 -0.0296213 0.9983 304.383 -0.0263324 0.999173 0.0309712 -9.60902 -0.998392 -0.0278421 0.0493708 498.847 
-0.0382064 -0.0308166 0.998795 305.825 -0.0177664 0.999387 0.0301553 -9.58103 -0.999112 -0.0165929 -0.0387305 498.756 
-0.122223 -0.0247997 0.992193 307.25 -0.0159841 0.999607 0.0230161 -9.56395 -0.992374 -0.0130462 -0.122572 498.551 
-0.191062 -0.0173054 0.981425 308.665 -0.0032489 0.99985 0.0169978 -9.54733 -0.981573 5.90801e-05 -0.19109 498.23 
-0.245508 -0.0221233 0.969142 310.083 -0.00378766 0.999754 0.0218626 -9.53397 -0.969387 0.00169667 -0.245532 497.866 
-0.30233 -0.0214468 0.952962 312.168 0.00269043 0.999724 0.0233528 -9.49048 -0.953199 0.00962412 -0.302189 497.17 
-0.336851 -0.0213436 0.941316 313.551 0.00652009 0.999666 0.0249999 -9.45022 -0.941535 0.0145587 -0.336599 496.634 
-0.372966 -0.0204694 0.927619 314.931 0.0102609 0.999605 0.0261835 -9.41667 -0.927788 0.0192837 -0.372608 496.049 
-0.417568 -0.0217128 0.908386 316.287 0.00609262 0.999625 0.0266943 -9.38986 -0.908625 0.0166811 -0.417279 495.404 
-0.468826 -0.0173718 0.88312 317.599 0.00628759 0.999716 0.0230032 -9.3786 -0.883268 0.0163372 -0.468583 494.678 
-0.529689 -0.0174965 0.848012 318.877 0.00382886 0.999728 0.0230183 -9.35356 -0.848183 0.0154395 -0.529478 493.89 
-0.56281 -0.0186378 0.826376 319.469 0.00524496 0.999645 0.0261177 -9.34471 -0.82657 0.0190336 -0.562512 493.419 
-0.628962 -0.0139254 0.777312 320.615 0.0128268 0.999518 0.028285 -9.32942 -0.77733 0.0277606 -0.62848 492.438 
-0.661369 -0.0126535 0.749954 321.17 0.0127258 0.999525 0.028087 -9.31891 -0.749953 0.0281196 -0.660894 491.942 
-0.692553 -0.0112204 0.72128 321.692 0.0129472 0.999525 0.0279803 -9.30504 -0.721251 0.0287164 -0.692078 491.423 
-0.751565 -0.00696473 0.659622 322.621 0.0177821 0.999367 0.0308127 -9.2701 -0.65942 0.0348872 -0.750965 490.286 
-0.825992 -0.000190022 0.563682 323.796 0.0239196 0.999087 0.0353874 -9.22119 -0.563174 0.0427127 -0.825234 488.52 
-0.890717 0.0157872 0.454284 325.083 0.0321031 0.999086 0.0282246 -9.20298 -0.453423 0.039724 -0.89041 486.074 
-0.93678 0.021922 0.349231 326.146 0.0366769 0.99869 0.0356926 -9.18618 -0.347991 0.0462448 -0.936357 483.51 
-0.973061 0.0317047 0.228359 326.848 0.0405891 0.998587 0.0343137 -9.14835 -0.226948 0.0426581 -0.972972 480.79 
-0.9907 0.0402781 0.129966 327.136 0.046591 0.997859 0.0459029 -9.1094 -0.127839 0.0515313 -0.990455 478.684 
-0.997282 0.0396603 0.0621018 327.218 0.0426998 0.997915 0.0484051 -9.08442 -0.0600525 0.0509252 -0.996895 477.249 
-0.996697 0.0460674 -0.0668825 327.083 0.0430928 0.998045 0.0452575 -8.99858 0.0688367 0.0422259 -0.996734 474.331 
-0.987921 0.0524754 -0.145806 326.761 0.0464792 0.997939 0.044234 -8.92793 0.147826 0.0369227 -0.988324 472.078 
-0.98135 0.0516028 -0.185172 326.456 0.0446401 0.998138 0.0415785 -8.8779 0.186973 0.032537 -0.981826 470.545 
-0.974897 0.0510167 -0.216733 326.102 0.0436499 0.998299 0.0386456 -8.84498 0.218336 0.0282151 -0.975466 468.984 
-0.96867 0.0471424 -0.243835 325.705 0.038272 0.998426 0.0409919 -8.82124 0.245384 0.0303756 -0.96895 467.393 
-0.962257 0.0526372 -0.267002 325.013 0.0420372 0.99809 0.0452661 -8.76628 0.268874 0.0323336 -0.962632 464.947 
-0.96069 0.0523416 -0.272646 324.526 0.0434546 0.998312 0.0385368 -8.7195 0.274203 0.0251742 -0.961342 463.283 
-0.95948 0.0555153 -0.276256 324.015 0.0467771 0.998178 0.0381259 -8.66845 0.277869 0.0236586 -0.960328 461.569 
-0.958569 0.058039 -0.278884 323.503 0.0472164 0.997854 0.0453742 -8.6176 0.280919 0.0303264 -0.959252 459.821 
-0.957566 0.0604806 -0.281798 322.973 0.0501802 0.997787 0.0436339 -8.55289 0.283813 0.0276416 -0.958481 458.042 
-0.956747 0.0569918 -0.285285 322.428 0.0469871 0.998021 0.0417977 -8.47669 0.287103 0.0265851 -0.957531 456.222 
-0.955199 0.0589729 -0.290029 321.582 0.0485973 0.997899 0.042854 -8.39646 0.291946 0.0268395 -0.956058 453.439 
-0.954081 0.0607101 -0.293333 320.998 0.0505577 0.997834 0.0420768 -8.34198 0.295252 0.0253144 -0.955084 451.547 
-0.953027 0.0622295 -0.296424 320.401 0.0515288 0.997711 0.0437843 -8.29681 0.29847 0.0264533 -0.954052 449.633 
-0.952578 0.061175 -0.298081 320.102 0.0501914 0.997753 0.0443719 -8.27599 0.300126 0.0273066 -0.953509 448.673 
-0.952093 0.0610356 -0.299655 319.803 0.0495081 0.997718 0.0459192 -8.2571 0.301774 0.028884 -0.952942 447.709 
-0.951233 0.0571196 -0.30314 319.195 0.0448056 0.997869 0.0474279 -8.1992 0.305203 0.0315326 -0.951765 445.777 
-0.95027 0.0583709 -0.305909 318.566 0.0468434 0.997893 0.0448957 -8.14181 0.307885 0.0283332 -0.951002 443.841 
-0.950243 0.0609509 -0.30549 317.934 0.0486307 0.997673 0.0477862 -8.09335 0.307692 0.0305523 -0.950995 441.902 
-0.954511 0.0502412 -0.293911 316.73 0.0400555 0.998373 0.040577 -8.00639 0.295472 0.0269584 -0.954971 438.006 
-0.959636 0.037914 -0.278679 315.881 0.0309822 0.999092 0.0292378 -7.9697 0.279534 0.0194236 -0.959939 435.073 
-0.96866 0.0233445 -0.24729 314.867 0.015406 0.999304 0.0339884 -7.9723 0.247912 0.0291134 -0.968345 431.133 
-0.981427 0.0266766 -0.189971 314.024 0.0206646 0.999223 0.0335581 -7.96158 0.190719 0.0290091 -0.981216 427.175 
-0.988698 0.0206046 -0.148498 313.546 0.0165795 0.999462 0.0282925 -7.94233 0.149001 0.0255107 -0.988508 424.189 
-0.993986 0.0238475 -0.106882 313.186 0.0205413 0.999279 0.0319282 -7.93433 0.107566 0.0295407 -0.993759 421.192 
-0.997625 0.0128203 -0.0676802 312.967 0.0102776 0.999233 0.0377848 -7.91651 0.0681127 0.0369995 -0.996991 418.184 
-0.999069 0.00961495 -0.0420559 312.882 0.00801106 0.99924 0.038141 -7.89739 0.0423907 0.0377686 -0.998387 416.18 
-0.999837 0.00832226 -0.0160506 312.851 0.00769873 0.999228 0.0385259 -7.86419 0.0163588 0.038396 -0.999129 414.174 
-0.999937 0.00612512 0.00941991 312.873 0.0065349 0.999005 0.0441042 -7.80964 -0.0091404 0.044163 -0.998982 412.156 
-0.99974 0.00603881 0.022001 312.9 0.00703123 0.998948 0.0453129 -7.78816 -0.0217042 0.0454558 -0.998731 411.16 
-0.999371 0.00810722 0.0345197 312.938 0.00965693 0.998942 0.0449659 -7.77085 -0.0341186 0.0452709 -0.998392 410.161 
-0.998234 0.009877 0.0585714 313.048 0.0122262 0.999129 0.0398871 -7.72747 -0.0581264 0.0405328 -0.997486 408.161 
-0.996565 0.00858996 0.0823649 313.204 0.0117607 0.999205 0.0380886 -7.68043 -0.0819723 0.0389265 -0.995874 406.159 
-0.994663 0.00659042 0.102968 313.406 0.0103509 0.999297 0.0360289 -7.63629 -0.102658 0.0369024 -0.994032 404.159 
-0.992514 0.00525076 0.122019 313.646 0.00929059 0.999426 0.0325628 -7.60323 -0.121778 0.0334527 -0.991993 402.17 
-0.990164 0.00338812 0.139873 313.924 0.00806729 0.999426 0.0328995 -7.57829 -0.139681 0.0337043 -0.989623 400.189 
-0.987685 -0.00128099 0.156451 314.242 0.00474353 0.999262 0.0381279 -7.55641 -0.156385 0.0384005 -0.98695 398.228 
-0.984907 -0.00208964 0.17307 314.583 0.00440624 0.9993 0.0371406 -7.53343 -0.173026 0.0373426 -0.984209 396.281 
-0.982174 -0.00687455 0.187849 314.957 0.000531135 0.999225 0.0393449 -7.50906 -0.187974 0.0387432 -0.98141 394.351 
-0.979392 -0.00930626 0.201752 315.357 -0.000935856 0.999136 0.0415443 -7.48027 -0.201964 0.0404994 -0.978555 392.439 
-0.976448 -0.0114838 0.215446 315.779 -0.00182837 0.998987 0.0449618 -7.4469 -0.215744 0.043509 -0.97548 390.542 
-0.973357 -0.0110108 0.229032 316.211 -0.0018761 0.999195 0.0400634 -7.39784 -0.229289 0.0385663 -0.972594 388.683 
-0.970111 -0.0110666 0.242408 316.649 -0.00280674 0.999404 0.0343929 -7.3478 -0.242644 0.0326846 -0.969565 386.861 
-0.968386 -0.0102428 0.249248 316.876 -0.00211123 0.999457 0.0328699 -7.32578 -0.24945 0.0313045 -0.967882 385.97 
-0.964539 -0.00702946 0.263846 317.338 0.000278837 0.999618 0.0276515 -7.30298 -0.263939 0.0267445 -0.964168 384.243 
-0.960464 -0.00494988 0.278359 317.816 -0.00136377 0.999914 0.0130752 -7.31193 -0.2784 0.0121786 -0.960388 382.613 
-0.957065 -0.00419053 0.289844 318.278 -0.00636637 0.999958 -0.00656447 -7.31794 -0.289805 -0.00812788 -0.957051 381.083 
-0.954641 -0.00399076 0.297731 318.725 -0.00998938 0.999776 -0.0186289 -7.34964 -0.29759 -0.0207581 -0.954468 379.649 
-0.953382 -0.000194167 0.301767 319.15 -0.0108664 0.999373 -0.0336878 -7.40508 -0.301571 -0.0353964 -0.952786 378.297 
-0.953496 0.00515668 0.301361 319.536 -0.00595456 0.999336 -0.03594 -7.44915 -0.301347 -0.0360631 -0.952832 376.961 
-0.95658 0.011157 0.291255 319.89 0.00289219 0.999581 -0.0287918 -7.49463 -0.291454 -0.0266993 -0.956212 375.63 
-0.963616 0.0135864 0.266943 320.203 0.00525416 0.999477 -0.0319032 -7.52633 -0.267237 -0.0293399 -0.963184 374.324 
-0.974605 0.0182312 0.223188 320.455 0.0135395 0.999654 -0.0225335 -7.55241 -0.223522 -0.0189393 -0.974515 373.03 
-0.986764 0.021364 0.160751 320.633 0.020618 0.999768 -0.00630755 -7.58206 -0.160849 -0.00290968 -0.986975 371.738 
-0.996198 0.0231369 0.0839914 320.698 0.023555 0.999715 0.00399096 -7.60412 -0.0838751 0.00595421 -0.996459 370.459 
-0.99857 0.0306871 -0.0437682 320.586 0.029968 0.999406 0.0169923 -7.60515 0.0442636 0.0156564 -0.998897 368.565 
-0.983358 0.028672 -0.179404 320.193 0.0243038 0.999353 0.0264992 -7.5636 0.180048 0.021698 -0.983419 366.666 
-0.962955 0.0338531 -0.267528 319.812 0.0241251 0.998926 0.0395675 -7.52356 0.26858 0.0316476 -0.962737 365.452 
-0.934134 0.0295815 -0.355695 319.295 0.0151041 0.998943 0.0434106 -7.46419 0.356604 0.0351789 -0.933593 364.228 
-0.898101 0.0346561 -0.438421 318.655 0.0169366 0.998876 0.0442643 -7.40182 0.439463 0.0323285 -0.897679 363.038 
-0.858126 0.0434675 -0.511596 317.917 0.0223605 0.998628 0.0473415 -7.3397 0.512952 0.0291854 -0.857921 361.899 
-0.817875 0.0490029 -0.573305 317.096 0.0257251 0.998485 0.0486456 -7.28752 0.57482 0.0250377 -0.817897 360.795 
-0.76485 0.0576637 -0.641623 315.688 0.0387515 0.998301 0.0435251 -7.18059 0.643042 0.00842624 -0.765784 359.185 
-0.727395 0.0624298 -0.683373 314.123 0.0458195 0.998049 0.0424061 -7.1037 0.684688 -0.000465876 -0.728836 357.555 
-0.697441 0.0623152 -0.713928 312.411 0.0476066 0.99804 0.0406067 -7.02033 0.715059 -0.00566688 -0.699041 355.89 
-0.686011 0.0652801 -0.724657 311.183 0.05172 0.997823 0.0409262 -6.96997 0.725751 -0.0094034 -0.687894 354.755 
-0.688427 0.0702762 -0.721893 309.912 0.0569221 0.99746 0.0428194 -6.90971 0.723069 -0.0116136 -0.690679 353.572 
-0.694634 0.0672192 -0.716216 308.615 0.0514416 0.997717 0.0437476 -6.83478 0.717522 -0.00645469 -0.696506 352.322 
-0.697153 0.0629376 -0.714155 307.282 0.0469054 0.998009 0.0421647 -6.75073 0.715387 -0.00410242 -0.698717 351.031 
-0.69909 0.0621566 -0.712327 305.919 0.0450217 0.998064 0.0429045 -6.67113 0.713615 -0.00207608 -0.700535 349.71 
-0.702588 0.0596894 -0.709089 303.815 0.0438494 0.998214 0.0405798 -6.55662 0.710245 -0.00258224 -0.70395 347.661 
-0.705299 0.0575583 -0.706569 302.392 0.044845 0.998325 0.0365608 -6.5072 0.70749 -0.00589979 -0.706699 346.25 
-0.708538 0.0521255 -0.703745 300.947 0.0425466 0.998609 0.0311294 -6.45547 0.704389 -0.00788556 -0.70977 344.8 
-0.711827 0.0472898 -0.700761 299.493 0.040321 0.998837 0.0264473 -6.41586 0.701197 -0.00942953 -0.712905 343.322 
-0.715597 0.049251 -0.696775 298.038 0.0393886 0.998769 0.0301447 -6.39572 0.697402 -0.00587355 -0.716656 341.82 
-0.721234 0.0515308 -0.690772 296.586 0.0403141 0.998661 0.0324071 -6.37594 0.691518 -0.00447474 -0.722346 340.3 
-0.729429 0.0538796 -0.681932 295.144 0.0385117 0.998547 0.0377014 -6.35539 0.682972 0.00123815 -0.730444 338.751 
-0.744734 0.053094 -0.665246 293.011 0.0402873 0.998589 0.0345974 -6.31346 0.666145 -0.00103517 -0.745822 336.384 
-0.76058 0.0542937 -0.64697 291.614 0.0440244 0.998517 0.0320404 -6.27952 0.64775 -0.00411318 -0.761842 334.765 
-0.790179 0.0554193 -0.610366 289.625 0.0489897 0.998428 0.0272322 -6.25895 0.610915 -0.00838326 -0.791652 332.265 
-0.809789 0.0506524 -0.584531 288.369 0.044696 0.998697 0.0246216 -6.24678 0.585017 -0.00618793 -0.810998 330.531 
-0.825494 0.0494635 -0.56224 287.171 0.0407792 0.998776 0.0279952 -6.24851 0.562936 0.000182194 -0.8265 328.759 
-0.840221 0.0489535 -0.54003 286.027 0.0391159 0.998794 0.0296807 -6.25457 0.540832 0.00381461 -0.841122 326.96 
-0.853889 0.0478512 -0.518251 284.911 0.0395917 0.998851 0.0269933 -6.25536 0.518947 0.00253088 -0.854803 325.123 
-0.866969 0.0457067 -0.496262 283.831 0.0395651 0.998955 0.0228856 -6.26339 0.496789 0.000206387 -0.867871 323.246 
-0.878544 0.0464624 -0.475395 282.783 0.0422848 0.998916 0.0194848 -6.26655 0.475785 -0.0029837 -0.879556 321.333 
-0.886998 0.0523156 -0.4588 281.758 0.0465632 0.998631 0.0238502 -6.2569 0.459419 -0.000208061 -0.88822 319.379 
-0.892371 0.0537915 -0.448086 280.755 0.0485875 0.998552 0.0231106 -6.24711 0.44868 -0.00114815 -0.893692 317.392 
-0.894742 0.051272 -0.443631 279.77 0.0447451 0.998681 0.0251766 -6.24655 0.444337 0.00267622 -0.895856 315.38 
-0.89605 0.0483316 -0.441314 278.776 0.0430165 0.998831 0.0220483 -6.23092 0.441864 0.000772591 -0.897082 313.355 
-0.898395 0.0492817 -0.436415 277.775 0.0444202 0.998785 0.0213443 -6.21907 0.436937 -0.000210017 -0.899492 311.309 
-0.901147 0.0561475 -0.429862 276.767 0.049774 0.99842 0.0260668 -6.20222 0.430647 0.00209407 -0.902518 309.235 
-0.903314 0.0579936 -0.425042 275.761 0.055187 0.998297 0.0189243 -6.17887 0.425415 -0.00636223 -0.904976 307.144 
-0.904094 0.0597794 -0.423132 274.757 0.0566198 0.998194 0.0200454 -6.16746 0.423567 -0.00583469 -0.905846 305.022 
-0.904101 0.0663325 -0.42214 273.733 0.0597007 0.997797 0.0289263 -6.13289 0.423129 0.000950192 -0.906069 302.874 
-0.903242 0.0748683 -0.422551 272.682 0.0695619 0.997185 0.027988 -6.07492 0.423457 -0.0041135 -0.905907 300.715 
-0.902159 0.0782843 -0.424241 271.62 0.0743245 0.996898 0.0259025 -6.03126 0.424953 -0.00816334 -0.905179 298.532 
-0.900808 0.0737034 -0.427916 270.558 0.0679644 0.997275 0.0286965 -5.99582 0.428865 -0.00323305 -0.903363 296.319 
-0.897539 0.0633489 -0.436361 269.481 0.0554738 0.997986 0.0307804 -5.95029 0.437432 0.00341995 -0.899245 294.085 
-0.892321 0.0536685 -0.4482 268.364 0.0444603 0.998529 0.0310501 -5.89128 0.449207 0.00777948 -0.893394 291.836 
-0.885418 0.0474764 -0.462365 267.209 0.0393481 0.998855 0.0272136 -5.84399 0.463128 0.0059022 -0.886272 289.597 
-0.877349 0.0550759 -0.476682 266 0.0443697 0.998447 0.0336969 -5.79889 0.477798 0.00841371 -0.87843 287.361 
-0.868271 0.0642723 -0.491908 264.728 0.0550828 0.997931 0.0331617 -5.73585 0.493022 0.00169768 -0.870015 285.132 
-0.860322 0.06562 -0.505509 263.426 0.0604277 0.997816 0.0266847 -5.69938 0.506156 -0.00758929 -0.862409 282.914 
-0.856251 0.0685631 -0.51199 262.759 0.061341 0.997635 0.0310118 -5.67858 0.512906 -0.00485212 -0.858431 281.8 
-0.852222 0.0707503 -0.518375 262.085 0.0606685 0.997494 0.0364022 -5.6505 0.519651 -0.000426256 -0.854378 280.682 
-0.845417 0.0828771 -0.527637 260.702 0.0698262 0.996559 0.0446513 -5.58089 0.529522 0.000906097 -0.848296 278.472 
-0.84221 0.0839335 -0.532575 259.31 0.0769988 0.996407 0.0352678 -5.52496 0.533622 -0.0113048 -0.845647 276.282 
-0.840567 0.077465 -0.53614 257.922 0.0684538 0.996978 0.0367272 -5.48166 0.537365 -0.00582913 -0.84333 274.068 
-0.839471 0.0731307 -0.538461 256.506 0.0625103 0.997321 0.0379958 -5.40596 0.539797 -0.00176294 -0.841793 271.838 
-0.839312 0.0735551 -0.53865 255.789 0.061282 0.99729 0.0406964 -5.36927 0.540184 0.00114748 -0.841546 270.72 
-0.839175 0.0744023 -0.538749 254.344 0.0615656 0.997226 0.0418222 -5.30915 0.540366 0.00192775 -0.841428 268.488 
-0.83939 0.071756 -0.538773 252.9 0.0586542 0.997417 0.041459 -5.23864 0.540356 0.00319904 -0.84143 266.234 
-0.838196 0.0702582 -0.540824 251.438 0.0557081 0.99751 0.0432469 -5.15609 0.542516 0.00612112 -0.840023 263.958 
-0.835975 0.0729153 -0.543902 249.945 0.0570786 0.997311 0.0459696 -5.05505 0.545792 0.00738422 -0.837888 261.679 
-0.834464 0.0716008 -0.546391 248.445 0.0567783 0.997417 0.0439913 -4.96232 0.54813 0.00568597 -0.836374 259.4 
-0.83407 0.0705781 -0.547125 247.697 0.0552423 0.997483 0.0444587 -4.92363 0.548886 0.00685715 -0.835869 258.254 
-0.833959 0.0702006 -0.547343 246.95 0.0542315 0.9975 0.0453067 -4.88836 0.549155 0.00810073 -0.835681 257.11 
-0.834397 0.0732609 -0.546274 245.448 0.0577651 0.997292 0.0455148 -4.81124 0.548129 0.00642187 -0.836369 254.808 
-0.834965 0.0726364 -0.545489 243.945 0.0585098 0.99735 0.0432461 -4.75782 0.547184 0.0041925 -0.837002 252.494 
-0.835477 0.0715144 -0.544853 242.433 0.0562191 0.997417 0.0447094 -4.70039 0.546643 0.00672253 -0.837339 250.163 
-0.835861 0.0712862 -0.544293 240.897 0.0560836 0.997433 0.0445076 -4.64158 0.546069 0.0066763 -0.837714 247.825 
-0.836031 0.0715983 -0.543991 238.557 0.0578631 0.997426 0.0423514 -4.53326 0.545623 0.00393007 -0.838022 244.277 
-0.835942 0.0746865 -0.543713 236.972 0.0602972 0.997198 0.0442739 -4.43461 0.545496 0.00422602 -0.838103 241.887 
-0.835302 0.0776727 -0.544277 235.373 0.0638797 0.996977 0.0442404 -4.31258 0.546068 0.00218581 -0.837738 239.49 
-0.834316 0.0804421 -0.545386 233.763 0.0698891 0.996748 0.0401018 -4.20752 0.546839 -0.00465898 -0.837225 237.091 
-0.832905 0.0797091 -0.547645 232.145 0.0672272 0.996818 0.0428407 -4.09614 0.549317 -0.00113448 -0.835613 234.673 
-0.830177 0.0753208 -0.552388 230.508 0.061302 0.997156 0.0438371 -3.98877 0.554119 0.00253005 -0.832433 232.238 
-0.827364 0.077276 -0.556325 228.838 0.0616624 0.997 0.0467839 -3.87833 0.558271 0.00440297 -0.829647 229.808 
-0.826111 0.0759552 -0.558365 228.011 0.0622576 0.997111 0.0435272 -3.82823 0.560058 0.00119574 -0.828452 228.6 
-0.824476 0.0736808 -0.561079 226.343 0.0604731 0.997282 0.0421007 -3.73017 0.562656 0.000780869 -0.826691 226.169 
-0.823023 0.0784323 -0.562567 224.66 0.0626972 0.996913 0.0472636 -3.64259 0.564538 0.00362766 -0.825399 223.74 
-0.821958 0.0826832 -0.563515 222.973 0.0673268 0.996575 0.0480205 -3.55337 0.565555 0.0015311 -0.824709 221.322 
-0.820861 0.087017 -0.56446 221.286 0.0709565 0.996206 0.050387 -3.46221 0.566703 0.00130862 -0.823921 218.901 
-0.820671 0.0898796 -0.564288 219.599 0.0742739 0.995953 0.050615 -3.36542 0.566553 -0.000373588 -0.824025 216.482 
-0.821488 0.0875485 -0.563465 217.915 0.0725795 0.99616 0.0489634 -3.29483 0.565588 -0.000673117 -0.824688 214.053 
-0.823088 0.0860285 -0.56136 216.25 0.0700651 0.996291 0.0499497 -3.2287 0.563575 0.00178129 -0.826063 211.635 
-0.825183 0.0850793 -0.558421 214.589 0.0676347 0.996362 0.0518584 -3.15316 0.560801 0.00502407 -0.827935 209.212 
-0.827593 0.0801881 -0.555571 212.944 0.0649973 0.996776 0.0470475 -3.07215 0.557552 0.00282562 -0.830137 206.787 
-0.830624 0.0717889 -0.552186 211.317 0.0576461 0.997412 0.0429581 -3.00856 0.553841 0.00385069 -0.832613 204.351 
-0.832195 0.0706557 -0.549962 210.508 0.0541529 0.997463 0.0462044 -2.97345 0.551832 0.00866902 -0.83391 203.127 
-0.833644 0.0702248 -0.547819 209.697 0.0527625 0.997473 0.0475744 -2.92641 0.549776 0.0107558 -0.835243 201.903 
-0.835036 0.0714706 -0.545533 208.894 0.0532234 0.99737 0.0491981 -2.8776 0.547615 0.012047 -0.836644 200.677 
-0.838143 0.0758243 -0.540154 207.297 0.0582324 0.99707 0.0496063 -2.78231 0.542333 0.0101227 -0.840103 198.219 
-0.841944 0.0792699 -0.533709 205.726 0.0620403 0.996811 0.050182 -2.69226 0.535986 0.00913898 -0.844178 195.763 
-0.848251 0.0813525 -0.523309 204.178 0.0651865 0.996656 0.0492749 -2.60998 0.525568 0.00768479 -0.850717 193.291 
-0.855892 0.0749121 -0.511701 202.671 0.0614004 0.997174 0.043284 -2.52567 0.513498 0.00562774 -0.858073 190.802 
-0.863246 0.0716552 -0.499673 201.191 0.0568589 0.997377 0.0447975 -2.46314 0.501572 0.0102604 -0.865055 188.29 
-0.87021 0.0729911 -0.487245 199.74 0.0566149 0.997228 0.0482755 -2.39652 0.489418 0.0144245 -0.87193 185.759 
-0.876537 0.0699819 -0.476219 198.335 0.0575389 0.997514 0.0406808 -2.33214 0.477882 0.00825708 -0.878385 183.227 
-0.881043 0.0718892 -0.467541 196.938 0.058747 0.997361 0.0426505 -2.25971 0.469373 0.0101103 -0.882942 180.671 
-0.883859 0.0767145 -0.46142 195.568 0.0629007 0.996992 0.04527 -2.19234 0.463505 0.0109887 -0.886026 178.119 
-0.886004 0.0761217 -0.457387 194.226 0.0648482 0.99708 0.040324 -2.14047 0.459121 0.00606648 -0.888353 175.567 
-0.888617 0.0737581 -0.452681 192.911 0.0621427 0.997245 0.0405006 -2.09719 0.454422 0.00785868 -0.890752 172.993 
-0.889906 0.073526 -0.450179 192.262 0.0613311 0.997248 0.0416387 -2.07417 0.452002 0.00944456 -0.891967 171.701 
-0.891193 0.0731897 -0.447681 191.624 0.0606218 0.997262 0.0423596 -2.05726 0.449556 0.0106114 -0.893189 170.408 
-0.893664 0.0732761 -0.442714 190.351 0.0613773 0.997265 0.0411667 -2.02058 0.44452 0.00961663 -0.895718 167.825 
-0.894687 0.0755967 -0.44025 189.717 0.0639082 0.997099 0.0413391 -2.0017 0.442099 0.00884996 -0.896923 166.528 
-0.896752 0.0789 -0.435444 188.444 0.067894 0.996858 0.0408044 -1.9432 0.437295 0.00702738 -0.899291 163.927 
-0.897701 0.0768579 -0.433849 187.815 0.0667914 0.997027 0.038425 -1.91645 0.435513 0.00551681 -0.900166 162.622 
-0.899677 0.0703651 -0.430847 186.577 0.0575096 0.997427 0.0428087 -1.86772 0.432751 0.0137362 -0.901409 159.995 
-0.900271 0.0685548 -0.429897 185.959 0.0548269 0.997515 0.0442556 -1.83014 0.431863 0.0162721 -0.901792 158.682 
-0.900876 0.0667409 -0.428916 185.338 0.0529583 0.997627 0.0440034 -1.79345 0.430835 0.016927 -0.902272 157.367 
-0.901169 0.067171 -0.428233 184.717 0.0533754 0.997598 0.0441568 -1.75965 0.43017 0.0169356 -0.902589 156.053 
-0.901894 0.0690111 -0.42641 183.475 0.0553331 0.99748 0.0444003 -1.69101 0.4284 0.0164498 -0.90344 153.423 
-0.902676 0.0673912 -0.42501 182.24 0.0557914 0.997653 0.0396964 -1.62824 0.426688 0.0121211 -0.904318 150.794 
-0.903651 0.0659146 -0.423167 181.008 0.0541961 0.997742 0.0396803 -1.5676 0.424827 0.0129231 -0.905182 148.161 
-0.905 0.0655706 -0.420327 179.791 0.0540097 0.997764 0.0393627 -1.51302 0.421969 0.0129215 -0.906518 145.532 
-0.906389 0.0666217 -0.417157 178.592 0.0549819 0.997691 0.0398721 -1.46918 0.41885 0.0132036 -0.907959 142.9 
-0.907388 0.0677225 -0.414801 177.399 0.057705 0.997661 0.0366519 -1.42939 0.416313 0.00932141 -0.909173 140.261 
-0.907104 0.0693271 -0.415159 176.191 0.0596011 0.99756 0.0363561 -1.37819 0.416666 0.00823483 -0.909022 137.609 
-0.904757 0.0669714 -0.420631 174.975 0.0567602 0.997711 0.0367638 -1.33982 0.42213 0.0093872 -0.906487 134.968 
-0.900583 0.0637324 -0.429986 173.757 0.0510709 0.997856 0.0409366 -1.33309 0.431673 0.014907 -0.901907 132.355 
-0.897712 0.0631893 -0.436028 173.137 0.0489833 0.997841 0.0437587 -1.31991 0.437852 0.0179246 -0.898868 131.052 
-0.890462 0.0623443 -0.450767 171.869 0.0456831 0.997814 0.0477608 -1.30164 0.452759 0.0219367 -0.891363 128.47 
-0.881579 0.0565108 -0.468642 170.56 0.0406038 0.998207 0.0439866 -1.26915 0.470288 0.019749 -0.882292 125.923 
-0.871646 0.0522225 -0.487345 169.204 0.034771 0.998391 0.0447948 -1.22526 0.4889 0.0220998 -0.87206 123.404 
-0.860935 0.0539393 -0.505847 167.789 0.0359597 0.998328 0.0452512 -1.14743 0.507442 0.0207682 -0.861435 120.925 
-0.855287 0.0554765 -0.515176 167.059 0.0369756 0.998252 0.0461101 -1.09936 0.516834 0.0203884 -0.855843 119.698 
-0.849468 0.0563312 -0.524624 166.313 0.0375919 0.998219 0.0463146 -1.05042 0.526299 0.0196211 -0.850073 118.48 
-0.836371 0.0592696 -0.544951 164.779 0.0411777 0.998122 0.045359 -0.955916 0.546616 0.0154971 -0.83724 116.076 
-0.822361 0.0669291 -0.565015 163.184 0.0476668 0.99767 0.0488019 -0.853053 0.566965 0.0132003 -0.823636 113.699 
-0.808129 0.0732361 -0.584434 161.538 0.0531254 0.997259 0.0515081 -0.731978 0.586604 0.0105769 -0.809805 111.359 
-0.795868 0.0743231 -0.600891 159.843 0.057165 0.997228 0.0476314 -0.621183 0.602765 0.00355841 -0.797911 109.067 
-0.786638 0.0754277 -0.612789 158.119 0.0595847 0.997151 0.0462496 -0.534764 0.614532 -0.000131134 -0.788892 106.814 
-0.778019 0.0829192 -0.622745 156.365 0.0674597 0.996547 0.0484113 -0.452921 0.624609 -0.00434529 -0.780926 104.583 
-0.769802 0.0842912 -0.632693 154.586 0.0711692 0.996396 0.0461539 -0.367982 0.634303 -0.00949891 -0.773026 102.373 
-0.763102 0.0822969 -0.641016 152.774 0.0684495 0.996572 0.0464588 -0.289215 0.642643 -0.00842449 -0.76612 100.171 
-0.757102 0.0848714 -0.647761 150.925 0.0668953 0.996385 0.0523621 -0.197316 0.649863 -0.00368869 -0.760042 97.9833 
-0.752578 0.0804233 -0.653574 149.065 0.063786 0.99675 0.0492032 -0.124271 0.655407 -0.00465968 -0.755262 95.8122 
-0.746005 0.0819872 -0.660874 147.172 0.0606675 0.996633 0.0551586 -0.0487024 0.663171 0.00105501 -0.748467 93.6529 
-0.741021 0.0828596 -0.666349 146.211 0.0627587 0.99656 0.0541293 -0.00913359 0.668542 -0.00170821 -0.743672 92.59 
-0.729444 0.080434 -0.679295 144.267 0.0619531 0.99675 0.0514965 0.0741817 0.681229 -0.00452061 -0.732056 90.4801 
-0.720139 0.0816572 -0.689009 142.303 0.0643667 0.99663 0.05084 0.141178 0.690838 -0.00773731 -0.722968 88.3958 
-0.715501 0.0831183 -0.69365 140.314 0.0635238 0.996524 0.0538861 0.217469 0.695718 -0.00550767 -0.718294 86.3185 
-0.713819 0.0831462 -0.695377 138.314 0.0617953 0.996532 0.0557211 0.312014 0.697599 -0.00319621 -0.716482 84.2314 
-0.714837 0.08419 -0.694205 137.315 0.0620158 0.996447 0.0569856 0.356784 0.696536 -0.00231625 -0.717518 83.1885 
-0.716465 0.0835389 -0.692603 136.315 0.0603298 0.996504 0.057786 0.401386 0.695009 -0.000382937 -0.719001 82.1386 
-0.719573 0.0780481 -0.690017 134.309 0.0560164 0.99695 0.0543496 0.512554 0.692154 0.000456258 -0.72175 80.0227 
-0.721475 0.0760623 -0.68825 131.294 0.0600822 0.997076 0.0472098 0.660568 0.689829 -0.00729089 -0.723936 76.8548 
-0.722112 0.0830479 -0.686773 129.267 0.0658703 0.996511 0.0512432 0.749166 0.688633 -0.0082346 -0.725063 74.7374 
-0.721754 0.0809867 -0.687396 127.25 0.0650523 0.996672 0.049121 0.840489 0.689086 -0.00926342 -0.72462 72.6257 
-0.720701 0.0782897 -0.688811 125.224 0.0623544 0.996896 0.0480652 0.929862 0.690436 -0.00830972 -0.723346 70.5101 
-0.719031 0.079846 -0.690376 123.19 0.0612046 0.996794 0.0515401 1.0227 0.692277 -0.00519524 -0.721613 68.3876 
-0.718152 0.0802217 -0.691246 122.172 0.0601815 0.996771 0.053155 1.07106 0.693279 -0.00342686 -0.720662 67.3259 
-0.716609 0.0796791 -0.692909 121.153 0.0601026 0.996812 0.0524674 1.12007 0.694881 -0.00404703 -0.719114 66.2694 
-0.71241 0.0778366 -0.697434 119.104 0.0594089 0.996951 0.0505796 1.20975 0.699245 -0.00540044 -0.714862 64.1512 
-0.708654 0.0799184 -0.701015 117.037 0.0590541 0.996796 0.053941 1.30269 0.70308 -0.0031723 -0.711103 62.0394 
-0.705329 0.0796904 -0.704387 114.964 0.0567603 0.996819 0.0559385 1.39661 0.706604 -0.000526225 -0.707609 59.9307 
-0.702448 0.0816125 -0.707041 112.861 0.0581036 0.996664 0.0573171 1.50168 0.70936 -0.000819296 -0.704846 57.8172 
-0.700471 0.0812423 -0.709042 110.73 0.0604737 0.996683 0.0544577 1.61951 0.711114 -0.00473239 -0.70306 55.7032 
-0.699585 0.0827571 -0.709741 108.609 0.0592415 0.996568 0.0578079 1.7239 0.71209 -0.0016046 -0.702087 53.5948 
-0.699162 0.078971 -0.710589 106.495 0.0530379 0.996872 0.0586019 1.81809 0.712994 0.00328407 -0.701163 51.4689 
-0.698308 0.0837905 -0.710877 104.355 0.0561607 0.996477 0.0622863 1.92999 0.713591 0.00357173 -0.700553 49.3379 
-0.699618 0.0765545 -0.710404 102.241 0.06054 0.99702 0.0478199 2.03821 0.711947 -0.00955216 -0.702168 47.2502 
-0.700185 0.0766455 -0.709835 100.126 0.0549725 0.997057 0.0534336 2.12695 0.711842 -0.00160797 -0.702338 45.1325 
-0.700712 0.080451 -0.708894 98.0075 0.0592534 0.996751 0.0545499 2.23233 0.71098 -0.00378067 -0.703202 43.0268 
-0.700673 0.0832553 -0.708609 95.8835 0.0637267 0.996502 0.0540672 2.33626 0.710631 -0.00727391 -0.703527 40.9226 
-0.700524 0.0852906 -0.708514 94.8111 0.0660719 0.996319 0.0546098 2.39365 0.710564 -0.00855743 -0.703581 39.8638 
-0.700501 0.0858812 -0.708465 93.7393 0.067809 0.996251 0.0537203 2.45732 0.710422 -0.0104091 -0.703699 38.8038 
-0.701759 0.0863564 -0.707161 91.6168 0.0678374 0.996216 0.0543357 2.56885 0.709177 -0.00984139 -0.704962 36.6882 
-0.703584 0.081525 -0.70592 88.4686 0.0597127 0.996667 0.0555875 2.72887 0.708098 -0.00304185 -0.706107 33.5176 
-0.704575 0.0821802 -0.704855 86.3638 0.0592382 0.996616 0.0569824 2.86097 0.707152 -0.00160586 -0.707059 31.4018 
-0.705921 0.0803927 -0.703714 84.26 0.0599205 0.996754 0.0537614 3.00369 0.705752 -0.00421562 -0.708447 29.2959 
-0.707193 0.0770025 -0.702815 82.168 0.0575378 0.997022 0.0513405 3.12745 0.704676 -0.00413083 -0.709518 27.1869 
-0.708181 0.0777094 -0.701741 80.079 0.0562486 0.996975 0.0536383 3.24415 0.703787 -0.00148636 -0.71041 25.0736 
-0.708744 0.0798312 -0.700934 77.9927 0.057414 0.996808 0.0554754 3.36162 0.703126 -0.000925592 -0.711065 22.958 
-0.709553 0.0727347 -0.700889 75.9224 0.0507083 0.99735 0.0521648 3.47427 0.702826 0.00147282 -0.711361 20.8392 
-0.710594 0.0671679 -0.700389 73.8539 0.0416954 0.997703 0.0533777 3.57986 0.702366 0.00872683 -0.711763 18.7078 
-0.711423 0.0692405 -0.699345 71.7804 0.0435873 0.997566 0.0544267 3.69061 0.701411 0.00823792 -0.71271 16.5904 
-0.711805 0.0691221 -0.698967 69.6806 0.0436658 0.997576 0.0541842 3.81262 0.701018 0.0080476 -0.713098 14.4654 
-0.712104 0.066456 -0.698922 67.5884 0.0413724 0.997752 0.0527173 3.93344 0.700854 0.00862416 -0.713253 12.3328 
-0.712801 0.0671088 -0.698148 65.4718 0.0446701 0.997735 0.0502987 4.05786 0.699942 0.00466664 -0.714184 10.206 
-0.713676 0.0700831 -0.696961 63.3627 0.0460228 0.997524 0.0531797 4.17273 0.698962 0.00587694 -0.715134 8.07266 
-0.714841 0.0680014 -0.695973 61.2769 0.0435495 0.997658 0.052748 4.28538 0.69793 0.00739714 -0.716128 5.9392 
-0.715195 0.0645185 -0.695941 60.2406 0.0412413 0.997891 0.050129 4.3358 0.697708 0.00715045 -0.716347 4.8748 
-0.715786 0.0593063 -0.695796 58.1672 0.0359227 0.998195 0.0481267 4.44165 0.697395 0.00945357 -0.716625 2.73356 
-0.716324 0.0569394 -0.695441 56.0919 0.0335512 0.998323 0.0471792 4.55714 0.696961 0.0104627 -0.717032 0.584754 
-0.717219 0.0540119 -0.694751 54.0289 0.0335269 0.998512 0.0430159 4.65566 0.696041 0.00755898 -0.717962 -1.5557 
-0.717541 0.0527886 -0.694513 51.9874 0.0338601 0.998589 0.040918 4.73028 0.695693 0.00584406 -0.718316 -3.6922 
-0.717866 0.046808 -0.694606 49.9557 0.0303662 0.998893 0.0359302 4.79262 0.695519 0.00470046 -0.718492 -5.82235 
-0.717541 0.0352996 -0.695622 47.9425 0.0205225 0.999353 0.0295434 4.83281 0.696214 0.00692275 -0.717801 -7.95047 
-0.717616 0.0322568 -0.695691 45.9188 0.013691 0.999387 0.0322156 4.86804 0.696304 0.0135937 -0.717618 -10.1029 
-0.719646 0.0342862 -0.693494 43.893 0.0133815 0.999279 0.0355181 4.94461 0.694212 0.0162805 -0.719587 -12.2165 
-0.722998 0.0293771 -0.690226 41.9107 0.0187472 0.999562 0.0229057 4.99097 0.690596 0.00362102 -0.723232 -14.2742 
-0.726685 0.0420049 -0.685685 39.9586 0.0329351 0.999111 0.026301 5.01139 0.68618 -0.00347055 -0.727423 -16.3072 
-0.732304 0.0468338 -0.679366 38.0895 0.0355808 0.998901 0.0305084 5.02334 0.680048 -0.00183095 -0.733165 -18.3174 
-0.736798 0.0426364 -0.674767 36.2957 0.0297122 0.999087 0.0306855 5.02636 0.67546 0.00256024 -0.737392 -20.31 
-0.741292 0.0408644 -0.669938 34.5545 0.0358314 0.999131 0.0212966 5.03795 0.670226 -0.00821782 -0.742112 -22.2504 
-0.743061 0.0408265 -0.667977 33.7049 0.0378991 0.999103 0.0189057 5.03507 0.668149 -0.0112676 -0.743942 -23.203 
-0.744749 0.0393841 -0.666182 32.8668 0.0344794 0.999195 0.0205258 5.03551 0.666454 -0.00768302 -0.745507 -24.1573 
-0.747386 0.0257487 -0.663891 31.2901 0.0196551 0.999668 0.0166447 5.03293 0.6641 -0.000608903 -0.747644 -26.0238 
-0.749392 0.0178199 -0.661887 29.7429 0.00314322 0.999722 0.0233566 5.02522 0.662119 0.0154228 -0.74924 -27.8401 
-0.751095 0.00433468 -0.66018 28.2828 -0.0100987 0.999786 0.0180539 5.00102 0.660117 0.0202272 -0.750891 -29.5528 
-0.748453 -0.013765 -0.663044 26.9279 -0.0339614 0.999268 0.017591 4.96092 0.662317 0.035684 -0.748373 -31.1964 
-0.731005 -0.0322279 -0.681611 25.0153 -0.0634046 0.997771 0.0208228 4.8832 0.67942 0.0584388 -0.731419 -33.4447 
-0.636983 -0.0662991 -0.768021 21.4648 -0.110856 0.993817 0.00615133 4.82968 0.762865 0.0890583 -0.640395 -36.9667 
-0.441417 -0.0548347 -0.895625 18.074 -0.103347 0.994595 -0.0099587 4.74504 0.891331 0.088164 -0.444698 -39.044 
-0.0300036 0.014917 -0.999439 13.6574 -0.0730275 0.997184 0.0170757 4.5941 0.996879 0.0734988 -0.0288297 -39.8056 
0.308004 0.0245667 -0.951068 10.7005 -0.0746483 0.997209 0.00158367 4.56219 0.948452 0.0705078 0.308978 -39.0712 
0.560187 0.033076 -0.827705 8.49767 -0.074432 0.99717 -0.0105273 4.55748 0.825015 0.067505 0.561064 -37.7385 
0.687225 0.0445762 -0.725076 7.30894 -0.0747924 0.997153 -0.00958498 4.56279 0.722585 0.0608172 0.688602 -36.6169 
0.791001 0.042784 -0.610317 6.25632 -0.0699231 0.997337 -0.020709 4.59319 0.607806 0.0590561 0.791886 -35.2826 
0.89313 0.0344829 -0.448474 5.12251 -0.0525776 0.998225 -0.0279546 4.56583 0.446715 0.0485468 0.893358 -33.1716 
0.940399 0.0304275 -0.338709 4.46798 -0.0441262 0.998487 -0.0328151 4.5215 0.337198 0.0458052 0.940319 -31.3718 
0.959585 0.0217203 -0.280581 4.11807 -0.0342013 0.998628 -0.0396627 4.45093 0.279334 0.047656 0.959011 -30.0874 
0.972119 0.0189369 -0.233723 3.80557 -0.0305128 0.998475 -0.046012 4.36048 0.232495 0.0518606 0.971214 -28.7509 
0.979993 0.013067 -0.198601 3.55001 -0.0227773 0.99865 -0.046688 4.25051 0.197723 0.0502775 0.978968 -27.3543 
0.984165 0.00857386 -0.177046 3.30698 -0.0165128 0.998921 -0.0434164 4.15507 0.176482 0.0456524 0.983244 -25.9136 
0.986037 0.000528603 -0.166528 3.07053 -0.0069709 0.999249 -0.0381039 4.06798 0.166382 0.0387327 0.9853 -24.4287 
0.986737 0.00259048 -0.162304 2.82413 -0.00836618 0.999355 -0.0349124 3.96905 0.162109 0.0358072 0.986123 -22.9119 
0.987168 -0.000892415 -0.15968 2.58965 -0.00489382 0.999346 -0.0358395 3.88571 0.159608 0.0361611 0.986518 -21.3542 
0.987477 -0.00281965 -0.157736 2.47772 -0.00266727 0.999399 -0.034563 3.83642 0.157739 0.0345509 0.986876 -20.5589 
0.987776 -0.000919711 -0.155881 2.35584 -0.00420605 0.999461 -0.0325496 3.79089 0.155826 0.0328074 0.98724 -19.7548 
0.987991 -0.00127027 -0.154506 2.23535 -0.0036711 0.999491 -0.0316923 3.74998 0.154467 0.0318789 0.987483 -18.9419 
0.988193 -0.00340723 -0.153175 2.11985 -0.00147337 0.999495 -0.0317382 3.70929 0.153205 0.0315891 0.987689 -18.1197 
0.988405 -0.00546154 -0.15174 2.00101 0.000824712 0.999531 -0.0306039 3.67074 0.151836 0.0301239 0.987947 -17.2839 
0.9887 -0.0073967 -0.149723 1.88322 0.00315815 0.999588 -0.0285273 3.63151 0.149872 0.0277321 0.988316 -16.439 
0.988913 -0.00987085 -0.14817 1.76407 0.00613168 0.999652 -0.0256713 3.59702 0.148371 0.0244782 0.988629 -15.5891 
0.989134 -0.0114773 -0.146568 1.65178 0.00818219 0.9997 -0.0230648 3.54818 0.146789 0.0216149 0.988932 -14.7331 
0.989485 -0.0171895 -0.143607 1.43782 0.0141671 0.999657 -0.0220428 3.44671 0.143937 0.0197766 0.989389 -13.0395 
0.989835 -0.0217359 -0.14055 1.22906 0.0194766 0.999658 -0.0174306 3.35758 0.140881 0.0145159 0.98992 -11.3742 
0.989973 -0.0241336 -0.13918 1.02177 0.0230764 0.999691 -0.00920502 3.28221 0.139359 0.00590096 0.990224 -9.73829 
0.98968 -0.026348 -0.140856 0.808984 0.0252965 0.999637 -0.00925125 3.23192 0.141048 0.00559262 0.989987 -8.14215 
0.989092 -0.0253824 -0.145095 0.572467 0.023488 0.999615 -0.0147554 3.19854 0.145414 0.0111864 0.989308 -6.59143 
0.988777 -0.0216316 -0.147824 0.432975 0.0193868 0.999674 -0.0166094 3.19234 0.148135 0.0135572 0.988874 -5.83456 
0.987865 -0.0182412 -0.154241 0.172462 0.0172727 0.999822 -0.00761724 3.1664 0.154352 0.00486065 0.988004 -4.32852 
0.98737 -0.017812 -0.15743 0.0417045 0.0177828 0.999841 -0.00159405 3.15025 0.157433 -0.00122562 0.987529 -3.58744 
0.986127 -0.0131641 -0.165471 -0.233814 0.0126548 0.999911 -0.00413146 3.11987 0.165511 0.00198014 0.986206 -2.1481 
0.984376 -0.00910673 -0.175842 -0.515324 0.00946085 0.999954 0.00117554 3.10724 0.175823 -0.00282078 0.984418 -0.728113 
0.98317 -0.00958007 -0.182444 -0.6525 0.0110107 0.999916 0.00682988 3.09423 0.182363 -0.00872375 0.983193 -0.0272375 
0.981851 -0.0084277 -0.189466 -0.800376 0.0103754 0.999903 0.00929027 3.08251 0.18937 -0.0110875 0.981843 0.66694 
0.980117 -0.0106141 -0.198135 -0.957504 0.0115578 0.999927 0.0036069 3.08582 0.198082 -0.00582519 0.980168 1.34924 
0.97788 -0.0121251 -0.208814 -1.1288 0.0117509 0.999926 -0.00303256 3.09716 0.208836 0.000511741 0.977951 2.02776 
0.975552 -0.0145543 -0.219286 -1.30448 0.0137029 0.999892 -0.00540307 3.09801 0.219341 0.00226611 0.975646 2.71178 
0.970047 -0.0150822 -0.242449 -1.68253 0.0148981 0.999886 -0.00259295 3.08742 0.24246 -0.00109673 0.970161 4.09175 
0.964283 -0.0147527 -0.264465 -2.10292 0.0157397 0.999875 0.00161344 3.07211 0.264408 -0.00571842 0.964394 5.47111 
0.958163 -0.0140921 -0.285874 -2.54969 0.0132912 0.9999 -0.00474175 3.0713 0.285913 0.000743756 0.958255 6.84153 
0.951924 -0.0189812 -0.305746 -3.00658 0.0157555 0.999791 -0.0130146 3.04573 0.30593 0.00757176 0.952024 8.22265 
