0.000000 0.000000 0.000000 0.000000
-0.030863 3.247150 -0.354236 2.916100
-0.834805 7.548380 -1.216110 7.060970
-1.902900 11.829300 -2.480160 11.502700
-3.237330 16.124600 -3.698080 15.662200
-5.002320 20.924300 -5.245670 20.384300
-7.606330 26.914400 -7.899850 26.553400
-11.354100 34.152100 -11.539500 33.445200
-14.808000 40.343100 -15.016500 39.626600
-18.046700 45.856900 -18.170500 45.196200
-22.298600 52.011800 -22.238400 51.444200
-27.482500 58.864600 -27.376800 58.397000
-32.417400 64.669600 -32.094700 64.343800
-38.692500 71.052600 -38.063800 70.928500
-44.658300 76.509700 -43.599000 76.617800
-50.076000 81.129200 -48.810300 81.205500
-59.916500 88.359100 -58.369600 89.058400
-73.130600 95.728300 -71.358100 96.692800
-83.280100 100.563000 -81.227100 102.037000
-94.882400 105.733000 -92.612200 107.836000
-103.560000 110.480000 -100.800000 113.338000
-110.448000 115.333000 -170.979000 118.043000
-115.015000 119.133000 -171.291000 116.348000
-119.079000 122.948000 -172.083000 114.830000
-124.609000 129.464000 -180.036000 257.388000
-131.850000 142.308000 -184.122000 252.862000
-135.912000 152.613000 -188.241000 250.009000
-137.639000 162.601000 -194.110000 247.816000
-137.342000 175.019000 -203.082000 245.922000
-134.118000 189.577000 -215.236000 245.067000
-127.547000 204.190000 -229.896000 246.382000
-119.004000 214.748000 -242.985000 249.166000
-112.140000 220.829000 -251.776000 251.909000
-104.830000 225.798000 -260.127000 255.070000
-96.025700 229.936000 -268.885000 258.929000
-84.923600 232.993000 -278.413000 264.150000
-74.337400 234.018000 -286.227000 269.493000
-65.695300 234.082000 -291.911000 273.961000
-58.589600 234.109000 -296.586000 277.640000
-52.669500 234.321000 -300.672000 280.731000
-45.914700 234.881000 -305.510000 284.149000
-40.226600 235.615000 -309.672000 286.998000
-33.744500 236.786000 -314.796000 290.185000
-28.077900 237.945000 -319.287000 292.942000
-22.326400 239.249000 -324.160000 295.756000
-14.787700 241.484000 -330.930000 299.451000
-5.736690 245.139000 -339.508000 303.554000
2.670980 249.481000 -348.096000 307.216000
10.583700 254.573000 -356.836000 310.477000
15.346400 257.781000 -362.224000 312.412000
21.008700 261.577000 -368.665000 314.545000
28.337400 266.511000 -377.058000 317.153000
34.606200 271.144000 -384.499000 319.317000
39.832500 275.686000 -391.255000 320.850000
44.138900 280.056000 -397.264000 322.015000
48.161900 284.909000 -403.465000 322.864000
52.503800 291.092000 -410.867000 323.551000
56.053800 296.691000 -417.323000 324.001000
59.648200 302.439000 -423.885000 324.487000
63.200700 308.299000 -430.474000 324.943000
66.336200 314.343000 -436.942000 325.178000
68.911200 320.538000 -443.168000 325.129000
71.544500 327.823000 -450.217000 324.888000
74.153900 336.190000 -458.055000 324.490000
75.962000 342.229000 -463.676000 324.187000
77.905700 347.705000 -468.969000 324.068000
79.571700 353.078000 -473.996000 323.838000
80.487300 358.514000 -478.584000 323.285000
80.422400 364.022000 -482.592000 322.308000
79.552900 370.624000 -486.875000 320.790000
78.609400 378.714000 -492.188000 319.099000
77.724300 386.332000 -497.175000 317.505000
76.588800 394.104000 -502.064000 315.894000
75.201900 400.641000 -505.907000 314.357000
73.595400 407.019000 -509.487000 312.770000
71.452300 414.455000 -513.581000 310.912000
69.555400 420.879000 -516.985000 309.199000
67.260800 428.364000 -520.805000 307.058000
65.391700 434.718000 -524.202000 305.255000
63.068400 442.995000 -528.733000 302.918000
60.588500 451.906000 -533.582000 300.343000
58.138700 460.379000 -538.162000 297.789000
56.513100 465.838000 -541.087000 296.027000
54.686200 471.908000 -544.363000 294.034000
53.029900 477.435000 -547.343000 292.322000
51.412600 483.574000 -550.790000 290.430000
50.812900 488.249000 -554.037000 289.297000
50.978700 492.985000 -557.570000 288.270000
51.889000 497.738000 -561.659000 287.513000
53.407200 502.515000 -566.158000 287.031000
55.518600 507.215000 -570.923000 286.705000
59.789000 513.824000 -578.580000 286.893000
64.063600 518.099000 -584.569000 287.610000
69.720600 522.307000 -591.488000 288.744000
77.153900 525.815000 -599.071000 290.721000
84.662000 527.496000 -605.391000 293.044000
90.686000 527.745000 -609.635000 295.130000
96.892300 527.084000 -613.295000 297.468000
104.195000 525.225000 -616.793000 300.389000
113.460000 521.282000 -620.110000 304.439000
122.982000 516.641000 -623.103000 308.640000
129.459000 513.419000 -625.129000 311.459000
136.165000 510.030000 -627.203000 314.347000
143.110000 506.549000 -629.339000 317.383000
152.738000 501.704000 -632.206000 321.600000
160.202000 497.968000 -634.467000 324.898000
168.985000 493.501000 -637.065000 328.807000
176.518000 489.689000 -639.302000 332.160000
186.535000 484.746000 -642.434000 336.569000
192.730000 481.695000 -644.420000 339.321000
201.204000 477.375000 -646.999000 343.079000
209.297000 473.041000 -649.400000 346.678000
216.564000 469.050000 -651.266000 349.917000
221.328000 466.599000 -652.402000 352.053000
226.992000 464.316000 -654.714000 354.465000
232.821000 462.731000 -657.381000 356.791000
238.782000 461.946000 -660.950000 359.045000
246.015000 462.301000 -666.102000 361.557000
254.278000 464.580000 -673.413000 364.012000
260.242000 467.523000 -679.628000 365.447000
268.559000 473.556000 -689.777000 366.972000
274.679000 479.000000 -697.935000 367.831000
279.748000 483.771000 -704.880000 368.533000
284.600000 488.362000 -711.550000 369.161000
289.240000 492.294000 -717.566000 369.918000
295.756000 496.606000 -725.119000 371.440000
302.912000 498.776000 -731.465000 373.904000
310.083000 497.866000 -735.560000 377.065000
316.287000 495.404000 -738.244000 380.022000
321.170000 491.942000 -738.892000 382.762000
326.541000 482.161000 -735.946000 386.952000
326.887000 472.829000 -729.455000 388.704000
325.253000 465.771000 -723.336000 389.225000
322.973000 458.042000 -716.313000 389.650000
320.401000 449.633000 -708.631000 390.046000
318.246000 442.870000 -702.430000 390.368000
314.867000 431.133000 -691.706000 391.083000
313.186000 421.192000 -683.441000 392.301000
312.865000 415.180000 -678.897000 393.241000
312.938000 410.161000 -675.403000 394.321000
313.406000 404.159000 -671.387000 395.559000
314.242000 398.228000 -667.747000 397.074000
315.564000 391.486000 -663.776000 398.848000
316.876000 385.970000 -660.983000 400.525000
318.278000 381.083000 -658.343000 402.113000
319.716000 376.291000 -655.828000 403.953000
320.639000 369.179000 -651.336000 406.112000
317.917000 361.899000 -644.549000 406.410000
313.573000 357.007000 -638.114000 405.454000
309.268000 352.955000 -632.309000 404.348000
305.221000 349.037000 -626.778000 403.453000
300.947000 344.800000 -620.868000 402.394000
295.144000 338.751000 -612.706000 400.959000
288.992000 331.405000 -603.256000 399.695000
284.911000 325.123000 -534.704000 349.376000
281.254000 318.389000 -532.872000 347.649000
277.775000 311.309000 -531.220000 346.269000
274.250000 303.950000 -529.463000 344.696000
270.558000 296.319000 -527.672000 343.164000
267.209000 289.597000 -525.967000 341.635000
263.426000 282.914000 -524.055000 339.926000
259.310000 276.282000 -521.810000 337.905000
255.063000 269.605000 -519.556000 335.873000
250.694000 262.819000 -517.126000 333.701000
245.448000 254.808000 -514.155000 330.961000
239.340000 245.466000 -510.746000 327.993000
234.567000 238.291000 -508.195000 325.782000
229.678000 231.025000 -505.560000 323.431000
224.660000 223.740000 -502.796000 320.924000
218.752000 215.265000 -499.529000 317.991000
213.762000 207.998000 -496.765000 315.502000
208.894000 200.677000 -494.086000 313.064000
203.418000 192.051000 -491.057000 310.388000
199.036000 184.495000 -488.724000 308.354000
194.893000 176.845000 -486.561000 306.523000
191.624000 170.408000 -484.877000 305.146000
187.815000 162.622000 -482.942000 303.577000
184.094000 154.738000 -481.056000 302.079000
180.398000 146.846000 -479.153000 300.557000
176.795000 138.933000 -477.301000 299.119000
173.137000 131.052000 -475.551000 297.784000
167.789000 120.925000 -472.811000 295.496000
163.184000 113.699000 -470.288000 293.274000
158.119000 106.814000 -467.439000 290.622000
152.774000 100.171000 -464.347000 287.632000
147.172000 93.652900 -461.117000 284.547000
141.308000 87.358200 -457.694000 281.252000
135.310000 81.084900 -454.154000 277.841000
128.257000 73.680300 -450.016000 273.791000
122.172000 67.325900 -446.495000 270.283000
116.004000 60.986200 -442.923000 266.783000
108.609000 53.594800 -438.674000 262.688000
102.241000 47.250200 -434.930000 259.041000
95.883500 40.922600 -431.265000 255.373000
87.415800 32.459000 -426.323000 250.497000
77.992700 22.958000 -420.907000 245.124000
71.780400 16.590400 -417.311000 241.566000
64.409100 9.139010 -413.088000 237.357000
58.167200 2.733560 -409.496000 233.746000
50.966800 -4.761090 -405.324000 229.501000
43.893000 -12.216500 -398.371000 223.929000
38.089500 -18.317400 -395.958000 219.805000
33.704900 -23.203000 -394.067000 216.624000
28.282800 -29.552800 -391.821000 212.507000
16.957100 -39.442000 -387.153000 204.255000
8.088430 -37.389900 -381.757000 196.926000
4.885550 -32.589900 -379.369000 194.148000
3.428570 -26.637000 -377.905000 192.619000
2.477720 -20.558900 -376.717000 191.504000
1.764070 -15.589100 -375.690000 190.510000
0.914029 -8.934950 -374.397000 189.386000
-0.233814 -2.148100 -372.929000 188.078000
-1.304480 2.711780 -371.675000 186.961000
