1 1.19763e-11 1.70464e-10 0 1.19763e-11 1 3.5625e-10 -1.11022e-16 1.70464e-10 3.5625e-10 1 2.22045e-16 
0.999998 0.00143088 -0.00136626 -0.0278736 -0.00143123 0.999999 -0.000257619 -0.0560812 0.00136589 0.000259574 0.999999 2.38418 
0.999992 0.00286033 -0.00273194 -0.0557354 -0.00286175 0.999996 -0.000515091 -0.112136 0.00273045 0.000522905 0.999996 4.76729 
0.999982 0.0042904 -0.00409898 -0.0836255 -0.0042936 0.999991 -0.000772789 -0.168246 0.00409563 0.000790375 0.999991 7.15277 
0.999969 0.00571877 -0.00546518 -0.111499 -0.00572448 0.999983 -0.00103029 -0.224319 0.0054592 0.00106155 0.999985 9.53676 
0.999951 0.00714577 -0.00683087 -0.139362 -0.00715472 0.999974 -0.00128767 -0.28037 0.00682149 0.00133648 0.999976 11.9198 
0.999931 0.00843591 -0.00816322 -0.167141 -0.00844859 0.999963 -0.00152061 -0.336295 0.00815009 0.00158947 0.999965 14.3035 
0.999905 0.00994267 -0.00955913 -0.195073 -0.00996015 0.999949 -0.00178253 -0.392444 0.00954091 0.00187757 0.999953 16.6876 
0.999903 0.00903704 -0.0106381 -0.222069 -0.00904873 0.999958 -0.00105157 -0.445081 0.0106282 0.00114773 0.999943 19.0766 
0.999889 0.0090071 -0.0118276 -0.253156 -0.00904332 0.999954 -0.00301191 -0.497782 0.0118 0.00311854 0.999926 21.4647 
0.999862 0.00984956 -0.0133611 -0.288791 -0.00988085 0.999949 -0.00227713 -0.55273 0.013338 0.00240884 0.999908 23.853 
0.999835 0.0101149 -0.0151055 -0.327351 -0.0101569 0.999945 -0.00270318 -0.606984 0.0150773 0.00285616 0.999882 26.2431 
0.999823 0.00861126 -0.0167054 -0.367798 -0.00861793 0.999963 -0.000327681 -0.656564 0.0167019 0.00047159 0.99986 28.6371 
0.999801 0.0074613 -0.0185104 -0.411276 -0.0075089 0.999969 -0.00250366 -0.70872 0.0184912 0.00264216 0.999826 31.0279 
0.999774 0.00740399 -0.0199167 -0.459653 -0.0074443 0.99997 -0.00195049 -0.763253 0.0199017 0.00209831 0.9998 33.4202 
0.999758 0.00640272 -0.0210545 -0.509819 -0.00643811 0.999978 -0.00161332 -0.818272 0.0210438 0.00174848 0.999777 35.8126 
0.999746 0.0055957 -0.0218499 -0.562741 -0.00562143 0.999984 -0.00111657 -0.873467 0.0218433 0.00123911 0.999761 38.2069 
0.999747 0.0062008 -0.0216065 -0.61817 -0.00617996 0.99998 0.00103148 -0.926858 0.0216124 -0.000897686 0.999766 40.6024 
0.999739 0.00782238 -0.0214496 -0.675668 -0.00781302 0.999969 0.000520558 -0.977631 0.021453 -0.000352835 0.99977 42.9959 
0.999751 0.0110736 -0.019367 -0.735861 -0.010976 0.999927 0.00514141 -1.02036 0.0194225 -0.00492756 0.999799 45.3956 
0.999804 0.0119197 -0.0158213 -0.784447 -0.0117438 0.999869 0.0111629 -1.05121 0.0159523 -0.0109749 0.999812 47.8015 
0.999865 0.00992313 -0.013056 -0.822002 -0.00977267 0.999886 0.0115377 -1.07385 0.013169 -0.0114085 0.999848 50.2035 
0.999871 0.0115474 -0.0111836 -0.859463 -0.0114466 0.999894 0.00904029 -1.09829 0.0112868 -0.00891111 0.999897 52.6058 
0.99988 0.0099049 -0.0118841 -0.892873 -0.00981186 0.999921 0.00786143 -1.12788 0.011961 -0.00774388 0.999899 55.0152 
0.999837 0.0100971 -0.0149447 -0.933231 -0.00995818 0.999907 0.00933976 -1.16069 0.0150376 -0.00918942 0.999845 57.4278 
0.999799 0.0110527 -0.0167453 -0.981436 -0.0108951 0.999896 0.00946992 -1.19028 0.0168482 -0.00928557 0.999815 59.8386 
0.999786 0.0108011 -0.0176325 -1.03113 -0.0106471 0.999905 0.00880072 -1.22132 0.0177259 -0.0086111 0.999806 62.2456 
0.999793 0.00908842 -0.018201 -1.07847 -0.00893026 0.999922 0.00875222 -1.2517 0.0182792 -0.00858786 0.999796 64.6475 
0.999779 0.00952396 -0.0187288 -1.12954 -0.00934732 0.999911 0.00949644 -1.28111 0.0188176 -0.00931928 0.99978 67.0476 
0.999735 0.0131959 -0.0188793 -1.18693 -0.0130472 0.999883 0.00797869 -1.30942 0.0189824 -0.00773025 0.99979 69.4353 
0.999688 0.0166571 -0.0185977 -1.24323 -0.0164973 0.999826 0.00871377 -1.33946 0.0187396 -0.00840424 0.999789 71.816 
0.999704 0.0187315 -0.0155521 -1.29284 -0.0185739 0.999775 0.0102144 -1.37147 0.0157399 -0.00992248 0.999827 74.1875 
0.999836 0.0146383 -0.0106252 -1.32014 -0.0145978 0.999886 0.00388094 -1.40752 0.0106808 -0.0037252 0.999936 76.5408 
0.999881 0.0145024 -0.00525761 -1.33795 -0.0144706 0.999877 0.0060339 -1.4488 0.00534447 -0.00595709 0.999968 78.8946 
0.999885 0.0150247 0.00205161 -1.34229 -0.0150362 0.999871 0.00571294 -1.48583 -0.00196551 -0.00574313 0.999982 81.2345 
0.99988 0.0127292 0.00886334 -1.32387 -0.0127231 0.999919 -0.000739437 -1.53031 -0.00887203 0.000626579 0.999961 83.558 
0.999807 0.0116764 0.0157817 -1.29299 -0.0116789 0.999932 6.52823e-05 -1.58059 -0.0157798 -0.000249582 0.999876 85.877 
0.999651 0.0124442 0.0232842 -1.24713 -0.012416 0.999922 -0.00135718 -1.63067 -0.0232992 0.00106761 0.999728 88.1838 
0.999481 0.0122127 0.029818 -1.18274 -0.0120887 0.999918 -0.00433684 -1.68316 -0.0298685 0.00397413 0.999546 90.4834 
0.999319 0.0101085 0.0354901 -1.10175 -0.0100514 0.999948 -0.00178757 -1.73609 -0.0355063 0.00142963 0.999368 92.7913 
0.999138 0.00815756 0.0406936 -1.00612 -0.00821454 0.999965 0.00123296 -1.78507 -0.0406821 -0.00156617 0.999171 95.1026 
0.998965 0.00539851 0.0451542 -0.89754 -0.00520135 0.999976 -0.0044828 -1.83487 -0.0451773 0.0042433 0.99897 97.4132 
0.99879 0.00589486 0.0488303 -0.782045 -0.0054781 0.999947 -0.00866424 -1.89164 -0.0488788 0.00838626 0.998769 99.7397 
0.998795 0.00615144 0.0486906 -0.665532 -0.00586421 0.999965 -0.0060398 -1.95303 -0.048726 0.00574699 0.998796 102.095 
0.998956 0.00574843 0.0453281 -0.550571 -0.00558373 0.999977 -0.00375952 -2.01288 -0.0453487 0.00350249 0.998965 104.47 
0.999189 0.00637717 0.0397667 -0.448327 -0.00625591 0.999975 -0.00317304 -2.06974 -0.0397859 0.00292169 0.999204 106.867 
0.999453 0.00797542 0.0320995 -0.365108 -0.00787451 0.999964 -0.00326915 -2.127 -0.0321244 0.00301459 0.999479 109.279 
0.999679 0.008809 0.0237386 -0.298528 -0.00878063 0.999961 -0.00129932 -2.18567 -0.0237491 0.00109046 0.999717 111.707 
0.999851 0.00934745 0.0145022 -0.253779 -0.00934393 0.999956 -0.000310941 -2.24015 -0.0145045 0.000175388 0.999895 114.142 
0.999932 0.0106937 0.0046037 -0.234072 -0.0106914 0.999943 -0.000525943 -2.29683 -0.00460906 0.000476688 0.999989 116.586 
0.999903 0.0134151 -0.00374102 -0.237293 -0.0134203 0.999909 -0.0013563 -2.358 0.00372248 0.00140637 0.999992 119.04 
0.999837 0.0167111 -0.00682861 -0.256232 -0.0167211 0.999859 -0.00140924 -2.41742 0.0068041 0.0015232 0.999976 121.501 
0.999755 0.0202564 -0.00889889 -0.283572 -0.0202553 0.999795 0.000204309 -2.4715 0.0089012 -2.40077e-05 0.99996 123.983 
0.999667 0.0235682 -0.0104931 -0.316815 -0.0235496 0.999721 0.00189471 -2.52162 0.0105348 -0.00164697 0.999943 126.47 
0.999638 0.0241768 -0.0118416 -0.353204 -0.0241148 0.999695 0.00534702 -2.56129 0.0119673 -0.00505952 0.999916 128.97 
0.99969 0.0211635 -0.0131168 -0.384545 -0.0211108 0.999768 0.00414784 -2.59617 0.0132015 -0.00386964 0.999905 131.476 
0.999767 0.0160332 -0.0144467 -0.413373 -0.0159196 0.999842 0.00794194 -2.63136 0.0145718 -0.0077101 0.999864 133.996 
0.999843 0.00989517 -0.0147093 -0.443887 -0.00978133 0.999922 0.00779134 -2.66006 0.0147852 -0.00764623 0.999861 136.523 
0.999878 0.00564459 -0.0145769 -0.472057 -0.00555702 0.999966 0.00604079 -2.69321 0.0146105 -0.00595904 0.999876 139.057 
0.99989 0.00597114 -0.0136025 -0.509951 -0.0058595 0.999949 0.00823257 -2.72813 0.013651 -0.00815196 0.999874 141.606 
0.999887 0.00866059 -0.0123187 -0.550146 -0.00854776 0.999921 0.00918276 -2.75953 0.0123973 -0.00907642 0.999882 144.153 
0.999892 0.00910511 -0.0114942 -0.586224 -0.0090539 0.999949 0.00449961 -2.79483 0.0115346 -0.00439506 0.999924 146.694 
0.999911 0.00789119 -0.0107591 -0.618401 -0.00792518 0.999964 -0.00311978 -2.84455 0.0107341 0.00320477 0.999937 149.227 
0.999915 0.00747066 -0.0106815 -0.649286 -0.00751224 0.999964 -0.00385818 -2.90876 0.0106523 0.00393809 0.999935 151.756 
0.999901 0.00893226 -0.0108898 -0.684175 -0.00895768 0.999957 -0.00228766 -2.96991 0.0108688 0.00238498 0.999938 154.288 
0.999885 0.00967133 -0.0116837 -0.721231 -0.00969494 0.999951 -0.00196518 -3.02488 0.0116641 0.00207822 0.99993 156.817 
0.999871 0.00943709 -0.0130048 -0.75814 -0.00944675 0.999955 -0.000680968 -3.07934 0.0129978 0.000803735 0.999915 159.342 
0.999842 0.0105925 -0.0142772 -0.798967 -0.010612 0.999943 -0.00129639 -3.13526 0.0142626 0.00144769 0.999897 161.864 
0.999806 0.0118748 -0.0157159 -0.844849 -0.0119134 0.999926 -0.0023666 -3.19122 0.0156867 0.00255337 0.999874 164.39 
0.999783 0.0118115 -0.0171891 -0.891591 -0.011886 0.99992 -0.00423947 -3.25233 0.0171377 0.00444285 0.999843 166.914 
0.999752 0.0123362 -0.0185243 -0.941804 -0.0123873 0.99992 -0.00264513 -3.31395 0.0184902 0.00287394 0.999825 169.441 
0.99972 0.0127729 -0.019905 -0.99577 -0.0128126 0.999916 -0.00186476 -3.37385 0.0198795 0.00211927 0.9998 171.971 
0.999685 0.0134199 -0.0212291 -1.05365 -0.0134712 0.999907 -0.00227164 -3.43193 0.0211967 0.0025569 0.999772 174.498 
0.999649 0.0146528 -0.0220779 -1.11197 -0.0147098 0.999889 -0.00241887 -3.49193 0.02204 0.00274279 0.999753 177.026 
0.999659 0.0132581 -0.0225007 -1.1675 -0.0133785 0.999897 -0.00520742 -3.55545 0.0224294 0.00550667 0.999733 179.549 
0.999681 0.0102488 -0.0230688 -1.22091 -0.0102893 0.999946 -0.00163495 -3.61722 0.0230509 0.00187179 0.999733 182.072 
0.999673 0.0103628 -0.0233607 -1.28027 -0.0103012 0.999943 0.00275764 -3.66913 0.0233879 -0.0025161 0.999723 184.593 
0.99965 0.0123045 -0.0234172 -1.34277 -0.0123672 0.99992 -0.00253445 -3.72236 0.0233842 0.00282317 0.999723 187.092 
0.999653 0.0119275 -0.023508 -1.40087 -0.0119497 0.999928 -0.000803738 -3.78186 0.0234967 0.00108437 0.999723 189.586 
0.999676 0.0114353 -0.0227296 -1.45692 -0.0113896 0.999933 0.00213771 -3.83975 0.0227525 -0.00187814 0.999739 192.07 
0.999749 0.0100797 -0.0200225 -1.50439 -0.0100826 0.999949 -4.30334e-05 -3.89757 0.0200211 0.000244903 0.999799 194.534 
0.999807 0.00913005 -0.0174209 -1.54334 -0.00917138 0.999955 -0.0022943 -3.96212 0.0173992 0.00245363 0.999846 196.982 
0.999851 0.00895475 -0.0147845 -1.57734 -0.00894716 0.99996 0.000579148 -4.02538 0.0147891 -0.000446782 0.999891 199.411 
0.999877 0.00944574 -0.012535 -1.60705 -0.00943641 0.999955 0.000803841 -4.08451 0.012542 -0.000685456 0.999921 201.821 
0.999895 0.0100899 -0.0104203 -1.62986 -0.0100746 0.999948 0.00152276 -4.14217 0.0104351 -0.00141762 0.999945 204.203 
0.99991 0.0101237 -0.00875483 -1.64907 -0.0101128 0.999948 0.00128718 -4.19622 0.00876741 -0.00119853 0.999961 206.553 
0.99993 0.00877602 -0.00797274 -1.66316 -0.00876006 0.99996 0.00203533 -4.25023 0.00799028 -0.00196534 0.999966 208.852 
0.999923 0.0085436 -0.00897263 -1.68092 -0.00851351 0.999958 0.0033868 -4.30181 0.00900119 -0.00331015 0.999954 211.094 
0.999911 0.0091296 -0.00978528 -1.70539 -0.00911522 0.999957 0.00151356 -4.35161 0.00979868 -0.00142423 0.999951 213.275 
0.999898 0.00851047 -0.0114609 -1.73064 -0.008495 0.999963 0.00139821 -4.40208 0.0114724 -0.0013007 0.999933 215.405 
0.999862 0.00707599 -0.0150121 -1.7581 -0.00702249 0.999969 0.00361377 -4.45045 0.0150372 -0.00350785 0.999881 217.485 
0.999783 0.00751584 -0.0194553 -1.79655 -0.00740204 0.999955 0.00591479 -4.49424 0.0194989 -0.00576949 0.999793 219.511 
0.999659 0.00796657 -0.0248717 -1.84453 -0.00783582 0.999955 0.00534982 -4.53245 0.0249132 -0.0051531 0.999676 221.461 
0.999489 0.00889485 -0.0307088 -1.9005 -0.00871367 0.999944 0.00602865 -4.57435 0.0307607 -0.00575798 0.99951 223.323 
0.999278 0.0086326 -0.0370029 -1.96323 -0.00845652 0.999952 0.00491251 -4.61388 0.0370435 -0.00459604 0.999303 225.093 
0.999019 0.0101143 -0.0431107 -2.03611 -0.00995606 0.999943 0.00388317 -4.65549 0.0431475 -0.00345015 0.999063 226.776 
0.998845 0.0128542 -0.0462884 -2.11395 -0.0126727 0.999911 0.00421334 -4.69229 0.0463384 -0.00362187 0.998919 228.382 
0.998893 0.0128098 -0.0452506 -2.21517 -0.0125671 0.999905 0.00564562 -4.74656 0.0453186 -0.0050707 0.99896 230.658 
0.998938 0.0132911 -0.0441086 -2.27881 -0.0132363 0.999911 0.00153503 -4.77892 0.044125 -0.000949568 0.999026 232.116 
0.999039 0.0140376 -0.0415125 -2.33855 -0.0140623 0.999901 -0.000304814 -4.81318 0.0415041 0.000888285 0.999138 233.56 
0.999191 0.0132864 -0.0379686 -2.38958 -0.0133178 0.999911 -0.000573615 -4.84796 0.0379576 0.00107881 0.999279 234.992 
0.999342 0.0131104 -0.0338217 -2.43716 -0.0131495 0.999913 -0.00093472 -4.88158 0.0338065 0.00137885 0.999428 236.409 
0.99954 0.0123102 -0.0277262 -2.47522 -0.0123198 0.999924 -0.000175058 -4.91213 0.0277219 0.000516559 0.999616 237.811 
0.999701 0.0109899 -0.0218298 -2.50154 -0.010982 0.99994 0.00048182 -4.94755 0.0218338 -0.00024194 0.999762 239.2 
0.99985 0.0113417 -0.0130489 -2.5282 -0.0113588 0.999935 -0.00123393 -4.99821 0.0130341 0.00138196 0.999914 241.264 
0.999909 0.0112986 -0.00733624 -2.53835 -0.0113065 0.999935 -0.001034 -5.03204 0.00732409 0.00111685 0.999973 242.654 
0.99993 0.0115537 -0.00245928 -2.5456 -0.0115551 0.999933 -0.000559149 -5.06428 0.00245265 0.000587528 0.999997 244.059 
0.999932 0.011576 0.00154232 -2.54662 -0.0115692 0.999923 -0.00438365 -5.09478 -0.00159295 0.00436551 0.999989 245.471 
0.999938 0.0107719 0.00267294 -2.54373 -0.0107536 0.999919 -0.00676716 -5.12614 -0.00274561 0.00673799 0.999973 246.908 
0.999936 0.010925 0.00302195 -2.5419 -0.0109031 0.999915 -0.00716991 -5.16458 -0.00310002 0.0071365 0.99997 248.369 
0.999932 0.0110868 0.00352747 -2.54094 -0.0110516 0.99989 -0.00985862 -5.20598 -0.00363639 0.00981897 0.999945 249.857 
0.999983 0.00402366 0.00424756 -2.52926 -0.00396977 0.999912 -0.0126188 -5.24631 -0.00429796 0.0126017 0.999911 251.371 
0.999935 0.01001 0.00551496 -2.53441 -0.00999102 0.999944 -0.00346176 -5.28296 -0.00554931 0.00340643 0.999979 252.929 
0.999931 0.00828298 0.00826515 -2.52283 -0.00827762 0.999965 -0.000683216 -5.31615 -0.00827053 0.000614754 0.999966 254.511 
0.999803 0.0115532 0.016109 -2.50891 -0.0113657 0.999867 -0.011683 -5.34529 -0.0162419 0.0114976 0.999802 256.112 
0.999677 0.0116732 0.0225798 -2.47644 -0.0114726 0.999894 -0.00899468 -5.38577 -0.0226824 0.00873272 0.999705 257.758 
0.999583 0.00615029 0.0282192 -2.42627 -0.00603844 0.999974 -0.00404695 -5.42505 -0.0282434 0.00387486 0.999594 259.43 
0.99939 0.00817133 0.0339433 -2.37745 -0.00798873 0.999953 -0.00551177 -5.46745 -0.0339867 0.00523724 0.999409 261.103 
0.999204 0.00895698 0.0388821 -2.31559 -0.0086414 0.999928 -0.00827684 -5.50957 -0.0389534 0.00793425 0.999209 262.779 
0.998917 0.0113817 0.0451077 -2.24929 -0.0111924 0.999927 -0.00444753 -5.55757 -0.045155 0.00393785 0.998972 264.463 
0.998653 0.0117972 0.050521 -2.16903 -0.0115492 0.99992 -0.00519778 -5.60156 -0.0505783 0.00460731 0.99871 266.146 
0.998464 0.00718835 0.0549306 -2.07093 -0.00692358 0.999964 -0.00500896 -5.64239 -0.0549646 0.00462095 0.998478 267.834 
0.998395 0.00496856 0.0564207 -1.97234 -0.00469959 0.999977 -0.00489907 -5.68395 -0.0564437 0.00462605 0.998395 269.529 
0.998368 0.00482439 0.0569088 -1.87569 -0.00458219 0.99998 -0.0043856 -5.72699 -0.0569288 0.00411767 0.99837 271.234 
0.99846 0.00500763 0.0552475 -1.78334 -0.00476577 0.999978 -0.00450878 -5.77311 -0.0552689 0.00423854 0.998463 272.943 
0.998628 0.00591853 0.0520212 -1.70084 -0.00559772 0.999964 -0.00631051 -5.81491 -0.0520567 0.00601066 0.998626 274.651 
0.998766 0.00813344 0.0489941 -1.62267 -0.0078224 0.999948 -0.00653684 -5.85824 -0.0490447 0.00614552 0.998778 276.354 
0.998995 0.00842248 0.0440316 -1.55063 -0.00822813 0.999956 -0.00459322 -5.90115 -0.0440683 0.0042263 0.99902 278.052 
0.999363 0.00582291 0.0351951 -1.48931 -0.00581906 0.999983 -0.000211965 -5.94192 -0.0351957 7.02846e-06 0.99938 279.735 
0.999657 0.00491401 0.0257086 -1.44776 -0.00496239 0.999986 0.00181816 -5.97802 -0.0256993 -0.00194511 0.999668 281.39 
0.999858 0.00341794 0.0164903 -1.41905 -0.00346411 0.99999 0.00277228 -6.01085 -0.0164806 -0.00282901 0.99986 283.004 
0.999959 0.00344834 0.00839104 -1.41125 -0.00346866 0.999991 0.00240803 -6.04017 -0.00838266 -0.00243704 0.999962 284.555 
0.999993 0.00353435 0.000765703 -1.41778 -0.00353637 0.99999 0.0026483 -6.06917 -0.000756335 -0.00265099 0.999996 286.036 
0.999958 0.00381434 -0.00837492 -1.43582 -0.00381016 0.999993 0.000514589 -6.10138 0.00837682 -0.000482656 0.999965 287.433 
0.999719 0.00628369 -0.0228721 -1.47765 -0.00635626 0.999975 -0.00310117 -6.1326 0.022852 0.00324568 0.999734 288.751 
0.998896 0.006605 -0.0465137 -1.54562 -0.00681246 0.999968 -0.00430299 -6.16704 0.0464837 0.00461511 0.998908 290.017 
0.996547 0.0102342 -0.0823969 -1.66504 -0.0104729 0.999942 -0.00246584 -6.19696 0.0823669 0.00332026 0.996597 291.23 
0.991448 0.013381 -0.129815 -1.83449 -0.0137845 0.999903 -0.0022104 -6.22425 0.129772 0.00398093 0.991536 292.379 
0.982146 0.0163701 -0.187409 -2.068 -0.0166929 0.999861 -0.000144312 -6.24785 0.18738 0.00327012 0.982282 293.468 
0.955806 0.0181658 -0.293438 -2.54338 -0.0168706 0.999834 0.00694429 -6.28527 0.293515 -0.00168692 0.955953 294.988 
0.92833 0.0207961 -0.371175 -2.94905 -0.017502 0.999772 0.0122414 -6.30794 0.371345 -0.00486779 0.928482 295.902 
0.891514 0.0208731 -0.452512 -3.42557 -0.0152983 0.999755 0.015976 -6.32098 0.452735 -0.00732011 0.891615 296.783 
0.843254 0.0199888 -0.537144 -3.96896 -0.0115459 0.999751 0.0190782 -6.33276 0.537392 -0.00988592 0.843275 297.563 
0.782848 0.0220978 -0.621821 -4.58632 -0.0104315 0.999695 0.0223937 -6.33944 0.622126 -0.0110443 0.782839 298.262 
0.709248 0.0210131 -0.704646 -5.27032 -0.004494 0.99967 0.0252877 -6.34781 0.704945 -0.0147685 0.709109 298.869 
0.618595 0.0212149 -0.785423 -6.01439 0.0063723 0.999467 0.0320152 -6.33996 0.785684 -0.0248094 0.618131 299.434 
0.51501 0.0317447 -0.856596 -6.80887 0.00190339 0.999269 0.0381764 -6.33128 0.857182 -0.0212917 0.514573 299.805 
0.40308 0.0387493 -0.914344 -7.62009 -0.00102594 0.999122 0.0418898 -6.31563 0.915164 -0.0159469 0.402766 300.062 
0.286916 0.0441768 -0.956937 -8.43615 0.00348417 0.998881 0.0471579 -6.29231 0.95795 -0.0168645 0.286441 300.22 
0.165841 0.0515813 -0.984803 -9.27029 0.00873268 0.998515 0.0537701 -6.27121 0.986114 -0.0175172 0.165144 300.329 
-0.0286115 0.0676125 -0.997301 -10.5813 0.0145099 0.997633 0.0672187 -6.22432 0.999485 -0.0125475 -0.0295249 300.229 
-0.227627 0.0866127 -0.969889 -11.9432 0.0251397 0.996227 0.0830646 -6.15018 0.973424 -0.00547504 -0.228945 299.798 
-0.353129 0.0936364 -0.930877 -12.8598 0.0348506 0.995605 0.0869267 -6.09478 0.934925 -0.00174529 -0.35484 299.434 
-0.467758 0.0945454 -0.878785 -13.7634 0.0427943 0.995519 0.0843259 -6.02836 0.88282 0.00183707 -0.469708 298.874 
-0.566104 0.0948009 -0.818864 -14.6631 0.0485279 0.995475 0.0816987 -5.95012 0.822904 0.00651222 -0.568143 298.181 
-0.644411 0.0989099 -0.758255 -15.5692 0.0553382 0.995031 0.0827663 -5.87199 0.762674 0.011375 -0.646683 297.36 
-0.716412 0.111421 -0.688723 -16.4706 0.0717423 0.993697 0.0861335 -5.78346 0.693979 0.0122965 -0.71989 296.401 
-0.779741 0.110185 -0.616331 -17.3224 0.0764321 0.993782 0.080967 -5.69239 0.62142 0.0160258 -0.783314 295.284 
-0.83237 0.102443 -0.54467 -18.1234 0.0777282 0.994633 0.0682891 -5.59632 0.548742 0.0145056 -0.835866 294.047 
-0.875764 0.0978334 -0.472723 -18.872 0.078503 0.995076 0.0605041 -5.50938 0.476314 0.0158772 -0.879132 292.636 
-0.913017 0.0936182 -0.397033 -19.5385 0.0779441 0.995413 0.0554726 -5.4355 0.400406 0.0197009 -0.916126 291.079 
-0.942603 0.0992123 -0.318837 -20.1292 0.0868463 0.994821 0.0528074 -5.36469 0.322425 0.0220865 -0.946337 289.39 
-0.964622 0.102636 -0.242839 -20.6125 0.0925591 0.994318 0.0525791 -5.29613 0.246856 0.028242 -0.968641 287.568 
-0.979985 0.100218 -0.172006 -20.9774 0.0936763 0.994551 0.0457598 -5.23189 0.175655 0.0287311 -0.984032 285.632 
-0.989399 0.0980109 -0.107164 -21.2269 0.0942426 0.994758 0.0396927 -5.16961 0.110493 0.0291725 -0.993449 283.593 
-0.994366 0.0948339 -0.0473559 -21.3587 0.0931642 0.994989 0.0363086 -5.11824 0.0505619 0.0316922 -0.998218 281.431 
-0.995753 0.0919628 0.00440106 -21.3772 0.09206 0.995159 0.0344027 -5.06863 -0.00121598 0.0346617 -0.999398 279.173 
-0.994999 0.0874416 0.048283 -21.2898 0.0890684 0.995491 0.0326315 -5.02153 -0.0452119 0.0367688 -0.998301 276.829 
-0.993999 0.077667 0.0770325 -21.1119 0.0800215 0.996401 0.0279593 -4.98325 -0.0745837 0.0339557 -0.996637 274.431 
-0.99363 0.0692346 0.0889097 -20.8862 0.0722451 0.996902 0.0310965 -4.94692 -0.0864813 0.0373218 -0.995554 271.963 
-0.994058 0.0652803 0.0871075 -20.6659 0.0679721 0.997286 0.0282989 -4.90606 -0.0850237 0.0340516 -0.995797 269.428 
-0.994589 0.0635802 0.0821637 -20.4476 0.0662682 0.997338 0.0304103 -4.86175 -0.0800116 0.0356906 -0.996155 266.831 
-0.995416 0.0615365 0.0732102 -20.2497 0.0640901 0.997397 0.0330559 -4.8177 -0.0709855 0.0375964 -0.996769 264.179 
-0.996221 0.0603663 0.0624424 -20.0709 0.0627769 0.997327 0.0373911 -4.78028 -0.0600183 0.0411698 -0.997348 261.517 
-0.996883 0.0591046 0.0522612 -19.9213 0.0610962 0.997432 0.0373675 -4.73861 -0.0499184 0.040444 -0.997934 258.85 
-0.997529 0.0568909 0.0412329 -19.7967 0.0583987 0.997632 0.0363329 -4.69629 -0.0390682 0.038651 -0.998489 256.17 
-0.997895 0.0567492 0.0313836 -19.7034 0.0580563 0.997411 0.0424359 -4.64839 -0.0288942 0.0441686 -0.998606 253.475 
-0.997998 0.0588703 0.0231249 -19.6393 0.0598033 0.997327 0.0419708 -4.58676 -0.0205922 0.0432698 -0.998851 250.773 
-0.998082 0.0594355 0.017293 -19.5903 0.0600615 0.997461 0.038267 -4.52916 -0.0149746 0.0392322 -0.999118 248.064 
-0.998231 0.0581244 0.0125212 -19.5513 0.058564 0.997553 0.0381979 -4.47385 -0.0102703 0.0388636 -0.999192 245.338 
-0.998187 0.0593773 0.00984946 -19.5267 0.0597285 0.997399 0.040346 -4.41134 -0.0074282 0.0408611 -0.999137 242.596 
-0.998096 0.0608774 0.00995391 -19.5032 0.0612345 0.997292 0.0407293 -4.34609 -0.00744747 0.0412612 -0.999121 239.839 
-0.997885 0.0640574 0.0110327 -19.481 0.064428 0.997223 0.0373665 -4.28645 -0.00860843 0.0379983 -0.999241 237.073 
-0.997732 0.066012 0.0131621 -19.4501 0.0665033 0.996933 0.041247 -4.2238 -0.010399 0.0420287 -0.999062 234.291 
-0.997863 0.0635565 0.0151381 -19.4066 0.0641514 0.997025 0.0427366 -4.15292 -0.0123769 0.0436164 -0.998972 231.492 
-0.998054 0.0601614 0.0163722 -19.3556 0.0608014 0.99727 0.0418928 -4.09135 -0.0138072 0.0428067 -0.998988 228.688 
-0.998034 0.0604056 0.016693 -19.3094 0.061015 0.997383 0.0387922 -4.0312 -0.014306 0.0397345 -0.999108 225.871 
-0.997974 0.0612577 0.0171721 -19.2653 0.061909 0.997264 0.0403829 -3.97516 -0.0146514 0.0413642 -0.999037 223.034 
-0.99803 0.0602836 0.0173623 -19.2149 0.0609664 0.997259 0.0419296 -3.91575 -0.0147871 0.0429056 -0.99897 220.186 
-0.998015 0.060565 0.0172517 -19.1647 0.0612205 0.997306 0.0404035 -3.85191 -0.0147582 0.0413795 -0.999035 217.328 
-0.997889 0.0625505 0.0174596 -19.1149 0.0632531 0.997066 0.043101 -3.78382 -0.0147124 0.0441144 -0.998918 214.452 
-0.997835 0.0634161 0.0174059 -19.0532 0.0640673 0.99715 0.0398286 -3.70667 -0.0148305 0.0408575 -0.999055 211.57 
-0.997866 0.0629366 0.0173792 -18.9904 0.0635988 0.997148 0.0406227 -3.63417 -0.014773 0.0416413 -0.999023 208.672 
-0.997907 0.0622505 0.0175085 -18.9279 0.0629027 0.997236 0.0395545 -3.55915 -0.0149978 0.040573 -0.999064 205.758 
-0.998002 0.0607796 0.0172476 -18.8648 0.0614557 0.997233 0.0418309 -3.48764 -0.0146574 0.0428073 -0.998976 202.832 
-0.997915 0.0621706 0.0173612 -18.809 0.0628335 0.997194 0.0406818 -3.41917 -0.0147833 0.0416879 -0.999021 199.909 
-0.997942 0.0620157 0.0163174 -18.7519 0.0627025 0.996989 0.0456241 -3.35064 -0.0134388 0.0465533 -0.998825 196.976 
-0.998082 0.0602617 0.0141655 -18.6972 0.0608535 0.99709 0.0459184 -3.27644 -0.0113571 0.0466924 -0.998845 194.056 
-0.998166 0.0592744 0.0123008 -18.648 0.0597818 0.997147 0.0460891 -3.20505 -0.00953379 0.0467399 -0.998862 191.144 
-0.998083 0.0609218 0.0108909 -18.6104 0.0613504 0.997115 0.0446967 -3.13828 -0.0081365 0.0452791 -0.998941 188.243 
-0.998112 0.0606706 0.00957521 -18.5769 0.0610404 0.997131 0.0447547 -3.07584 -0.00683245 0.0452547 -0.998952 185.352 
-0.998152 0.060188 0.00835879 -18.546 0.060518 0.997041 0.0474027 -3.01113 -0.00548098 0.047821 -0.998841 182.469 
-0.998174 0.0601866 0.00519615 -18.5232 0.0603643 0.997078 0.0468043 -2.94218 -0.00236397 0.0470325 -0.998891 179.601 
-0.998166 0.0605306 0.00123086 -18.5107 0.0605206 0.997035 0.0475323 -2.87354 0.00164995 0.0475196 -0.998869 176.751 
-0.998041 0.0624989 -0.00282821 -18.5133 0.0622881 0.996874 0.0486068 -2.80321 0.00585725 0.0483354 -0.998814 173.93 
-0.997997 0.0628885 -0.00681973 -18.5267 0.0624678 0.996778 0.0503203 -2.73603 0.00996233 0.0497935 -0.99871 171.156 
-0.997902 0.0638009 -0.0110031 -18.5517 0.0631287 0.996581 0.0532982 -2.66695 0.014366 0.0524917 -0.998518 168.447 
-0.997783 0.0649879 -0.0143422 -18.587 0.0641514 0.996552 0.0526199 -2.59924 0.0177124 0.0515831 -0.998512 165.822 
-0.997786 0.0645845 -0.0158933 -18.6254 0.0636087 0.996419 0.0557096 -2.5336 0.0194344 0.0545753 -0.998321 163.279 
-0.997856 0.0635031 -0.0158523 -18.6621 0.0625813 0.996626 0.0530981 -2.47385 0.0191707 0.0519922 -0.998463 160.837 
-0.997796 0.0645406 -0.0153892 -18.7004 0.0636388 0.996551 0.0532498 -2.42222 0.0187729 0.0521531 -0.998463 158.493 
-0.997811 0.0645853 -0.0142252 -18.7334 0.0636958 0.996398 0.055983 -2.3708 0.0177897 0.0549543 -0.99833 156.25 
-0.99794 0.0627639 -0.0132854 -18.7623 0.0619265 0.996502 0.056109 -2.32265 0.0167606 0.0551707 -0.998336 154.117 
-0.997892 0.0637176 -0.0122759 -18.7924 0.0629679 0.996554 0.0539915 -2.27446 0.0156738 0.0531048 -0.998466 152.087 
-0.997912 0.0635831 -0.0113027 -18.8164 0.0628687 0.996498 0.0551257 -2.23022 0.0147682 0.0543001 -0.998416 150.162 
-0.997919 0.0636418 -0.0104049 -18.8377 0.062965 0.996448 0.0559198 -2.18775 0.0139268 0.0551483 -0.998381 148.339 
-0.998009 0.0624197 -0.00907076 -18.8548 0.0618204 0.996529 0.0557508 -2.1442 0.0125192 0.055079 -0.998403 146.599 
-0.997761 0.0663195 -0.00859141 -18.8738 0.0657967 0.996521 0.0511455 -2.10087 0.0119535 0.0504657 -0.998654 144.922 
-0.997749 0.066551 -0.00824925 -18.8863 0.0660531 0.996539 0.0504645 -2.05941 0.0115792 0.049806 -0.998692 143.302 
-0.997589 0.0689579 -0.00781221 -18.9013 0.068504 0.996485 0.0482197 -2.02299 0.0111099 0.0475683 -0.998806 141.752 
-0.997568 0.0692182 -0.00824638 -18.9135 0.068743 0.996467 0.0482526 -1.9894 0.0115572 0.0475683 -0.998801 140.242 
-0.9975 0.0700418 -0.00934422 -18.9268 0.0695073 0.99639 0.0487329 -1.96053 0.0127238 0.0479615 -0.998768 138.765 
-0.997312 0.072548 -0.0103034 -18.9444 0.0719917 0.996308 0.0467742 -1.92816 0.0136587 0.0459067 -0.998852 137.33 
-0.997078 0.0754793 -0.0117169 -18.9737 0.0749519 0.996371 0.0403312 -1.89527 0.0147185 0.0393351 -0.999118 135.216 
-0.997312 0.0721261 -0.0129272 -18.9831 0.0716097 0.996756 0.0367359 -1.86792 0.0155349 0.0357114 -0.999241 133.82 
-0.996996 0.0762837 -0.0133804 -19.0039 0.0756835 0.996299 0.040751 -1.83902 0.0164395 0.0396159 -0.99908 132.429 
-0.997667 0.0667203 -0.0144539 -19.0074 0.0661229 0.997069 0.0384778 -1.82356 0.0169788 0.0374323 -0.999155 131.06 
-0.997595 0.0677949 -0.0143944 -19.0266 0.0674104 0.997394 0.0256974 -1.8 0.016099 0.0246652 -0.999566 129.693 
-0.998171 0.0588634 -0.0137515 -19.0297 0.0584923 0.997949 0.025991 -1.78324 0.0152532 0.0251391 -0.999568 128.287 
-0.99846 0.0543389 -0.0111999 -19.0369 0.053955 0.998026 0.0321262 -1.76235 0.0129236 0.0314724 -0.999421 126.832 
-0.998518 0.0540495 -0.00636716 -19.0431 0.0538162 0.998025 0.0324093 -1.73955 0.00810629 0.0320186 -0.999454 125.339 
-0.998691 0.0511419 0.000177795 -19.034 0.051124 0.998235 0.0302153 -1.70496 0.00136779 0.0301849 -0.999543 123.793 
-0.998732 0.0498256 0.00723671 -19.0174 0.0500668 0.998014 0.0382285 -1.67161 -0.00531758 0.0385423 -0.999243 122.172 
-0.998505 0.0527305 0.0144175 -18.9955 0.0532862 0.997723 0.0413387 -1.63046 -0.0122048 0.0420452 -0.999041 120.489 
-0.998193 0.0558516 0.0221827 -18.9624 0.0566488 0.997705 0.0371005 -1.58386 -0.0200596 0.0382901 -0.999065 118.74 
-0.997796 0.0591212 0.0301125 -18.9125 0.060193 0.997536 0.0360261 -1.53944 -0.0279085 0.0377593 -0.998897 116.921 
-0.997348 0.061709 0.0385996 -18.8457 0.0632519 0.997191 0.0401166 -1.49574 -0.0360157 0.0424517 -0.998449 115.028 
-0.996694 0.0661833 0.0471176 -18.7626 0.0679748 0.996982 0.0374914 -1.44961 -0.0444941 0.0405703 -0.998185 113.072 
-0.996159 0.0681779 0.0549391 -18.6547 0.0700116 0.997027 0.0321729 -1.40278 -0.0525822 0.0358957 -0.997971 111.05 
-0.995888 0.0681864 0.0596542 -18.5267 0.0701692 0.997028 0.031798 -1.36259 -0.0573087 0.0358532 -0.997713 108.955 
-0.995916 0.06685 0.0606814 -18.3897 0.0685437 0.997302 0.0262697 -1.32609 -0.0587615 0.0303217 -0.997811 106.796 
-0.995718 0.0703541 0.0599628 -18.2568 0.072024 0.99706 0.0261548 -1.28814 -0.0579464 0.0303616 -0.997858 104.562 
-0.995749 0.0702485 0.0595828 -18.1174 0.0724216 0.996755 0.0351296 -1.24473 -0.0569217 0.0392953 -0.997605 102.246 
-0.995946 0.0686017 0.0581869 -17.972 0.0704953 0.997026 0.0311391 -1.19566 -0.0558777 0.0351147 -0.99782 99.8817 
-0.996093 0.0671447 0.0573521 -17.825 0.0690053 0.997131 0.0310997 -1.15122 -0.0550995 0.0349358 -0.997869 97.4478 
-0.996118 0.0682695 0.0555728 -17.6842 0.0701844 0.996979 0.0332645 -1.10252 -0.053134 0.0370357 -0.9979 94.9527 
-0.996426 0.0665296 0.0520477 -17.5437 0.0683455 0.997085 0.0339224 -1.04997 -0.0496392 0.0373584 -0.998068 92.3932 
-0.996925 0.062717 0.0469784 -17.41 0.0643324 0.997359 0.0336984 -0.999006 -0.0447409 0.036617 -0.998327 89.7748 
-0.997034 0.0652185 0.0408576 -17.2933 0.0660695 0.997618 0.0198344 -0.958478 -0.0394667 0.0224751 -0.998968 87.1097 
-0.997277 0.0644023 0.0359441 -17.1883 0.0656562 0.997233 0.0348659 -0.921829 -0.0335992 0.0371309 -0.998745 84.3517 
-0.997558 0.0626721 0.0308257 -17.0909 0.0637044 0.997399 0.033727 -0.862118 -0.0286318 0.0356083 -0.998956 81.5532 
-0.997629 0.0635591 0.0263751 -17.0091 0.0644264 0.997362 0.0334496 -0.805378 -0.0241795 0.0350695 -0.999092 78.6838 
-0.997592 0.0655743 0.0225991 -16.9389 0.0663481 0.997169 0.0353853 -0.74786 -0.0202147 0.0367995 -0.999118 75.7575 
-0.997805 0.0636037 0.0184137 -16.8736 0.0643123 0.997093 0.0408589 -0.688618 -0.0157614 0.0419534 -0.998995 72.8087 
-0.997897 0.0631123 0.0147713 -16.8211 0.0637243 0.996931 0.0454778 -0.626696 -0.0118558 0.0463234 -0.998856 69.8619 
-0.997889 0.0637888 0.0121463 -16.7792 0.0642598 0.996988 0.0434333 -0.561778 -0.00933915 0.0441222 -0.998982 66.9246 
-0.997965 0.0628922 0.0105077 -16.7413 0.0633012 0.996995 0.044643 -0.498323 -0.00766845 0.0452173 -0.998948 63.9872 
-0.997979 0.0628915 0.00913444 -16.7074 0.0632192 0.997131 0.0416291 -0.434222 -0.00649012 0.0421224 -0.999091 61.0593 
-0.997902 0.0641339 0.00885618 -16.6773 0.0644805 0.996815 0.0469377 -0.369666 -0.00581768 0.0474103 -0.998859 58.1185 
-0.997906 0.0639373 0.00978201 -16.6429 0.0643437 0.996711 0.0492656 -0.292801 -0.00659993 0.0497918 -0.998738 55.1885 
-0.997945 0.0630505 0.0114147 -16.6009 0.0634781 0.997096 0.0420764 -0.223878 -0.00872856 0.0427145 -0.999049 52.277 
-0.997986 0.0621162 0.0128457 -16.5545 0.0626129 0.997121 0.0427734 -0.166754 -0.0101518 0.0434916 -0.999002 49.3668 
-0.997934 0.062616 0.0144088 -16.5059 0.0632509 0.996799 0.0489048 -0.101866 -0.0113004 0.0497151 -0.998699 46.4611 
-0.998035 0.0609618 0.0145139 -16.4517 0.0615518 0.997114 0.0444384 -0.033908 -0.011763 0.0452444 -0.998907 43.5757 
-0.998019 0.0614399 0.0135326 -16.4018 0.0619543 0.997212 0.0415955 0.0226727 -0.0109392 0.0423515 -0.999043 40.6979 
-0.997983 0.0621364 0.0129854 -16.3568 0.0626727 0.996971 0.0460597 0.0806055 -0.0100841 0.0467806 -0.998854 37.8248 
-0.998182 0.0591261 0.0116832 -16.3076 0.0595861 0.997252 0.0440101 0.141409 -0.00904897 0.0446263 -0.998963 34.97 
-0.998196 0.0590737 0.0107624 -16.264 0.0594783 0.997335 0.0422528 0.199871 -0.00823772 0.0428167 -0.999049 32.1247 
-0.997929 0.0634506 0.0106129 -16.2299 0.0638552 0.997009 0.0435431 0.257281 -0.00781827 0.0441306 -0.998995 29.2847 
-0.997895 0.0640028 0.0104941 -16.1949 0.0643988 0.99699 0.0431749 0.31566 -0.00769923 0.0437598 -0.999012 26.4574 
-0.998126 0.0604119 0.00971564 -16.1536 0.0607778 0.997213 0.0432686 0.374359 -0.00707463 0.043778 -0.999016 23.6461 
-0.9982 0.0592573 0.00926063 -16.1162 0.0596122 0.997232 0.0444489 0.432365 -0.00660107 0.044921 -0.998969 20.8566 
-0.99807 0.0614475 0.00894594 -16.0866 0.0617925 0.997052 0.0454919 0.492678 -0.0061242 0.0459569 -0.998925 18.0884 
-0.998072 0.0614799 0.00852173 -16.0573 0.0617977 0.997111 0.0441592 0.553933 -0.00578222 0.0446006 -0.998988 15.333 
-0.998439 0.0553321 0.00763527 -16.0196 0.0555814 0.997745 0.0376306 0.605206 -0.00553587 0.0379962 -0.999263 12.595 
-0.998666 0.0509918 0.00816161 -15.9818 0.051293 0.997785 0.0423519 0.653636 -0.00598393 0.0427141 -0.999069 9.853 
-0.998372 0.0563739 0.0086936 -15.9576 0.0567184 0.997309 0.046461 0.712668 -0.00605102 0.0468784 -0.998882 7.1228 
-0.997939 0.0635082 0.00913385 -15.9388 0.0638699 0.996845 0.0471324 0.778721 -0.00611174 0.0476187 -0.998847 4.40032 
-0.997895 0.0642503 0.0088642 -15.9092 0.0645692 0.997019 0.0422432 0.844665 -0.00612364 0.0427266 -0.999068 1.6761 
-0.998143 0.0603587 0.00826222 -15.8712 0.0606548 0.997268 0.0421595 0.904504 -0.00569496 0.0425823 -0.999077 -1.06317 
-0.998181 0.0597811 0.00780661 -15.8384 0.0600465 0.997396 0.0399395 0.960124 -0.00539866 0.0403356 -0.999172 -3.81359 
-0.998222 0.0591147 0.00762183 -15.8082 0.0593741 0.997429 0.0401221 1.01409 -0.00523043 0.0405033 -0.999166 -6.57647 
-0.998412 0.0558965 0.00700252 -15.7739 0.0561322 0.997627 0.0398757 1.07072 -0.00475699 0.0402055 -0.99918 -9.35714 
-0.998639 0.0517386 0.00654927 -15.7385 0.0519726 0.997727 0.0428829 1.12967 -0.00431569 0.0431649 -0.999059 -12.1499 
-0.998726 0.0500959 0.00607549 -15.7058 0.0502939 0.997986 0.0386471 1.18872 -0.00412719 0.0389034 -0.999235 -14.951 
-0.998792 0.0487102 0.00648413 -15.6752 0.0489209 0.998089 0.0377468 1.2389 -0.00463308 0.0380184 -0.999266 -17.7644 
-0.998865 0.0471492 0.00675802 -15.6435 0.0473475 0.998333 0.0330146 1.27911 -0.00519014 0.0332971 -0.999432 -20.5842 
-0.998679 0.0508047 0.00766811 -15.6178 0.0510482 0.998052 0.0358622 1.32013 -0.0058312 0.0362063 -0.999327 -23.4244 
-0.998599 0.0521993 0.00862454 -15.5903 0.0524732 0.997996 0.0353532 1.36253 -0.00676185 0.0357562 -0.999338 -26.2678 
-0.998682 0.0505942 0.0085833 -15.554 0.0508564 0.998136 0.033729 1.40128 -0.00686082 0.034121 -0.999394 -29.1154 
-0.998572 0.0524995 0.00988939 -15.5214 0.0528449 0.997853 0.0386915 1.4506 -0.00783687 0.0391589 -0.999202 -31.9731 
-0.998298 0.0571705 0.0115002 -15.4933 0.057566 0.997632 0.0376419 1.49691 -0.00932092 0.0382399 -0.999225 -34.82 
-0.998095 0.0604876 0.0121391 -15.4609 0.0609207 0.997372 0.039204 1.54276 -0.00973584 0.0398688 -0.999158 -37.6656 
-0.997835 0.0644816 0.0129439 -15.4267 0.0649635 0.997041 0.0411068 1.59371 -0.010255 0.0418587 -0.999071 -40.499 
-0.997556 0.0686397 0.0130485 -15.3925 0.0690995 0.996853 0.0388498 1.64734 -0.0103408 0.0396565 -0.99916 -43.3226 
-0.997339 0.0716734 0.0133133 -15.357 0.0720763 0.996861 0.032755 1.68978 -0.0109238 0.0336274 -0.999375 -46.1304 
-0.997355 0.0714112 0.013534 -15.3171 0.0718627 0.996747 0.0364779 1.73364 -0.010885 0.037354 -0.999243 -48.944 
-0.997374 0.0711834 0.0133521 -15.277 0.0716144 0.996811 0.0351958 1.78328 -0.0108041 0.0360595 -0.999291 -51.7485 
-0.997393 0.0710542 0.0126076 -15.2375 0.0714522 0.996845 0.0345727 1.83399 -0.0101113 0.0353834 -0.999323 -54.5479 
-0.9975 0.069862 0.0106725 -15.1995 0.0701945 0.996925 0.0348311 1.88302 -0.00820634 0.0354931 -0.999336 -57.3521 
-0.997382 0.0717489 0.00900512 -15.1701 0.0720127 0.99684 0.0335279 1.92781 -0.00657107 0.0340886 -0.999397 -60.1507 
-0.997461 0.0708244 0.00744125 -15.1423 0.0710401 0.996878 0.034464 1.96959 -0.00497713 0.0349052 -0.999378 -62.9515 
-0.997604 0.0689395 0.00583632 -15.1134 0.0691036 0.996981 0.0353996 2.0103 -0.00337827 0.0357181 -0.999356 -65.7507 
-0.997618 0.0688109 0.00479244 -15.0914 0.0689383 0.996985 0.0356059 2.05244 -0.00232792 0.0358515 -0.999354 -68.5388 
-0.997516 0.0702577 0.00501102 -15.0745 0.0703829 0.997003 0.032117 2.08736 -0.00273954 0.03239 -0.999472 -71.3233 
-0.997456 0.0710485 0.00580028 -15.0538 0.0712018 0.996917 0.0329676 2.11708 -0.0034401 0.0332967 -0.99944 -74.0953 
-0.997261 0.0735477 0.00782347 -15.0308 0.0737887 0.996584 0.0370851 2.14655 -0.00506922 0.0375608 -0.999282 -76.8564 
-0.997205 0.0741079 0.00952148 -14.9983 0.0743836 0.996687 0.0329016 2.17982 -0.00705167 0.0335179 -0.999413 -79.5932 
-0.997432 0.0709471 0.00984352 -14.9596 0.0712243 0.996964 0.0314566 2.20092 -0.00758188 0.0320769 -0.999457 -82.3173 
-0.997388 0.0715138 0.0101887 -14.9247 0.0718585 0.996657 0.0388668 2.23251 -0.00737515 0.0394974 -0.999193 -85.0349 
-0.997341 0.0722239 0.00967253 -14.8919 0.072536 0.996673 0.0371662 2.26864 -0.00695607 0.037769 -0.999262 -87.7267 
-0.997481 0.0705109 0.00777731 -14.8566 0.070738 0.996903 0.0343721 2.29699 -0.00532961 0.0348357 -0.999379 -90.408 
-0.997593 0.0690708 0.00619157 -14.8243 0.0692534 0.996912 0.037008 2.32693 -0.00361628 0.0373477 -0.999296 -93.0767 
-0.997599 0.0690894 0.00478244 -14.798 0.0692142 0.996998 0.0347163 2.3579 -0.00236956 0.034964 -0.999386 -95.7244 
-0.997626 0.0687711 0.00347244 -14.776 0.068853 0.996924 0.0374336 2.38983 -0.00088741 0.0375839 -0.999293 -98.3634 
-0.99761 0.0690694 0.00167024 -14.7585 0.0690834 0.996904 0.037534 2.42687 0.000927379 0.0375597 -0.999294 -100.984 
-0.997622 0.0689271 0.000230392 -14.7441 0.068888 0.996932 0.0371479 2.46267 0.00233081 0.0370755 -0.99931 -103.593 
-0.997635 0.0687242 -0.00106915 -14.7342 0.0686391 0.996969 0.036613 2.49831 0.0035821 0.036453 -0.999329 -106.186 
-0.997614 0.0689949 -0.00235413 -14.7282 0.0688753 0.997045 0.0340206 2.53066 0.00469442 0.0337773 -0.999418 -108.763 
-0.997602 0.0691565 -0.00263122 -14.7256 0.0690068 0.99689 0.0380598 2.56369 0.00525512 0.037787 -0.999272 -111.329 
-0.997581 0.0694796 -0.00230498 -14.7215 0.0693539 0.996957 0.0355917 2.60037 0.00477087 0.0353457 -0.999364 -113.877 
-0.997481 0.0709084 -0.00202276 -14.7178 0.0707866 0.996815 0.0367401 2.6342 0.0046215 0.0365043 -0.999323 -116.411 
-0.997483 0.0708889 -0.00137939 -14.7128 0.070783 0.996744 0.0386111 2.66779 0.004112 0.0384162 -0.999253 -118.924 
-0.997499 0.0706612 -0.00129007 -14.7057 0.0705612 0.996782 0.0380352 2.70391 0.00397353 0.0378491 -0.999276 -121.414 
-0.997525 0.0702808 -0.00204413 -14.7005 0.0701557 0.996836 0.0373667 2.73591 0.00466383 0.0371309 -0.9993 -123.867 
-0.997661 0.0681987 -0.00456355 -14.6983 0.0679697 0.996923 0.0390418 2.7678 0.0072121 0.0386403 -0.999227 -126.287 
-0.997769 0.066379 -0.00712739 -14.7012 0.0660528 0.997054 0.0389994 2.80139 0.00969513 0.0384416 -0.999214 -128.67 
-0.99771 0.0670396 -0.00899215 -14.7123 0.0666653 0.997092 0.0369197 2.83317 0.0114411 0.0362357 -0.999278 -131.009 
-0.997614 0.0685077 -0.0086063 -14.7249 0.0680969 0.996823 0.041318 2.864 0.0114096 0.0406334 -0.999109 -133.3 
-0.997332 0.0724942 -0.00855478 -14.7431 0.0720832 0.996545 0.0412445 2.89521 0.0115152 0.0405178 -0.999112 -135.514 
-0.997449 0.0708443 -0.00874071 -14.7523 0.070377 0.996483 0.0454944 2.92894 0.011933 0.0447632 -0.998926 -137.654 
-0.997495 0.069693 -0.0121148 -14.7647 0.0691004 0.996644 0.0438919 2.96476 0.0151331 0.0429447 -0.998963 -139.696 
-0.997417 0.0703488 -0.0145347 -14.7849 0.069635 0.996564 0.0448565 2.99326 0.0176404 0.0437285 -0.998888 -141.631 
-0.997272 0.072306 -0.0148594 -14.8085 0.0715657 0.9964 0.0454434 3.02 0.0180918 0.044256 -0.998856 -143.452 
-0.996956 0.0776416 -0.007091 -14.8233 0.0772658 0.996075 0.0431864 3.04471 0.0104162 0.0425071 -0.999042 -145.155 
-0.9961 0.0854175 0.0220899 -14.7976 0.0862628 0.995442 0.0406577 3.06559 -0.0185163 0.0424047 -0.998929 -146.744 
-0.993891 0.0852339 0.0701148 -14.6882 0.0882946 0.995218 0.0417719 3.07911 -0.0662192 0.0477074 -0.996664 -148.225 
-0.988213 0.0818113 0.129387 -14.492 0.0879692 0.995212 0.0426069 3.08883 -0.125282 0.0534868 -0.990678 -149.595 
-0.975301 0.0835113 0.204485 -14.2131 0.0920268 0.995227 0.032477 3.08933 -0.200796 0.0504929 -0.978331 -150.833 
-0.952149 0.0829722 0.294156 -13.8334 0.0936762 0.995349 0.0224621 3.08658 -0.290924 0.0489427 -0.955493 -151.95 
-0.914197 0.0834875 0.396576 -13.3604 0.0972855 0.995147 0.014766 3.06086 -0.393419 0.0520802 -0.917883 -152.95 
-0.859385 0.0802225 0.504997 -12.7772 0.0961686 0.99535 0.0055375 3.03226 -0.502204 0.0533237 -0.863104 -153.874 
-0.786597 0.0765927 0.612698 -12.0933 0.0949481 0.995479 -0.00254695 2.99292 -0.610123 0.0561711 -0.790313 -154.666 
-0.69447 0.0706755 0.716042 -11.3181 0.0917046 0.995742 -0.00934096 2.94718 -0.713654 0.0591774 -0.697994 -155.331 
-0.585221 0.0605408 0.808611 -10.4659 0.0832013 0.996429 -0.014387 2.90156 -0.806594 0.0588579 -0.588168 -155.856 
-0.466543 0.052451 0.882942 -9.56712 0.0728102 0.99713 -0.0207618 2.84459 -0.881497 0.0546009 -0.469023 -156.278 
-0.272887 0.0513658 0.960674 -8.1744 0.0657933 0.997232 -0.0346315 2.7555 -0.959794 0.0537555 -0.275511 -156.635 
-0.137249 0.0478903 0.989378 -7.22146 0.0552592 0.997645 -0.0406248 2.69034 -0.988994 0.0490965 -0.139572 -156.69 
0.00318504 0.0300787 0.999542 -6.24316 0.0506636 0.998259 -0.0302015 2.64127 -0.998711 0.0507366 0.00165559 -156.617 
0.144625 0.00644498 0.989466 -5.26192 0.0436742 0.998963 -0.0128905 2.59331 -0.988522 0.0450784 0.144193 -156.394 
0.285517 -0.00712692 0.958347 -4.30543 0.0370266 0.999308 -0.00359967 2.55295 -0.957658 0.0365121 0.285583 -156.024 
0.421523 -0.0148738 0.906695 -3.37534 0.0368797 0.999319 -0.00075217 2.53483 -0.906067 0.0337557 0.421785 -155.554 
0.605961 -0.0273115 0.795026 -2.05796 0.0349979 0.999358 0.00765593 2.51038 -0.794724 0.023185 0.606527 -154.484 
0.708777 -0.024399 0.705011 -1.26849 0.0327188 0.999463 0.00169578 2.49309 -0.704674 0.0218652 0.709195 -153.64 
0.831421 -0.0259302 0.555038 -0.226137 0.0334003 0.999436 -0.00334053 2.46717 -0.554638 0.0213158 0.831818 -152.061 
0.897119 -0.0275291 0.440931 0.323482 0.0312158 0.999512 -0.00110833 2.44633 -0.440685 0.0147583 0.89754 -150.88 
0.944917 -0.0261284 0.326266 0.748482 0.0274394 0.999623 0.000584342 2.42219 -0.326159 0.00840039 0.945278 -149.55 
0.973354 -0.0142365 0.228867 1.04825 0.0153939 0.999876 -0.00327229 2.40293 -0.228792 0.00670824 0.973452 -148.113 
0.988361 -0.0086282 0.151883 1.26505 0.00923537 0.999952 -0.0032926 2.38345 -0.151847 0.00465697 0.988393 -146.567 
0.996104 -0.00752832 0.0878645 1.40767 0.00762295 0.999971 -0.00074151 2.35947 -0.0878563 0.00140841 0.996132 -144.927 
0.999235 0.000596287 0.0391035 1.46345 -0.000538774 0.999999 -0.00148133 2.33266 -0.0391043 0.00145913 0.999234 -143.198 
0.999849 0.0109134 0.0134872 1.46874 -0.0108618 0.999933 -0.00388731 2.30591 -0.0135288 0.00374023 0.999901 -141.387 
0.999845 0.0152851 0.00875467 1.47997 -0.0152588 0.999879 -0.00305959 2.2747 -0.00880038 0.00292553 0.999957 -139.492 
0.999888 0.0134044 0.00664639 1.49937 -0.0133989 0.99991 -0.000862366 2.24674 -0.00665736 0.000773215 0.999977 -137.518 
0.999923 0.0121291 0.00263555 1.50541 -0.0121249 0.999925 -0.0016103 2.22017 -0.00265488 0.00157822 0.999995 -135.474 
0.999931 0.0117224 -0.0011019 1.50333 -0.0117204 0.99993 0.00180502 2.1902 0.00112298 -0.00179197 0.999998 -133.352 
0.999941 0.00984413 -0.00459016 1.49856 -0.00983727 0.99995 0.00151402 2.15963 0.00460484 -0.00146877 0.999988 -131.16 
0.999936 0.00882262 -0.00705863 1.48238 -0.00882496 0.999961 -0.000301176 2.12814 0.0070557 0.000363449 0.999975 -128.9 
0.999914 0.0102522 -0.00817577 1.45844 -0.0102628 0.999946 -0.00125177 2.09264 0.0081625 0.00133557 0.999966 -126.576 
0.999915 0.0107294 -0.00748023 1.43672 -0.0107402 0.999941 -0.00141414 2.05364 0.00746462 0.00149436 0.999971 -124.185 
0.999923 0.0113665 -0.00506283 1.41804 -0.0113801 0.999932 -0.0026616 2.00988 0.00503223 0.00271901 0.999984 -121.734 
0.999938 0.0110092 -0.00152607 1.41038 -0.0110225 0.999899 -0.00898675 1.95674 0.00142698 0.00900301 0.999958 -119.231 
0.999965 0.00830835 -0.000623979 1.40577 -0.00831346 0.999928 -0.00868108 1.89703 0.000551809 0.00868597 0.999962 -116.657 
0.999968 0.00739242 -0.00294227 1.39673 -0.00742603 0.999905 -0.0115777 1.83206 0.00285641 0.0115992 0.999929 -114.029 
0.999934 0.00778534 -0.00840992 1.36969 -0.00788359 0.9999 -0.0117124 1.76752 0.0083179 0.011778 0.999896 -111.341 
0.999891 0.00811867 -0.0123484 1.33055 -0.00824463 0.999914 -0.0101845 1.70036 0.0122647 0.0102852 0.999872 -108.593 
0.999866 0.00696921 -0.0147768 1.28483 -0.00714461 0.999904 -0.0118506 1.63593 0.0146928 0.0119546 0.999821 -105.791 
0.999821 0.00876203 -0.016782 1.23026 -0.00898955 0.999868 -0.0135304 1.56533 0.0166612 0.0136788 0.999768 -102.932 
0.99981 0.0103004 -0.0165786 1.17007 -0.0104548 0.999903 -0.00925315 1.49585 0.0164817 0.00942471 0.99982 -100.008 
0.99983 0.00954711 -0.0157943 1.11554 -0.00962548 0.999942 -0.00489311 1.43616 0.0157467 0.00504431 0.999863 -97.026 
0.999831 0.0105526 -0.0150376 1.06298 -0.0104497 0.999922 0.00690988 1.39069 0.0151093 -0.00675157 0.999863 -94.0023 
0.999801 0.0131205 -0.0150243 1.00915 -0.0129429 0.999846 0.0118539 1.36142 0.0151775 -0.0116571 0.999817 -90.9823 
0.999807 0.0120719 -0.0155294 0.961647 -0.0119039 0.99987 0.0108667 1.3334 0.0156586 -0.0106797 0.99982 -87.9732 
0.999842 0.0106923 -0.0142186 0.919141 -0.0105774 0.999911 0.00813185 1.29831 0.0143043 -0.00798017 0.999866 -84.9672 
0.999879 0.00916138 -0.0126063 0.883448 -0.00902623 0.999902 0.0107368 1.26824 0.0127034 -0.0106217 0.999863 -81.9495 
0.999897 0.00862162 -0.0114789 0.852047 -0.00852128 0.999925 0.00876262 1.23483 0.0115536 -0.0086639 0.999896 -78.9424 
0.999921 0.00710647 -0.010344 0.825573 -0.00697024 0.999889 0.0131469 1.20796 0.0104363 -0.0130738 0.99986 -75.9344 
0.999923 0.00616292 -0.0108059 0.800315 -0.00601266 0.999885 0.0138836 1.18937 0.0108902 -0.0138176 0.999845 -72.9364 
0.99988 0.00963817 -0.0120959 0.763954 -0.00955552 0.999931 0.00687253 1.1606 0.0121613 -0.00675612 0.999903 -69.956 
0.999844 0.0121631 -0.0127739 0.725241 -0.0120305 0.999873 0.0104053 1.12832 0.0128989 -0.01025 0.999864 -66.9713 
0.999866 0.0081017 -0.0142115 0.69463 -0.00798501 0.999934 0.00824855 1.0961 0.0142774 -0.00813396 0.999865 -64.0052 
0.999852 0.00626006 -0.0160062 0.658775 -0.0060981 0.99993 0.0101478 1.06748 0.0160686 -0.0100487 0.99982 -61.0454 
0.999814 0.00516177 -0.0185817 0.613503 -0.00503926 0.999965 0.00663401 1.03098 0.0186153 -0.00653914 0.999805 -58.1035 
0.999764 0.00495666 -0.0211389 0.557118 -0.00470921 0.99992 0.0117398 1.00576 0.0211954 -0.0116375 0.999708 -55.1606 
0.999737 0.00664611 -0.0219689 0.490709 -0.00641283 0.999923 0.0106722 0.984688 0.0220381 -0.0105285 0.999702 -52.2367 
0.999721 0.00805106 -0.0222255 0.423541 -0.00782193 0.999915 0.0103771 0.955865 0.0223072 -0.0102003 0.999699 -49.3229 
0.99974 0.00707287 -0.0216946 0.362164 -0.00686557 0.99993 0.00961465 0.923009 0.0217611 -0.0094632 0.999718 -46.418 
0.999777 0.00454244 -0.0206411 0.307032 -0.00434322 0.999944 0.00968621 0.891114 0.020684 -0.00959439 0.99974 -43.5256 
0.999812 0.0040199 -0.018972 0.254373 -0.00380432 0.999928 0.0113852 0.859437 0.0190164 -0.0113109 0.999755 -40.6366 
0.999835 0.00500473 -0.0174609 0.202969 -0.00486423 0.999955 0.00807965 0.825329 0.0175005 -0.00799338 0.999815 -37.7625 
0.999844 0.00814148 -0.0156654 0.153725 -0.00798807 0.99992 0.00983073 0.786514 0.0157442 -0.00970406 0.999829 -34.8951 
0.999865 0.00926329 -0.0135506 0.113374 -0.00911079 0.999895 0.0112724 0.752231 0.0136536 -0.0111474 0.999845 -32.036 
0.999905 0.00837998 -0.0109169 0.0848288 -0.00830167 0.99994 0.00719926 0.716896 0.0109765 -0.00710795 0.999915 -29.194 
0.999925 0.00915249 -0.00818967 0.0606257 -0.00906823 0.999906 0.0102673 0.678599 0.00828287 -0.0101922 0.999914 -26.356 
0.999925 0.0109666 -0.00552915 0.0439024 -0.0109672 0.99994 -8.61297e-05 0.632931 0.00552787 0.000146763 0.999985 -23.5434 
0.999923 0.011889 -0.00341828 0.0323287 -0.0119012 0.999923 -0.00357895 0.565375 0.00337547 0.00361935 0.999988 -20.7384 
0.99994 0.010751 -0.00229564 0.0266974 -0.0107554 0.99994 -0.00190325 0.494739 0.00227504 0.00192782 0.999996 -17.9437 
0.999961 0.00865555 -0.00167573 0.0241604 -0.00865477 0.999962 0.000476229 0.431254 0.00167979 -0.000461706 0.999999 -15.1661 
0.999972 0.00701823 -0.00270349 0.0215879 -0.0070246 0.999973 -0.00235723 0.367007 0.00268688 0.00237615 0.999994 -12.4038 
0.999955 0.00811271 -0.00490875 0.00895588 -0.0081147 0.999967 -0.000384737 0.301604 0.00490547 0.000424554 0.999988 -9.65474 
0.999937 0.00843223 -0.00735998 -0.00978548 -0.00842385 0.999964 0.00116871 0.24145 0.00736957 -0.00110664 0.999972 -6.91413 
0.999938 0.00682087 -0.008787 -0.0311414 -0.00684227 0.999974 -0.00240671 0.181287 0.00877035 0.00246668 0.999958 -4.18329 
0.999927 0.00760835 -0.009437 -0.0578973 -0.00763568 0.999967 -0.00286311 0.11347 0.0094149 0.00293495 0.999951 -1.45629 
0.999911 0.00902188 -0.0098416 -0.0886426 -0.00904896 0.999955 -0.00271061 0.0459036 0.00981671 0.00279942 0.999948 1.26942 
0.9999 0.00968717 -0.0103228 -0.117565 -0.00971026 0.99995 -0.00218833 -0.0201632 0.0103011 0.00228834 0.999944 3.98804 
0.999898 0.00948953 -0.0106717 -0.145883 -0.00951913 0.999951 -0.00272633 -0.0881206 0.0106453 0.00282764 0.999939 6.70442 
0.999896 0.00945026 -0.0108504 -0.175095 -0.0094741 0.999953 -0.00214796 -0.154637 0.0108296 0.00225054 0.999939 9.4159 
0.999882 0.0109651 -0.0107356 -0.208154 -0.0109791 0.999939 -0.00125283 -0.220746 0.0107212 0.00137055 0.999942 12.1232 
0.999889 0.0105664 -0.0104625 -0.235533 -0.0105896 0.999942 -0.00216326 -0.289202 0.010439 0.00227381 0.999943 14.8303 
0.999898 0.00972652 -0.0104765 -0.258853 -0.00974205 0.999951 -0.00143137 -0.358279 0.0104621 0.00153329 0.999944 17.5336 
0.999901 0.00972634 -0.0101992 -0.283357 -0.00974224 0.999951 -0.0015107 -0.428489 0.010184 0.00160992 0.999947 20.2333 
0.999892 0.010107 -0.010685 -0.309468 -0.0101297 0.999946 -0.00207722 -0.496613 0.0106635 0.00218523 0.999941 22.9265 
0.999882 0.0101429 -0.0115169 -0.338072 -0.0101693 0.999946 -0.00222993 -0.565242 0.0114937 0.00234679 0.999931 25.6135 
0.999886 0.00899663 -0.0121312 -0.367457 -0.00898931 0.999959 0.000657377 -0.630802 0.0121366 -0.00054825 0.999926 28.2931 
0.999899 0.00814263 -0.0116475 -0.39768 -0.00815591 0.999966 -0.00109309 -0.692571 0.0116382 0.00118798 0.999932 30.9509 
0.999908 0.00823961 -0.0107865 -0.427007 -0.00824899 0.999966 -0.00082473 -0.756656 0.0107793 0.000913632 0.999942 33.6065 
0.999925 0.00725552 -0.00987332 -0.451537 -0.00725917 0.999974 -0.000333467 -0.820635 0.00987064 0.000405115 0.999951 36.2434 
0.999943 0.00507233 -0.00942728 -0.471855 -0.00506587 0.999987 0.000708524 -0.882457 0.00943075 -0.000660725 0.999955 38.8665 
0.999932 0.00440711 -0.01081 -0.497489 -0.00438383 0.999988 0.00217672 -0.94036 0.0108195 -0.00212918 0.999939 41.4802 
0.999887 0.00757124 -0.0130132 -0.534623 -0.00753223 0.999967 0.00304466 -0.995653 0.0130359 -0.0029463 0.999911 44.076 
0.999856 0.00905247 -0.0143666 -0.578258 -0.00890827 0.99991 0.0100698 -1.03853 0.0144564 -0.00994033 0.999846 46.6701 
0.999821 0.00972073 -0.0162131 -0.623098 -0.00947784 0.999843 0.0149912 -1.06651 0.0163563 -0.0148348 0.999756 49.2494 
0.999793 0.00929485 -0.018099 -0.674006 -0.00909811 0.999899 0.0109225 -1.08728 0.0181987 -0.0107556 0.999776 51.8104 
0.999736 0.0107229 -0.0203289 -0.73114 -0.0105149 0.999892 0.0103097 -1.11579 0.0204373 -0.0100932 0.99974 54.3609 
0.999685 0.0112108 -0.0224572 -0.794281 -0.0109883 0.99989 0.010003 -1.14478 0.0225669 -0.00975308 0.999698 56.9016 
0.999641 0.0113386 -0.0242707 -0.859787 -0.0110828 0.999882 0.0106488 -1.17466 0.0243886 -0.010376 0.999649 59.4341 
0.999615 0.0110494 -0.0254423 -0.928288 -0.0107981 0.999892 0.00999275 -1.20386 0.0255499 -0.00971418 0.999626 61.9493 
0.999598 0.00869247 -0.0269968 -0.996173 -0.00844751 0.999922 0.00917478 -1.23409 0.0270745 -0.00894303 0.999593 64.4584 
0.99956 0.00916753 -0.0282259 -1.06865 -0.00888888 0.999911 0.0099819 -1.26781 0.0283149 -0.00972661 0.999552 66.9537 
0.999506 0.0132109 -0.0285165 -1.14827 -0.0129731 0.99988 0.00850555 -1.30304 0.0286255 -0.00813139 0.999557 69.4331 
0.999474 0.0177778 -0.0271398 -1.22708 -0.0175424 0.999807 0.0088902 -1.33807 0.0272926 -0.00840942 0.999592 71.9003 
0.999545 0.0188996 -0.023491 -1.29346 -0.0186207 0.999754 0.0120341 -1.37064 0.0237126 -0.0115912 0.999652 74.3411 
0.9997 0.0135307 -0.0203922 -1.33708 -0.013393 0.999887 0.00687338 -1.4063 0.0204829 -0.00659821 0.999768 76.7228 
0.999774 0.0147558 -0.0153182 -1.37797 -0.0145627 0.999814 0.0126448 -1.44331 0.0155019 -0.0124189 0.999803 79.0374 
0.999839 0.0157543 -0.00860225 -1.40295 -0.0156725 0.999832 0.00948822 -1.47561 0.00875029 -0.00935187 0.999918 81.2677 
0.999911 0.0130276 -0.00284213 -1.40657 -0.0130317 0.999914 -0.00144242 -1.51854 0.00282309 0.00147933 0.999995 83.4619 
0.99995 0.0098868 0.00134536 -1.39729 -0.00988521 0.99995 -0.00118192 -1.56614 -0.00135698 0.00116857 0.999998 85.6552 
0.99994 0.0103279 0.00357618 -1.39133 -0.0103292 0.999947 0.000342071 -1.60813 -0.00357245 -0.000378989 0.999994 87.8365 
0.999927 0.0108267 0.00536393 -1.3802 -0.0108117 0.999938 -0.0028161 -1.6547 -0.00539408 0.0027579 0.999982 89.9981 
0.999939 0.00928911 0.00589927 -1.36383 -0.0092944 0.999956 0.000869878 -1.70526 -0.00589094 -0.000924654 0.999982 92.1496 
0.999972 0.00632924 0.00411502 -1.34885 -0.0063402 0.999976 0.00265428 -1.74769 -0.00409812 -0.0026803 0.999988 94.2821 
0.999995 0.00195289 -0.00256367 -1.34128 -0.00195105 0.999998 0.000719313 -1.79065 0.00256507 -0.000714306 0.999996 96.3985 
0.999947 0.00235288 -0.010045 -1.358 -0.00242007 0.999975 -0.00668231 -1.83504 0.010029 0.00670626 0.999927 98.508 
0.999799 0.00357322 -0.0197112 -1.39741 -0.00370257 0.999972 -0.0065299 -1.88769 0.0196873 0.00660157 0.999784 100.636 
0.999447 0.00409474 -0.0329924 -1.46312 -0.00421602 0.999985 -0.00360736 -1.9392 0.0329771 0.00374447 0.999449 102.787 
0.998893 0.00662856 -0.0465775 -1.56179 -0.0067319 0.999975 -0.00206229 -1.98822 0.0465626 0.00237356 0.998913 104.957 
0.998533 0.0141633 -0.0522539 -1.68624 -0.0142327 0.999898 -0.000955202 -2.03441 0.0522351 0.00169751 0.998633 107.147 
0.998666 0.0226462 -0.0464063 -1.80604 -0.0228085 0.999735 -0.00297024 -2.07976 0.0463268 0.00402474 0.998918 109.362 
0.999057 0.0268253 -0.0341284 -1.89703 -0.0268805 0.999638 -0.00115901 -2.12309 0.034085 0.00207531 0.999417 111.608 
0.999441 0.0289124 -0.0168046 -1.94909 -0.0289478 0.999579 -0.00186473 -2.16643 0.0167436 0.00235015 0.999857 113.881 
0.999581 0.0288375 0.00238192 -1.95614 -0.028829 0.999578 -0.00352748 -2.21029 -0.00248264 0.00345734 0.999991 116.179 
0.999442 0.0257545 0.0212546 -1.91321 -0.0256402 0.999655 -0.00563321 -2.26115 -0.0213924 0.0050851 0.999758 118.508 
0.999037 0.0242335 0.0365868 -1.83308 -0.0240841 0.9997 -0.00451928 -2.31212 -0.0366853 0.00363377 0.99932 120.866 
0.998523 0.0256773 0.0478767 -1.72507 -0.0255545 0.999668 -0.00317484 -2.3627 -0.0479424 0.00194669 0.998848 123.258 
0.997927 0.0309322 0.0564267 -1.6021 -0.0308434 0.999521 -0.00244323 -2.41093 -0.0564753 0.000697772 0.998404 125.684 
0.997675 0.0304103 0.0609879 -1.45419 -0.0304262 0.999537 -0.000668203 -2.45578 -0.0609799 -0.00118898 0.998138 128.143 
0.99791 0.0239163 0.0600336 -1.29261 -0.0235869 0.999703 -0.0061889 -2.5044 -0.0601638 0.00475996 0.998177 130.641 
0.998395 0.0151963 0.0545484 -1.13533 -0.015147 0.999884 -0.00131698 -2.55262 -0.0545621 0.000488622 0.99851 133.189 
0.999045 0.00592289 0.0432819 -0.998254 -0.0060132 0.99998 0.00195672 -2.59374 -0.0432695 -0.00221512 0.999061 135.781 
0.999551 -0.000384143 0.0299523 -0.895798 0.000368038 1 0.000543208 -2.63369 -0.0299525 -0.00053194 0.999551 138.414 
0.999837 -0.000837119 0.0180326 -0.832678 0.000790071 0.999996 0.00261601 -2.67491 -0.0180347 -0.00260133 0.999834 141.091 
0.99997 0.00202422 0.00741989 -0.808213 -0.00205217 0.999991 0.0037617 -2.71165 -0.00741221 -0.00377681 0.999965 143.817 
0.999988 0.00407951 -0.00264361 -0.810774 -0.00408283 0.999991 -0.00125029 -2.75099 0.00263848 0.00126107 0.999996 146.574 
0.999947 0.00543981 -0.0086835 -0.831134 -0.00552028 0.999942 -0.00926976 -2.81104 0.00863257 0.00931721 0.999919 149.366 
0.999907 0.00667626 -0.0119173 -0.863698 -0.00678888 0.999932 -0.00943505 -2.88442 0.0118535 0.00951508 0.999884 152.202 
0.999858 0.00792681 -0.014837 -0.903141 -0.00802462 0.999946 -0.00654436 -2.95948 0.0147843 0.0066625 0.999869 155.065 
0.9998 0.00869267 -0.0179849 -0.950588 -0.00876453 0.999954 -0.00392053 -3.03026 0.01795 0.00407738 0.999831 157.949 
0.999725 0.00920587 -0.0215529 -1.00734 -0.00921536 0.999958 -0.000340841 -3.09665 0.0215489 0.000539366 0.999768 160.832 
0.999639 0.0108822 -0.0245741 -1.07563 -0.0109356 0.999938 -0.0020368 -3.16205 0.0245504 0.00230479 0.999696 163.709 
0.999595 0.0124982 -0.0255814 -1.15096 -0.012613 0.999911 -0.00432869 -3.23206 0.0255251 0.0046496 0.999663 166.581 
0.99959 0.0138631 -0.0250621 -1.22558 -0.0139312 0.9999 -0.00254169 -3.30334 0.0250244 0.00288979 0.999683 169.454 
0.999611 0.0141976 -0.0239837 -1.29763 -0.0142154 0.999899 -0.000573338 -3.37169 0.0239731 0.000914053 0.999712 172.319 
0.999628 0.0158836 -0.0221538 -1.3663 -0.0159149 0.999873 -0.00123856 -3.44042 0.0221313 0.00159068 0.999754 175.169 
0.99967 0.0166009 -0.0196011 -1.42753 -0.0166531 0.999858 -0.00250235 -3.51172 0.0195568 0.00282794 0.999805 178.011 
0.999776 0.0127679 -0.0168844 -1.47633 -0.0128388 0.999909 -0.00409327 -3.58363 0.0168306 0.00430913 0.999849 180.839 
0.999844 0.0107924 -0.013994 -1.51887 -0.0107546 0.999938 0.00277637 -3.65247 0.0140232 -0.00262544 0.999898 183.661 
0.999857 0.0130054 -0.0108318 -1.55921 -0.0130177 0.999915 -0.00106125 -3.70812 0.0108171 0.0012021 0.999941 186.456 
0.999882 0.0128889 -0.00840584 -1.5903 -0.0129105 0.999914 -0.00251892 -3.77766 0.00837264 0.00262715 0.999961 189.242 
0.999917 0.0105247 -0.00737243 -1.61333 -0.0105145 0.999944 0.00141763 -3.84374 0.00738693 -0.00134 0.999972 192.021 
0.999941 0.0076876 -0.00766181 -1.63387 -0.00769424 0.99997 -0.000836993 -3.90588 0.00765515 0.000895896 0.99997 194.776 
0.99994 0.0072503 -0.00818759 -1.65745 -0.00727497 0.999969 -0.00298645 -3.97359 0.00816569 0.00304584 0.999962 197.523 
0.999931 0.008129 -0.00848299 -1.6823 -0.00813102 0.999967 -0.000203391 -4.04283 0.00848106 0.000272353 0.999964 200.255 
0.999924 0.00860596 -0.0088171 -1.70598 -0.00860204 0.999963 0.000482632 -4.10686 0.00882093 -0.00040675 0.999961 202.97 
0.999916 0.00939978 -0.00893743 -1.72757 -0.00940112 0.999956 -0.000107769 -4.17186 0.00893602 0.000191782 0.99996 205.669 
0.99992 0.00865411 -0.00925187 -1.74644 -0.00866641 0.999962 -0.00128937 -4.23878 0.00924036 0.00136945 0.999956 208.351 
0.999912 0.00917958 -0.00954222 -1.7684 -0.00917849 0.999958 0.000157949 -4.30382 0.00954327 -7.03512e-05 0.999954 211.025 
0.99991 0.0084997 -0.0104277 -1.79249 -0.00849995 0.999964 2.07607e-05 -4.36604 0.0104275 6.78767e-05 0.999946 213.667 
0.99989 0.00728059 -0.0128905 -1.81496 -0.00723664 0.999968 0.00345304 -4.4286 0.0129152 -0.00335938 0.999911 216.248 
0.99985 0.00693461 -0.0158431 -1.84251 -0.00680562 0.999943 0.00818132 -4.48688 0.0158989 -0.00807227 0.999841 218.743 
0.999792 0.00796873 -0.0187638 -1.87789 -0.00783383 0.999943 0.00725191 -4.54048 0.0188206 -0.00710341 0.999798 221.129 
0.999675 0.00755195 -0.0243648 -1.91724 -0.00737213 0.999945 0.00746202 -4.5983 0.0244198 -0.00727997 0.999675 223.411 
0.99947 0.00762329 -0.0316542 -1.97197 -0.00741455 0.99995 0.00670652 -4.65183 0.0317037 -0.00646827 0.999476 225.567 
0.999272 0.0105696 -0.0366511 -2.04015 -0.010331 0.999924 0.00669175 -4.70634 0.0367191 -0.00630823 0.999306 227.603 
0.999168 0.0106209 -0.0393855 -2.10601 -0.0102425 0.9999 0.00979874 -4.75544 0.0394856 -0.00938717 0.999176 229.512 
0.999037 0.0108268 -0.0425183 -2.17419 -0.0104048 0.999895 0.0101344 -4.79916 0.0426235 -0.00968221 0.999044 231.287 
0.998866 0.0112791 -0.0462446 -2.24367 -0.0109146 0.999907 0.0081267 -4.83857 0.0463319 -0.00761275 0.998897 232.933 
0.998854 0.0143185 -0.0456753 -2.31497 -0.0142577 0.999897 0.0016569 -4.88163 0.0456943 -0.00100377 0.998955 234.492 
0.999186 0.0156679 -0.0371754 -2.37256 -0.0157825 0.999872 -0.00279294 -4.92369 0.0371268 0.00337739 0.999305 236.037 
0.999507 0.0124689 -0.0288 -2.40634 -0.0125046 0.999921 -0.00105678 -4.96168 0.0287845 0.00141639 0.999585 237.576 
0.999822 0.0108743 -0.0153958 -2.44919 -0.0108759 0.999941 -1.83297e-05 -5.01612 0.0153947 0.00018577 0.999881 239.859 
0.999913 0.0109661 -0.00738266 -2.46485 -0.0109647 0.99994 0.00023167 -5.04902 0.00738476 -0.000150701 0.999973 241.365 
0.999939 0.0110349 -0.000645277 -2.47794 -0.0110332 0.999936 0.00255895 -5.07675 0.000673474 -0.00255167 0.999996 242.858 
0.999949 0.00982736 0.00236131 -2.48594 -0.00983203 0.99995 0.00197585 -5.10367 -0.00234177 -0.00199896 0.999995 244.338 
0.999933 0.0108824 0.00389303 -2.49325 -0.0108647 0.999931 -0.00453087 -5.13184 -0.00394207 0.00448827 0.999982 245.816 
0.999942 0.0100603 0.00389094 -2.49727 -0.0100335 0.999926 -0.00683095 -5.16444 -0.00395938 0.00679151 0.999969 247.316 
0.999941 0.0104902 0.00270735 -2.50309 -0.0104734 0.999926 -0.0061694 -5.1993 -0.00277187 0.00614069 0.999977 248.833 
0.999955 0.00917799 0.00250435 -2.5085 -0.00915225 0.999907 -0.010104 -5.23778 -0.00259685 0.0100807 0.999946 250.367 
0.999976 0.00528187 0.00453093 -2.50345 -0.00523765 0.999939 -0.00971654 -5.27308 -0.00458198 0.00969257 0.999942 251.922 
0.99993 0.00964146 0.00690765 -2.50712 -0.00965643 0.999951 0.00213571 -5.30693 -0.00688672 -0.00220227 0.999974 253.509 
0.999897 0.00801435 0.0119045 -2.49198 -0.00796518 0.99996 -0.00417183 -5.3362 -0.0119374 0.00407658 0.99992 255.099 
0.999787 0.0113095 0.017294 -2.47578 -0.0111386 0.999888 -0.0099433 -5.3702 -0.0174046 0.00974854 0.999801 256.707 
0.999725 0.0088918 0.0217167 -2.44207 -0.00876752 0.999945 -0.00581156 -5.4142 -0.0217672 0.00561955 0.999747 258.348 
0.999664 0.00467067 0.0254916 -2.3981 -0.00454029 0.999976 -0.00517015 -5.45158 -0.0255151 0.00505268 0.999662 260.007 
0.999553 0.00808818 0.0287748 -2.35718 -0.00777734 0.99991 -0.0108981 -5.49298 -0.0288603 0.0106694 0.999526 261.688 
0.999435 0.00925764 0.0323233 -2.30521 -0.00889363 0.999896 -0.0113872 -5.53621 -0.0324253 0.0110933 0.999413 263.408 
0.999297 0.0107583 0.0359269 -2.24888 -0.0104432 0.999905 -0.00894623 -5.58502 -0.0360197 0.00856474 0.999314 265.167 
0.999296 0.00863937 0.0365056 -2.18105 -0.00829458 0.99992 -0.00958573 -5.63277 -0.0365854 0.00927618 0.999287 266.96 
0.9993 0.00608687 0.0369005 -2.10709 -0.00578386 0.999949 -0.00831263 -5.68457 -0.0369492 0.00809338 0.999284 268.787 
0.999311 0.00480415 0.0367932 -2.03986 -0.00455535 0.999966 -0.00684283 -5.73548 -0.0368248 0.00667051 0.9993 270.644 
0.999353 0.00503845 0.0356063 -1.97718 -0.00488534 0.999978 -0.00438586 -5.78693 -0.0356276 0.00420907 0.999356 272.516 
0.999486 0.00538766 0.0316078 -1.92369 -0.0052115 0.99997 -0.0056529 -5.83751 -0.0316374 0.00548527 0.999484 274.387 
0.999618 0.00851488 0.0262954 -1.8863 -0.00834508 0.999944 -0.00656057 -5.88899 -0.0263498 0.00633862 0.999633 276.256 
0.999722 0.0106806 0.0210039 -1.86017 -0.0105864 0.999933 -0.00459301 -5.94009 -0.0210515 0.00436938 0.999769 278.122 
0.999808 0.0108462 0.0163091 -1.84113 -0.0108287 0.999941 -0.00115803 -5.98929 -0.0163207 0.000981201 0.999866 279.982 
0.999858 0.0114711 0.0123338 -1.82954 -0.0114705 0.999934 -0.00012556 -6.03319 -0.0123344 -1.59316e-05 0.999924 281.828 
0.999904 0.010303 0.00927163 -1.82038 -0.0102972 0.999947 -0.000670125 -6.07601 -0.00927804 0.00057459 0.999957 283.663 
0.999918 0.0111219 0.00634196 -1.82008 -0.0111212 0.999938 -0.000134393 -6.11836 -0.00634306 6.38521e-05 0.99998 285.473 
0.999916 0.0122553 0.0041321 -1.82466 -0.0122577 0.999925 0.000555911 -6.16296 -0.00412498 -0.000606513 0.999991 287.216 
0.999846 0.017269 0.00327263 -1.83581 -0.0172537 0.99984 -0.00464435 -6.20897 -0.00335231 0.00458716 0.999984 288.89 
0.999781 0.0206451 0.00354487 -1.8416 -0.0206181 0.999759 -0.00750437 -6.25781 -0.00369894 0.00742964 0.999966 290.542 
0.999705 0.023784 0.0049439 -1.84405 -0.0237394 0.999679 -0.00889034 -6.30543 -0.00515375 0.00877036 0.999948 292.186 
0.999604 0.026955 0.00802866 -1.84021 -0.0268721 0.999586 -0.0102573 -6.36072 -0.00830183 0.0100375 0.999915 293.812 
0.999572 0.0274344 0.0102001 -1.82984 -0.0273619 0.9996 -0.00717907 -6.41441 -0.0103929 0.00689691 0.999922 295.428 
0.999648 0.0250029 0.00885666 -1.81794 -0.0249784 0.999684 -0.00287006 -6.46419 -0.00892562 0.00264782 0.999957 297.031 
0.99971 0.023367 0.00587398 -1.81204 -0.0233649 0.999727 -0.000420881 -6.50651 -0.00588221 0.000283514 0.999983 298.624 
0.999788 0.0204435 0.00247834 -1.80762 -0.0204467 0.99979 0.00126768 -6.54155 -0.0024519 -0.00131808 0.999996 300.223 
