1 1.19763e-11 1.70464e-10 0 1.19763e-11 1 3.5625e-10 -1.11022e-16 1.70464e-10 3.5625e-10 1 2.22045e-16 
0.999998 0.00143088 -0.00136626 -0.0278736 -0.00143123 0.999999 -0.000257619 -0.0560812 0.00136589 0.000259574 0.999999 2.38418 
0.999992 0.00286033 -0.00273194 -0.0557354 -0.00286175 0.999996 -0.000515091 -0.112136 0.00273045 0.000522905 0.999996 4.76729 
0.999982 0.0042904 -0.00409898 -0.0836255 -0.0042936 0.999991 -0.000772789 -0.168246 0.00409563 0.000790375 0.999991 7.15277 
0.999969 0.00571877 -0.00546518 -0.111499 -0.00572448 0.999983 -0.00103029 -0.224319 0.0054592 0.00106155 0.999985 9.53676 
0.999951 0.00714577 -0.00683087 -0.139362 -0.00715472 0.999974 -0.00128767 -0.28037 0.00682149 0.00133648 0.999976 11.9198 
0.999931 0.00843591 -0.00816322 -0.167141 -0.00844859 0.999963 -0.00152061 -0.336295 0.00815009 0.00158947 0.999965 14.3035 
0.999905 0.00994267 -0.00955913 -0.195073 -0.00996015 0.999949 -0.00178253 -0.392444 0.00954091 0.00187757 0.999953 16.6876 
0.999903 0.00903704 -0.0106381 -0.222069 -0.00904873 0.999958 -0.00105157 -0.445081 0.0106282 0.00114773 0.999943 19.0766 
0.999889 0.0090071 -0.0118276 -0.253156 -0.00904332 0.999954 -0.00301191 -0.497782 0.0118 0.00311854 0.999926 21.4647 
0.999862 0.00984956 -0.0133611 -0.288791 -0.00988085 0.999949 -0.00227713 -0.55273 0.013338 0.00240884 0.999908 23.853 
0.999835 0.0101149 -0.0151055 -0.327351 -0.0101569 0.999945 -0.00270318 -0.606984 0.0150773 0.00285616 0.999882 26.2431 
0.999823 0.00861126 -0.0167054 -0.367798 -0.00861793 0.999963 -0.000327681 -0.656564 0.0167019 0.00047159 0.99986 28.6371 
0.999801 0.0074613 -0.0185104 -0.411276 -0.0075089 0.999969 -0.00250366 -0.70872 0.0184912 0.00264216 0.999826 31.0279 
0.999774 0.00740399 -0.0199167 -0.459653 -0.0074443 0.99997 -0.00195049 -0.763253 0.0199017 0.00209831 0.9998 33.4202 
0.999758 0.00640272 -0.0210545 -0.509819 -0.00643811 0.999978 -0.00161332 -0.818272 0.0210438 0.00174848 0.999777 35.8126 
0.999746 0.0055957 -0.0218499 -0.562741 -0.00562143 0.999984 -0.00111657 -0.873467 0.0218433 0.00123911 0.999761 38.2069 
0.999747 0.0062008 -0.0216065 -0.61817 -0.00617996 0.99998 0.00103148 -0.926858 0.0216124 -0.000897686 0.999766 40.6024 
0.999739 0.00782238 -0.0214496 -0.675668 -0.00781302 0.999969 0.000520558 -0.977631 0.021453 -0.000352835 0.99977 42.9959 
0.999751 0.0110736 -0.019367 -0.735861 -0.010976 0.999927 0.00514141 -1.02036 0.0194225 -0.00492756 0.999799 45.3956 
0.999804 0.0119197 -0.0158213 -0.784447 -0.0117438 0.999869 0.0111629 -1.05121 0.0159523 -0.0109749 0.999812 47.8015 
0.999865 0.00992313 -0.013056 -0.822002 -0.00977267 0.999886 0.0115377 -1.07385 0.013169 -0.0114085 0.999848 50.2035 
0.999871 0.0115474 -0.0111836 -0.859463 -0.0114466 0.999894 0.00904029 -1.09829 0.0112868 -0.00891111 0.999897 52.6058 
0.99988 0.0099049 -0.0118841 -0.892873 -0.00981186 0.999921 0.00786143 -1.12788 0.011961 -0.00774388 0.999899 55.0152 
0.999837 0.0100971 -0.0149447 -0.933231 -0.00995818 0.999907 0.00933976 -1.16069 0.0150376 -0.00918942 0.999845 57.4278 
0.999822 0.010094 -0.0159091 -0.956215 -0.00994013 0.999903 0.00972452 -1.17565 0.0160057 -0.00956466 0.999826 58.6326 
0.999782 0.0114454 -0.0174578 -1.00672 -0.0112833 0.999893 0.00935265 -1.2056 0.017563 -0.00915363 0.999804 61.0421 
0.999795 0.00950888 -0.0178507 -1.05386 -0.00937052 0.999926 0.00781895 -1.23748 0.0179237 -0.00765008 0.99981 63.4475 
0.999793 0.00908842 -0.018201 -1.07847 -0.00893026 0.999922 0.00875222 -1.2517 0.0182792 -0.00858786 0.999796 64.6475 
0.999789 0.00908306 -0.0184288 -1.10319 -0.00888242 0.999901 0.0109403 -1.2671 0.0185264 -0.0107743 0.99977 65.8504 
0.999762 0.0110335 -0.0188021 -1.15768 -0.0108882 0.99991 0.00781308 -1.29392 0.0188866 -0.0076065 0.999793 68.2411 
0.999735 0.0131959 -0.0188793 -1.18693 -0.0130472 0.999883 0.00797869 -1.30942 0.0189824 -0.00773025 0.99979 69.4353 
0.999688 0.0166571 -0.0185977 -1.24323 -0.0164973 0.999826 0.00871377 -1.33946 0.0187396 -0.00840424 0.999789 71.816 
0.999704 0.0187315 -0.0155521 -1.29284 -0.0185739 0.999775 0.0102144 -1.37147 0.0157399 -0.00992248 0.999827 74.1875 
0.999836 0.0146383 -0.0106252 -1.32014 -0.0145978 0.999886 0.00388094 -1.40752 0.0106808 -0.0037252 0.999936 76.5408 
0.999881 0.0145024 -0.00525761 -1.33795 -0.0144706 0.999877 0.0060339 -1.4488 0.00534447 -0.00595709 0.999968 78.8946 
0.999892 0.014593 -0.00193384 -1.34094 -0.0145772 0.999862 0.0079624 -1.46853 0.00204977 -0.00793334 0.999966 80.0684 
0.999885 0.0150247 0.00205161 -1.34229 -0.0150362 0.999871 0.00571294 -1.48583 -0.00196551 -0.00574313 0.999982 81.2345 
0.999885 0.0141338 0.00550328 -1.33565 -0.0141512 0.999895 0.00313899 -1.5061 -0.00545833 -0.00321651 0.99998 82.3991 
0.99988 0.0127292 0.00886334 -1.32387 -0.0127231 0.999919 -0.000739437 -1.53031 -0.00887203 0.000626579 0.999961 83.558 
0.999856 0.0118738 0.0121449 -1.30927 -0.0118523 0.999928 -0.00183327 -1.55547 -0.0121657 0.00168906 0.999925 84.7174 
0.999726 0.0127711 0.0196199 -1.27312 -0.0127924 0.999918 0.000960484 -1.60507 -0.019606 -0.0012112 0.999807 87.0311 
0.999574 0.0121248 0.02656 -1.21667 -0.0120245 0.99992 -0.00393573 -1.65616 -0.0266056 0.00361468 0.99964 89.3334 
0.999406 0.0108644 0.0326931 -1.14413 -0.0107685 0.999937 -0.00310873 -1.71042 -0.0327248 0.00275483 0.999461 91.6365 
0.999319 0.0101085 0.0354901 -1.10175 -0.0100514 0.999948 -0.00178757 -1.73609 -0.0355063 0.00142963 0.999368 92.7913 
0.999225 0.00928785 0.0382441 -1.05601 -0.00929732 0.999957 6.94875e-05 -1.76065 -0.0382418 -0.000425 0.999268 93.9471 
0.999053 0.00686319 0.0429619 -0.953966 -0.00683001 0.999976 -0.000919247 -1.80954 -0.0429672 0.000624947 0.999076 96.2554 
0.998965 0.00539851 0.0451542 -0.89754 -0.00520135 0.999976 -0.0044828 -1.83487 -0.0451773 0.0042433 0.99897 97.4132 
0.99879 0.00589486 0.0488303 -0.782045 -0.0054781 0.999947 -0.00866424 -1.89164 -0.0488788 0.00838626 0.998769 99.7397 
0.998795 0.00615144 0.0486906 -0.665532 -0.00586421 0.999965 -0.0060398 -1.95303 -0.048726 0.00574699 0.998796 102.095 
0.998956 0.00574843 0.0453281 -0.550571 -0.00558373 0.999977 -0.00375952 -2.01288 -0.0453487 0.00350249 0.998965 104.47 
0.999189 0.00637717 0.0397667 -0.448327 -0.00625591 0.999975 -0.00317304 -2.06974 -0.0397859 0.00292169 0.999204 106.867 
0.999453 0.00797542 0.0320995 -0.365108 -0.00787451 0.999964 -0.00326915 -2.127 -0.0321244 0.00301459 0.999479 109.279 
0.999679 0.008809 0.0237386 -0.298528 -0.00878063 0.999961 -0.00129932 -2.18567 -0.0237491 0.00109046 0.999717 111.707 
0.999851 0.00934745 0.0145022 -0.253779 -0.00934393 0.999956 -0.000310941 -2.24015 -0.0145045 0.000175388 0.999895 114.142 
0.999932 0.0106937 0.0046037 -0.234072 -0.0106914 0.999943 -0.000525943 -2.29683 -0.00460906 0.000476688 0.999989 116.586 
0.999903 0.0134151 -0.00374102 -0.237293 -0.0134203 0.999909 -0.0013563 -2.358 0.00372248 0.00140637 0.999992 119.04 
0.999837 0.0167111 -0.00682861 -0.256232 -0.0167211 0.999859 -0.00140924 -2.41742 0.0068041 0.0015232 0.999976 121.501 
0.999755 0.0202564 -0.00889889 -0.283572 -0.0202553 0.999795 0.000204309 -2.4715 0.0089012 -2.40077e-05 0.99996 123.983 
0.999667 0.0235682 -0.0104931 -0.316815 -0.0235496 0.999721 0.00189471 -2.52162 0.0105348 -0.00164697 0.999943 126.47 
0.999638 0.0241768 -0.0118416 -0.353204 -0.0241148 0.999695 0.00534702 -2.56129 0.0119673 -0.00505952 0.999916 128.97 
0.99969 0.0211635 -0.0131168 -0.384545 -0.0211108 0.999768 0.00414784 -2.59617 0.0132015 -0.00386964 0.999905 131.476 
0.999767 0.0160332 -0.0144467 -0.413373 -0.0159196 0.999842 0.00794194 -2.63136 0.0145718 -0.0077101 0.999864 133.996 
0.999843 0.00989517 -0.0147093 -0.443887 -0.00978133 0.999922 0.00779134 -2.66006 0.0147852 -0.00764623 0.999861 136.523 
0.999878 0.00564459 -0.0145769 -0.472057 -0.00555702 0.999966 0.00604079 -2.69321 0.0146105 -0.00595904 0.999876 139.057 
0.99989 0.00597114 -0.0136025 -0.509951 -0.0058595 0.999949 0.00823257 -2.72813 0.013651 -0.00815196 0.999874 141.606 
0.99988 0.00859196 -0.0128936 -0.531657 -0.00846348 0.999914 0.00998678 -2.74413 0.0129783 -0.00987645 0.999867 142.88 
0.999889 0.00895428 -0.0119115 -0.568107 -0.00887644 0.999939 0.00657173 -2.77535 0.0119696 -0.00646527 0.999907 145.424 
0.999906 0.0078125 -0.0112584 -0.601569 -0.0078088 0.999969 0.00037256 -2.81886 0.011261 -0.000284609 0.999937 147.961 
0.999915 0.00764352 -0.0105907 -0.634443 -0.00768883 0.999961 -0.00424426 -2.87506 0.0105579 0.00432532 0.999935 150.492 
0.99991 0.00811723 -0.0106469 -0.666905 -0.008155 0.999961 -0.0035087 -2.93972 0.010618 0.00359521 0.999937 153.025 
0.999894 0.00940335 -0.0111418 -0.703475 -0.00942305 0.999954 -0.00171744 -2.99762 0.0111252 0.00182224 0.999937 155.553 
0.999874 0.00999207 -0.0123223 -0.740134 -0.0100148 0.999948 -0.00178528 -3.05171 0.0123038 0.00190846 0.999923 158.078 
0.999853 0.0103076 -0.0136647 -0.778517 -0.0103136 0.999947 -0.000364302 -3.10733 0.0136602 0.000505181 0.999907 160.604 
0.999825 0.0110364 -0.0151011 -0.821014 -0.0110736 0.999936 -0.00238769 -3.16234 0.0150737 0.00255449 0.999883 163.126 
0.999799 0.0115564 -0.0163761 -0.867607 -0.0116077 0.999928 -0.00304421 -3.22185 0.0163397 0.00323369 0.999861 165.652 
0.99977 0.011987 -0.0178068 -0.915926 -0.0120613 0.999919 -0.00407482 -3.28271 0.0177565 0.00428865 0.999833 168.177 
0.999737 0.0124097 -0.0192647 -0.968255 -0.0124539 0.99992 -0.00217217 -3.3446 0.0192362 0.00241152 0.999812 170.705 
0.99972 0.0127729 -0.019905 -0.99577 -0.0128126 0.999916 -0.00186476 -3.37385 0.0198795 0.00211927 0.9998 171.971 
0.9997 0.0132105 -0.020625 -1.02432 -0.0132442 0.999911 -0.00149884 -3.40245 0.0206034 0.00177155 0.999786 173.234 
0.999661 0.0144512 -0.0216718 -1.08317 -0.0145182 0.99989 -0.00293639 -3.46124 0.0216269 0.00325002 0.999761 175.759 
0.999642 0.0145737 -0.0224189 -1.14094 -0.0146517 0.999887 -0.00331746 -3.52353 0.022368 0.00364475 0.999743 178.289 
0.999687 0.0103064 -0.0227772 -1.19338 -0.01042 0.999934 -0.00487375 -3.58708 0.0227255 0.00510956 0.999729 180.811 
0.999681 0.0100292 -0.0231631 -1.24982 -0.00995024 0.999944 0.00352089 -3.64468 0.0231971 -0.00328929 0.999726 183.337 
0.999661 0.0120192 -0.0231152 -1.31192 -0.0120299 0.999928 -0.000321705 -3.69421 0.0231097 0.00059967 0.999733 185.843 
0.999651 0.0118834 -0.0235897 -1.37147 -0.0119445 0.999926 -0.00244898 -3.75266 0.0235589 0.00272989 0.999719 188.339 
0.999655 0.0120291 -0.0233437 -1.42991 -0.0120046 0.999927 0.00118962 -3.81104 0.0233563 -0.000908981 0.999727 190.831 
0.999705 0.0114696 -0.0213956 -1.48235 -0.0114366 0.999933 0.001663 -3.86886 0.0214133 -0.00141782 0.99977 193.304 
0.999773 0.010028 -0.0187743 -1.52543 -0.0100574 0.999948 -0.00147379 -3.92931 0.0187585 0.00166228 0.999823 195.761 
0.999826 0.0092654 -0.0161766 -1.56132 -0.00928975 0.999956 -0.00143049 -3.99452 0.0161627 0.00158052 0.999868 198.199 
0.999861 0.00965481 -0.0136221 -1.59322 -0.00964213 0.999953 0.000996523 -4.05572 0.0136311 -0.000865037 0.999907 200.619 
0.999877 0.00944574 -0.012535 -1.60705 -0.00943641 0.999955 0.000803841 -4.08451 0.012542 -0.000685456 0.999921 201.821 
0.999895 0.0100899 -0.0104203 -1.62986 -0.0100746 0.999948 0.00152276 -4.14217 0.0104351 -0.00141762 0.999945 204.203 
0.99991 0.0101237 -0.00875483 -1.64907 -0.0101128 0.999948 0.00128718 -4.19622 0.00876741 -0.00119853 0.999961 206.553 
0.99993 0.00877602 -0.00797274 -1.66316 -0.00876006 0.99996 0.00203533 -4.25023 0.00799028 -0.00196534 0.999966 208.852 
0.999923 0.0085436 -0.00897263 -1.68092 -0.00851351 0.999958 0.0033868 -4.30181 0.00900119 -0.00331015 0.999954 211.094 
0.999911 0.0091296 -0.00978528 -1.70539 -0.00911522 0.999957 0.00151356 -4.35161 0.00979868 -0.00142423 0.999951 213.275 
0.999898 0.00851047 -0.0114609 -1.73064 -0.008495 0.999963 0.00139821 -4.40208 0.0114724 -0.0013007 0.999933 215.405 
0.999862 0.00707599 -0.0150121 -1.7581 -0.00702249 0.999969 0.00361377 -4.45045 0.0150372 -0.00350785 0.999881 217.485 
0.999783 0.00751584 -0.0194553 -1.79655 -0.00740204 0.999955 0.00591479 -4.49424 0.0194989 -0.00576949 0.999793 219.511 
0.999659 0.00796657 -0.0248717 -1.84453 -0.00783582 0.999955 0.00534982 -4.53245 0.0249132 -0.0051531 0.999676 221.461 
0.999489 0.00889485 -0.0307088 -1.9005 -0.00871367 0.999944 0.00602865 -4.57435 0.0307607 -0.00575798 0.99951 223.323 
0.999278 0.0086326 -0.0370029 -1.96323 -0.00845652 0.999952 0.00491251 -4.61388 0.0370435 -0.00459604 0.999303 225.093 
0.999019 0.0101143 -0.0431107 -2.03611 -0.00995606 0.999943 0.00388317 -4.65549 0.0431475 -0.00345015 0.999063 226.776 
0.998845 0.0128542 -0.0462884 -2.11395 -0.0126727 0.999911 0.00421334 -4.69229 0.0463384 -0.00362187 0.998919 228.382 
0.998877 0.0130127 -0.0455603 -2.18284 -0.0127428 0.9999 0.0062109 -4.72895 0.0456365 -0.00562336 0.998942 229.917 
0.998902 0.0132772 -0.0449322 -2.24791 -0.0131233 0.999907 0.0037187 -4.76246 0.0449774 -0.00312496 0.998983 231.388 
0.998987 0.013313 -0.0429853 -2.30914 -0.0133179 0.999911 0.000172632 -4.79566 0.0429838 0.000400019 0.999076 232.838 
0.999116 0.0134701 -0.0398168 -2.3648 -0.0135033 0.999909 -0.000565903 -4.83053 0.0398055 0.00110306 0.999207 234.278 
0.999265 0.0133643 -0.0359246 -2.41471 -0.0133962 0.99991 -0.000647249 -4.86487 0.0359127 0.00112802 0.999354 235.702 
0.999434 0.0132248 -0.0309432 -2.45827 -0.0132526 0.999912 -0.000692742 -4.89692 0.0309313 0.00110243 0.999521 237.112 
0.999628 0.0112681 -0.024831 -2.48924 -0.0112645 0.999937 0.000287764 -4.92965 0.0248326 -7.94849e-06 0.999692 238.508 
0.999766 0.0105994 -0.0188718 -2.51195 -0.010598 0.999944 0.000172923 -4.96556 0.0188725 2.71225e-05 0.999822 239.888 
0.99985 0.0113417 -0.0130489 -2.5282 -0.0113588 0.999935 -0.00123393 -4.99821 0.0130341 0.00138196 0.999914 241.264 
0.999909 0.0112986 -0.00733624 -2.53835 -0.0113065 0.999935 -0.001034 -5.03204 0.00732409 0.00111685 0.999973 242.654 
0.99993 0.0115537 -0.00245928 -2.5456 -0.0115551 0.999933 -0.000559149 -5.06428 0.00245265 0.000587528 0.999997 244.059 
0.999932 0.011576 0.00154232 -2.54662 -0.0115692 0.999923 -0.00438365 -5.09478 -0.00159295 0.00436551 0.999989 245.471 
0.999938 0.0108462 0.00249051 -2.54558 -0.0108313 0.999924 -0.0059351 -5.10904 -0.00255469 0.00590776 0.999979 246.186 
0.999938 0.0107719 0.00267294 -2.54373 -0.0107536 0.999919 -0.00676716 -5.12614 -0.00274561 0.00673799 0.999973 246.908 
0.999936 0.010925 0.00302195 -2.5419 -0.0109031 0.999915 -0.00716991 -5.16458 -0.00310002 0.0071365 0.99997 248.369 
0.999932 0.0110868 0.00352747 -2.54094 -0.0110516 0.99989 -0.00985862 -5.20598 -0.00363639 0.00981897 0.999945 249.857 
0.999983 0.00402366 0.00424756 -2.52926 -0.00396977 0.999912 -0.0126188 -5.24631 -0.00429796 0.0126017 0.999911 251.371 
0.999972 0.00563303 0.00484195 -2.52948 -0.00558664 0.999939 -0.00954148 -5.26387 -0.0048954 0.00951417 0.999943 252.145 
0.999935 0.01001 0.00551496 -2.53441 -0.00999102 0.999944 -0.00346176 -5.28296 -0.00554931 0.00340643 0.999979 252.929 
0.999931 0.00828298 0.00826515 -2.52283 -0.00827762 0.999965 -0.000683216 -5.31615 -0.00827053 0.000614754 0.999966 254.511 
0.999803 0.0115532 0.016109 -2.50891 -0.0113657 0.999867 -0.011683 -5.34529 -0.0162419 0.0114976 0.999802 256.112 
0.999677 0.0116732 0.0225798 -2.47644 -0.0114726 0.999894 -0.00899468 -5.38577 -0.0226824 0.00873272 0.999705 257.758 
0.999583 0.00615029 0.0282192 -2.42627 -0.00603844 0.999974 -0.00404695 -5.42505 -0.0282434 0.00387486 0.999594 259.43 
0.99939 0.00817133 0.0339433 -2.37745 -0.00798873 0.999953 -0.00551177 -5.46745 -0.0339867 0.00523724 0.999409 261.103 
0.999204 0.00895698 0.0388821 -2.31559 -0.0086414 0.999928 -0.00827684 -5.50957 -0.0389534 0.00793425 0.999209 262.779 
0.998917 0.0113817 0.0451077 -2.24929 -0.0111924 0.999927 -0.00444753 -5.55757 -0.045155 0.00393785 0.998972 264.463 
0.998653 0.0117972 0.050521 -2.16903 -0.0115492 0.99992 -0.00519778 -5.60156 -0.0505783 0.00460731 0.99871 266.146 
0.998464 0.00718835 0.0549306 -2.07093 -0.00692358 0.999964 -0.00500896 -5.64239 -0.0549646 0.00462095 0.998478 267.834 
0.998395 0.00496856 0.0564207 -1.97234 -0.00469959 0.999977 -0.00489907 -5.68395 -0.0564437 0.00462605 0.998395 269.529 
0.998368 0.00482439 0.0569088 -1.87569 -0.00458219 0.99998 -0.0043856 -5.72699 -0.0569288 0.00411767 0.99837 271.234 
0.99846 0.00500763 0.0552475 -1.78334 -0.00476577 0.999978 -0.00450878 -5.77311 -0.0552689 0.00423854 0.998463 272.943 
0.998628 0.00591853 0.0520212 -1.70084 -0.00559772 0.999964 -0.00631051 -5.81491 -0.0520567 0.00601066 0.998626 274.651 
0.998695 0.0070106 0.0505903 -1.66066 -0.0066944 0.999957 -0.00641686 -5.83588 -0.0506331 0.00606981 0.998699 275.503 
0.998868 0.00861346 0.046776 -1.58558 -0.00833855 0.999947 -0.00606901 -5.87971 -0.0468258 0.0056721 0.998887 277.204 
0.999178 0.00702436 0.0399296 -1.51786 -0.00694001 0.999973 -0.0022507 -5.9219 -0.0399444 0.00197174 0.9992 278.897 
0.999522 0.0053321 0.0304419 -1.46624 -0.00537125 0.999985 0.00120446 -5.96075 -0.030435 -0.0013674 0.999536 280.569 
0.999766 0.00442697 0.0211729 -1.43189 -0.00448163 0.999987 0.00253453 -5.99441 -0.0211614 -0.00262882 0.999773 282.203 
0.999919 0.00301994 0.0123611 -1.41209 -0.00305103 0.999992 0.00249681 -6.02669 -0.0123534 -0.00253432 0.99992 283.788 
0.999982 0.00378205 0.00455822 -1.41432 -0.00379344 0.99999 0.00249342 -6.05399 -0.00454875 -0.00251066 0.999987 285.305 
0.999991 0.00266362 -0.00344064 -1.42342 -0.00265706 0.999995 0.0019098 -6.08512 0.0034457 -0.00190064 0.999992 286.744 
0.999877 0.00542942 -0.0146945 -1.45444 -0.00544968 0.999984 -0.00133942 -6.11745 0.014687 0.00141934 0.999891 288.101 
0.999432 0.00616846 -0.0331429 -1.50637 -0.00630687 0.999972 -0.00407305 -6.1494 0.0331168 0.00427976 0.999442 289.389 
0.997996 0.00756368 -0.06282 -1.59716 -0.00778981 0.999964 -0.00335535 -6.18245 0.0627924 0.00383798 0.998019 290.628 
0.994434 0.0119331 -0.104684 -1.74238 -0.0122463 0.999922 -0.0023491 -6.2102 0.104648 0.00361802 0.994503 291.806 
0.987444 0.0149425 -0.157264 -1.94299 -0.0153816 0.99988 -0.00157479 -6.23702 0.157222 0.00397398 0.987555 292.937 
0.975195 0.0163635 -0.220744 -2.20954 -0.0163356 0.999865 0.00195183 -6.25767 0.220746 0.00170258 0.97533 293.998 
0.955806 0.0181658 -0.293438 -2.54338 -0.0168706 0.999834 0.00694429 -6.28527 0.293515 -0.00168692 0.955953 294.988 
0.92833 0.0207961 -0.371175 -2.94905 -0.017502 0.999772 0.0122414 -6.30794 0.371345 -0.00486779 0.928482 295.902 
0.891514 0.0208731 -0.452512 -3.42557 -0.0152983 0.999755 0.015976 -6.32098 0.452735 -0.00732011 0.891615 296.783 
0.843254 0.0199888 -0.537144 -3.96896 -0.0115459 0.999751 0.0190782 -6.33276 0.537392 -0.00988592 0.843275 297.563 
0.782848 0.0220978 -0.621821 -4.58632 -0.0104315 0.999695 0.0223937 -6.33944 0.622126 -0.0110443 0.782839 298.262 
0.709248 0.0210131 -0.704646 -5.27032 -0.004494 0.99967 0.0252877 -6.34781 0.704945 -0.0147685 0.709109 298.869 
0.618595 0.0212149 -0.785423 -6.01439 0.0063723 0.999467 0.0320152 -6.33996 0.785684 -0.0248094 0.618131 299.434 
0.51501 0.0317447 -0.856596 -6.80887 0.00190339 0.999269 0.0381764 -6.33128 0.857182 -0.0212917 0.514573 299.805 
0.40308 0.0387493 -0.914344 -7.62009 -0.00102594 0.999122 0.0418898 -6.31563 0.915164 -0.0159469 0.402766 300.062 
0.227628 0.0482103 -0.972554 -8.84975 0.00551863 0.998694 0.0507978 -6.28289 0.973733 -0.0169302 0.227065 300.287 
0.102029 0.0555878 -0.993227 -9.69619 0.00949547 0.998338 0.0568493 -6.25695 0.994736 -0.0152314 0.101332 300.284 
-0.0286115 0.0676125 -0.997301 -10.5813 0.0145099 0.997633 0.0672187 -6.22432 0.999485 -0.0125475 -0.0295249 300.229 
-0.162228 0.0806115 -0.983455 -11.4879 0.0204626 0.996718 0.0783232 -6.1783 0.986541 -0.00741788 -0.163345 299.994 
-0.291601 0.0911471 -0.952187 -12.4029 0.0302266 0.995831 0.0860681 -6.12353 0.956062 -0.00368386 -0.29314 299.633 
-0.412246 0.0944947 -0.906159 -13.3109 0.0393319 0.995525 0.0859204 -6.06377 0.910223 -0.000220522 -0.414118 299.143 
-0.519594 0.0946639 -0.849153 -14.2125 0.0459407 0.995501 0.082868 -5.98976 0.853177 0.00404709 -0.521606 298.522 
-0.607122 0.0956122 -0.788836 -15.1162 0.050497 0.99537 0.081781 -5.91352 0.793003 0.00981719 -0.609139 297.802 
-0.680915 0.105633 -0.724704 -16.0243 0.0643617 0.994346 0.0844632 -5.83093 0.729529 0.0108691 -0.683864 296.918 
-0.749283 0.113476 -0.652455 -16.9039 0.0759321 0.993434 0.0855786 -5.73774 0.657882 0.0145804 -0.75298 295.877 
-0.807232 0.107361 -0.580388 -17.7292 0.0784031 0.994108 0.0748447 -5.6455 0.585004 0.0149128 -0.810894 294.684 
-0.855053 0.099719 -0.508863 -18.5053 0.0789028 0.994928 0.0623887 -5.55079 0.512503 0.013195 -0.858584 293.35 
-0.89543 0.0944526 -0.435067 -19.2138 0.0767085 0.995353 0.0582129 -5.47294 0.438544 0.0187523 -0.898514 291.863 
-0.928813 0.0955885 -0.358007 -19.8455 0.0816187 0.995201 0.0539691 -5.39719 0.361448 0.0209072 -0.932158 290.241 
-0.942603 0.0992123 -0.318837 -20.1292 0.0868463 0.994821 0.0528074 -5.36469 0.322425 0.0220865 -0.946337 289.39 
-0.964622 0.102636 -0.242839 -20.6125 0.0925591 0.994318 0.0525791 -5.29613 0.246856 0.028242 -0.968641 287.568 
-0.973179 0.101988 -0.206208 -20.8116 0.093287 0.994306 0.051514 -5.265 0.210288 0.0308958 -0.977151 286.621 
-0.985364 0.0988385 -0.138881 -21.1166 0.0939911 0.994726 0.0410546 -5.19823 0.142207 0.0274002 -0.989458 284.63 
-0.992432 0.0962251 -0.0762879 -21.307 0.0935178 0.99488 0.0383087 -5.1433 0.0795836 0.0308845 -0.99635 282.521 
-0.995236 0.0952705 -0.020712 -21.3836 0.0945336 0.994939 0.0340426 -5.09207 0.0238504 0.0319224 -0.999206 280.311 
-0.995538 0.0901444 0.0278974 -21.3456 0.091076 0.995258 0.0341483 -5.04425 -0.0246868 0.0365367 -0.999027 278.007 
-0.994471 0.0827435 0.064654 -21.2092 0.0847867 0.995962 0.0295192 -5.00136 -0.0619504 0.0348378 -0.997471 275.639 
-0.993718 0.0728344 0.0849721 -21.0019 0.0755538 0.996713 0.0292337 -4.96544 -0.0825636 0.03547 -0.995954 273.207 
-0.993731 0.0674377 0.0891622 -20.7768 0.0703133 0.997088 0.0295097 -4.92746 -0.0869125 0.035594 -0.99558 270.705 
-0.994305 0.0646509 0.0847192 -20.5552 0.0673417 0.9973 0.0292953 -4.88341 -0.0825965 0.0348336 -0.995974 268.136 
-0.994922 0.0631624 0.0783582 -20.3459 0.0657742 0.997346 0.0312087 -4.83852 -0.076179 0.0362041 -0.996437 265.51 
-0.995843 0.0609834 0.0676525 -20.1563 0.0634881 0.997351 0.0355105 -4.79953 -0.0653077 0.039658 -0.997077 262.848 
-0.996535 0.0601223 0.0574689 -19.9933 0.0623565 0.997334 0.0379073 -4.76049 -0.0550366 0.0413595 -0.997627 260.19 
-0.996883 0.0591046 0.0522612 -19.9213 0.0610962 0.997432 0.0373675 -4.73861 -0.0499184 0.040444 -0.997934 258.85 
-0.99725 0.0575239 0.0467308 -19.8553 0.0592684 0.997562 0.036842 -4.71799 -0.0444976 0.0395103 -0.998228 257.511 
-0.997763 0.0562884 0.0360518 -19.7459 0.0576884 0.997571 0.0390465 -4.67367 -0.0337664 0.0410389 -0.998587 254.824 
-0.997977 0.0576164 0.0268775 -19.6682 0.0587277 0.997366 0.0425707 -4.61864 -0.0243539 0.044063 -0.998732 252.123 
-0.998048 0.0591368 0.0200731 -19.6137 0.0599296 0.997339 0.0415063 -4.55642 -0.0175652 0.0426283 -0.998937 249.416 
-0.998137 0.0591983 0.0147777 -19.5693 0.0596954 0.997573 0.0358331 -4.50137 -0.0126206 0.0366485 -0.999248 246.706 
-0.998188 0.0592129 0.0107365 -19.538 0.0596028 0.997396 0.0406116 -4.445 -0.00830382 0.0411779 -0.999117 243.97 
-0.998114 0.0606161 0.00971818 -19.5138 0.0609638 0.997309 0.0407275 -4.37826 -0.00722329 0.0412431 -0.999123 241.222 
-0.998096 0.0608774 0.00995391 -19.5032 0.0612345 0.997292 0.0407293 -4.34609 -0.00744747 0.0412612 -0.999121 239.839 
-0.997885 0.0640574 0.0110327 -19.481 0.064428 0.997223 0.0373665 -4.28645 -0.00860843 0.0379983 -0.999241 237.073 
-0.997732 0.066012 0.0131621 -19.4501 0.0665033 0.996933 0.041247 -4.2238 -0.010399 0.0420287 -0.999062 234.291 
-0.997863 0.0635565 0.0151381 -19.4066 0.0641514 0.997025 0.0427366 -4.15292 -0.0123769 0.0436164 -0.998972 231.492 
-0.998054 0.0601614 0.0163722 -19.3556 0.0608014 0.99727 0.0418928 -4.09135 -0.0138072 0.0428067 -0.998988 228.688 
-0.998034 0.0604056 0.016693 -19.3094 0.061015 0.997383 0.0387922 -4.0312 -0.014306 0.0397345 -0.999108 225.871 
-0.997974 0.0612577 0.0171721 -19.2653 0.061909 0.997264 0.0403829 -3.97516 -0.0146514 0.0413642 -0.999037 223.034 
-0.99803 0.0602836 0.0173623 -19.2149 0.0609664 0.997259 0.0419296 -3.91575 -0.0147871 0.0429056 -0.99897 220.186 
-0.998015 0.060565 0.0172517 -19.1647 0.0612205 0.997306 0.0404035 -3.85191 -0.0147582 0.0413795 -0.999035 217.328 
-0.997889 0.0625505 0.0174596 -19.1149 0.0632531 0.997066 0.043101 -3.78382 -0.0147124 0.0441144 -0.998918 214.452 
-0.997835 0.0634161 0.0174059 -19.0532 0.0640673 0.99715 0.0398286 -3.70667 -0.0148305 0.0408575 -0.999055 211.57 
-0.997866 0.0629366 0.0173792 -18.9904 0.0635988 0.997148 0.0406227 -3.63417 -0.014773 0.0416413 -0.999023 208.672 
-0.997907 0.0622505 0.0175085 -18.9279 0.0629027 0.997236 0.0395545 -3.55915 -0.0149978 0.040573 -0.999064 205.758 
-0.998002 0.0607796 0.0172476 -18.8648 0.0614557 0.997233 0.0418309 -3.48764 -0.0146574 0.0428073 -0.998976 202.832 
-0.997915 0.0621706 0.0173612 -18.809 0.0628335 0.997194 0.0406818 -3.41917 -0.0147833 0.0416879 -0.999021 199.909 
-0.997942 0.0620157 0.0163174 -18.7519 0.0627025 0.996989 0.0456241 -3.35064 -0.0134388 0.0465533 -0.998825 196.976 
-0.998025 0.0609385 0.0152772 -18.7236 0.0615833 0.997039 0.0460573 -3.31386 -0.0124253 0.0469071 -0.998822 195.515 
-0.998082 0.0602617 0.0141655 -18.6972 0.0608535 0.99709 0.0459184 -3.27644 -0.0113571 0.0466924 -0.998845 194.056 
-0.998162 0.059105 0.0133474 -18.6712 0.0596663 0.997133 0.0465325 -3.24151 -0.0105588 0.0472433 -0.998828 192.6 
-0.998166 0.0592744 0.0123008 -18.648 0.0597818 0.997147 0.0460891 -3.20505 -0.00953379 0.0467399 -0.998862 191.144 
-0.998083 0.0609218 0.0108909 -18.6104 0.0613504 0.997115 0.0446967 -3.13828 -0.0081365 0.0452791 -0.998941 188.243 
-0.998112 0.0606706 0.00957521 -18.5769 0.0610404 0.997131 0.0447547 -3.07584 -0.00683245 0.0452547 -0.998952 185.352 
-0.998152 0.060188 0.00835879 -18.546 0.060518 0.997041 0.0474027 -3.01113 -0.00548098 0.047821 -0.998841 182.469 
-0.998156 0.0602652 0.00722776 -18.5334 0.0605447 0.996998 0.048264 -2.97727 -0.00429743 0.0486126 -0.998808 181.032 
-0.998174 0.0601866 0.00519615 -18.5232 0.0603643 0.997078 0.0468043 -2.94218 -0.00236397 0.0470325 -0.998891 179.601 
-0.998166 0.0605306 0.00123086 -18.5107 0.0605206 0.997035 0.0475323 -2.87354 0.00164995 0.0475196 -0.998869 176.751 
-0.998041 0.0624989 -0.00282821 -18.5133 0.0622881 0.996874 0.0486068 -2.80321 0.00585725 0.0483354 -0.998814 173.93 
-0.998024 0.0626469 -0.0048148 -18.5183 0.0623395 0.996867 0.0486763 -2.76955 0.00784914 0.04828 -0.998803 172.537 
-0.997997 0.0628885 -0.00681973 -18.5267 0.0624678 0.996778 0.0503203 -2.73603 0.00996233 0.0497935 -0.99871 171.156 
-0.997902 0.0638009 -0.0110031 -18.5517 0.0631287 0.996581 0.0532982 -2.66695 0.014366 0.0524917 -0.998518 168.447 
-0.997783 0.0649879 -0.0143422 -18.587 0.0641514 0.996552 0.0526199 -2.59924 0.0177124 0.0515831 -0.998512 165.822 
-0.997786 0.0645845 -0.0158933 -18.6254 0.0636087 0.996419 0.0557096 -2.5336 0.0194344 0.0545753 -0.998321 163.279 
-0.997856 0.0635031 -0.0158523 -18.6621 0.0625813 0.996626 0.0530981 -2.47385 0.0191707 0.0519922 -0.998463 160.837 
-0.997796 0.0645406 -0.0153892 -18.7004 0.0636388 0.996551 0.0532498 -2.42222 0.0187729 0.0521531 -0.998463 158.493 
-0.997811 0.0645853 -0.0142252 -18.7334 0.0636958 0.996398 0.055983 -2.3708 0.0177897 0.0549543 -0.99833 156.25 
-0.99794 0.0627639 -0.0132854 -18.7623 0.0619265 0.996502 0.056109 -2.32265 0.0167606 0.0551707 -0.998336 154.117 
-0.997907 0.0633588 -0.0129065 -18.7779 0.0625592 0.996523 0.0550275 -2.29743 0.0163481 0.0541049 -0.998401 153.088 
-0.997892 0.0637176 -0.0122759 -18.7924 0.0629679 0.996554 0.0539915 -2.27446 0.0156738 0.0531048 -0.998466 152.087 
-0.997912 0.0635831 -0.0113027 -18.8164 0.0628687 0.996498 0.0551257 -2.23022 0.0147682 0.0543001 -0.998416 150.162 
-0.997919 0.0636418 -0.0104049 -18.8377 0.062965 0.996448 0.0559198 -2.18775 0.0139268 0.0551483 -0.998381 148.339 
-0.99791 0.063884 -0.00968684 -18.8475 0.0632426 0.996414 0.0562088 -2.1648 0.0132429 0.0554787 -0.998372 147.461 
-0.997951 0.0633705 -0.00878707 -18.8628 0.0628144 0.996596 0.0533881 -2.12351 0.0121404 0.0527267 -0.998535 145.754 
-0.997672 0.0677028 -0.00815838 -18.8824 0.0672119 0.996478 0.0501328 -2.07834 0.0115238 0.0494677 -0.998709 144.104 
-0.997737 0.0667607 -0.00796862 -18.892 0.066281 0.996544 0.0500671 -2.04211 0.0112836 0.0494256 -0.998714 142.52 
-0.997549 0.0695291 -0.00786536 -18.9087 0.0690792 0.996476 0.0475785 -2.00512 0.0111457 0.0469186 -0.998837 140.993 
-0.997558 0.0692891 -0.00880415 -18.9195 0.0687757 0.996418 0.0492041 -1.97456 0.0121819 0.0484784 -0.99875 139.499 
-0.997312 0.072548 -0.0103034 -18.9444 0.0719917 0.996308 0.0467742 -1.92816 0.0136587 0.0459067 -0.998852 137.33 
-0.997165 0.074446 -0.0109478 -18.9643 0.0739185 0.996356 0.0425527 -1.90532 0.0140758 0.0416228 -0.999034 135.917 
-0.997186 0.0739533 -0.0123225 -18.9791 0.0734361 0.996569 0.0381627 -1.88135 0.0151025 0.0371503 -0.999196 134.517 
-0.997239 0.0730582 -0.0132837 -18.991 0.0725096 0.996646 0.0379235 -1.85486 0.0160098 0.0368556 -0.999192 133.124 
-0.997266 0.0725845 -0.0138402 -19.0082 0.0719707 0.996579 0.0406251 -1.82907 0.0167416 0.0395179 -0.999079 131.74 
-0.997851 0.0639298 -0.0143858 -19.0117 0.0634115 0.997409 0.0339853 -1.81349 0.0165212 0.033 -0.999319 130.377 
-0.99785 0.0639143 -0.0144844 -19.0298 0.0635588 0.997694 0.0238037 -1.79041 0.0159724 0.0228319 -0.999612 128.995 
-0.998344 0.0560576 -0.0129025 -19.0329 0.0556615 0.998021 0.0292461 -1.7736 0.0145165 0.0284795 -0.999489 127.564 
-0.998484 0.0542573 -0.00924176 -19.0409 0.0539223 0.99799 0.0332949 -1.75174 0.0110297 0.0327461 -0.999403 126.09 
-0.998583 0.0531416 -0.00285605 -19.0406 0.0530315 0.998136 0.0302135 -1.72188 0.00445632 0.0300192 -0.999539 124.575 
-0.998754 0.04977 0.00359816 -19.0261 0.0498626 0.998197 0.0334055 -1.68911 -0.00192909 0.0335433 -0.999435 122.991 
-0.998622 0.051388 0.0106701 -19.0079 0.0517835 0.997822 0.0408671 -1.65137 -0.00854678 0.0413633 -0.999108 121.337 
-0.998351 0.054468 0.0181132 -18.9811 0.0551539 0.997684 0.0398066 -1.60683 -0.0159031 0.04074 -0.999043 119.622 
-0.997979 0.0579839 0.0260103 -18.9409 0.0588982 0.997619 0.0358819 -1.56236 -0.0238678 0.0373414 -0.999018 117.841 
-0.997584 0.0604978 0.0341353 -18.8816 0.0617846 0.997366 0.0379921 -1.51858 -0.031747 0.0400094 -0.998695 115.984 
-0.996992 0.0646659 0.0427162 -18.8074 0.0663674 0.997005 0.0396925 -1.47269 -0.0400215 0.0424081 -0.998298 114.057 
-0.99642 0.0673461 0.0511037 -18.711 0.069128 0.99703 0.0339393 -1.42582 -0.0486662 0.0373505 -0.998116 112.07 
-0.996006 0.0680574 0.0577957 -18.5927 0.0699969 0.997027 0.032221 -1.38209 -0.055431 0.0361378 -0.997808 110.01 
-0.995901 0.067266 0.0604637 -18.4584 0.0691318 0.997177 0.0293123 -1.34335 -0.0583213 0.0333721 -0.99774 107.885 
-0.995787 0.0689693 0.0604223 -18.3238 0.0704699 0.997247 0.0230633 -1.30756 -0.0586653 0.0272241 -0.997906 105.693 
-0.995766 0.0697279 0.0598948 -18.1872 0.07178 0.99688 0.0328189 -1.26905 -0.0574196 0.0369792 -0.997665 103.411 
-0.995839 0.069408 0.0590507 -18.045 0.0714282 0.996906 0.0328159 -1.21998 -0.0565903 0.0368972 -0.997715 101.074 
-0.996072 0.0672088 0.0576576 -17.8976 0.0691157 0.997104 0.0317389 -1.17289 -0.0553574 0.0355992 -0.997832 98.6718 
-0.996074 0.0680273 0.0566478 -17.7537 0.069817 0.997101 0.0302353 -1.12679 -0.0544268 0.0340716 -0.997936 96.2086 
-0.99629 0.0670092 0.054 -17.6127 0.0690018 0.99697 0.0359199 -1.07749 -0.0514294 0.0395127 -0.997895 93.6775 
-0.996598 0.0658249 0.0496038 -17.4771 0.067556 0.997134 0.0340695 -1.02226 -0.047219 0.0373047 -0.998188 91.0903 
-0.996919 0.06516 0.0436551 -17.3507 0.0662506 0.997514 0.024018 -0.97534 -0.0419815 0.0268362 -0.998758 88.4541 
-0.997034 0.0652185 0.0408576 -17.2933 0.0660695 0.997618 0.0198344 -0.958478 -0.0394667 0.0224751 -0.998968 87.1097 
-0.997139 0.0651298 0.0383739 -17.2398 0.0662256 0.997411 0.0280119 -0.944055 -0.0364501 0.0304731 -0.998871 85.7375 
-0.997425 0.0635172 0.0333058 -17.1385 0.0646962 0.99727 0.035603 -0.892592 -0.0309534 0.0376661 -0.998811 82.9564 
-0.997628 0.0626751 0.028451 -17.0483 0.0636003 0.997434 0.0328702 -0.833061 -0.0263179 0.0346018 -0.999055 80.1265 
-0.997629 0.0635591 0.0263751 -17.0091 0.0644264 0.997362 0.0334496 -0.805378 -0.0241795 0.0350695 -0.999092 78.6838 
-0.997592 0.0655743 0.0225991 -16.9389 0.0663481 0.997169 0.0353853 -0.74786 -0.0202147 0.0367995 -0.999118 75.7575 
-0.997685 0.0648601 0.0204358 -16.9054 0.065599 0.997128 0.0378406 -0.718759 -0.0179228 0.0390936 -0.999075 74.2844 
-0.997805 0.0636037 0.0184137 -16.8736 0.0643123 0.997093 0.0408589 -0.688618 -0.0157614 0.0419534 -0.998995 72.8087 
-0.997908 0.0625151 0.0164783 -16.8449 0.0631926 0.997012 0.0444279 -0.658898 -0.0136517 0.0453762 -0.998877 71.3345 
-0.997897 0.0631123 0.0147713 -16.8211 0.0637243 0.996931 0.0454778 -0.626696 -0.0118558 0.0463234 -0.998856 69.8619 
-0.997912 0.0631873 0.0134119 -16.7985 0.0637237 0.996985 0.0442806 -0.593621 -0.0105735 0.0450428 -0.998929 68.394 
-0.997889 0.0637888 0.0121463 -16.7792 0.0642598 0.996988 0.0434333 -0.561778 -0.00933915 0.0441222 -0.998982 66.9246 
-0.997965 0.0628922 0.0105077 -16.7413 0.0633012 0.996995 0.044643 -0.498323 -0.00766845 0.0452173 -0.998948 63.9872 
-0.997985 0.062682 0.00984662 -16.7237 0.0630589 0.997026 0.0442963 -0.466239 -0.00704076 0.0448279 -0.99897 62.5225 
-0.997979 0.0628915 0.00913444 -16.7074 0.0632192 0.997131 0.0416291 -0.434222 -0.00649012 0.0421224 -0.999091 61.0593 
-0.997929 0.0637153 0.00879245 -16.6926 0.0640337 0.997038 0.0425953 -0.402897 -0.00605243 0.0430702 -0.999054 59.5885 
-0.997885 0.0643599 0.00910214 -16.6607 0.0647355 0.996656 0.0498695 -0.331875 -0.0058621 0.0503533 -0.998714 56.651 
-0.997881 0.0641922 0.0106616 -16.6229 0.0646141 0.996869 0.0455863 -0.25535 -0.0077019 0.0461786 -0.998904 53.7352 
-0.997945 0.0630505 0.0114147 -16.6009 0.0634781 0.997096 0.0420764 -0.223878 -0.00872856 0.0427145 -0.999049 52.277 
-0.997948 0.0628669 0.0121345 -16.5778 0.0633178 0.99714 0.0412669 -0.195088 -0.00950543 0.0419506 -0.999074 50.8207 
-0.997986 0.0621162 0.0128457 -16.5545 0.0626129 0.997121 0.0427734 -0.166754 -0.0101518 0.0434916 -0.999002 49.3668 
-0.997905 0.0632512 0.0136152 -16.5315 0.0638097 0.996925 0.0454833 -0.136119 -0.0106965 0.0462568 -0.998872 47.9114 
-0.997934 0.062616 0.0144088 -16.5059 0.0632509 0.996799 0.0489048 -0.101866 -0.0113004 0.0497151 -0.998699 46.4611 
-0.998028 0.0610291 0.0146873 -16.4782 0.0616807 0.996892 0.0489985 -0.0668298 -0.0116513 0.0498078 -0.998691 45.0138 
-0.998035 0.0609618 0.0145139 -16.4517 0.0615518 0.997114 0.0444384 -0.033908 -0.011763 0.0452444 -0.998907 43.5757 
-0.998053 0.0607866 0.0139933 -16.4254 0.0613146 0.997275 0.0410351 -0.00428615 -0.0114607 0.0418131 -0.99906 42.137 
-0.998019 0.0614399 0.0135326 -16.4018 0.0619543 0.997212 0.0415955 0.0226727 -0.0109392 0.0423515 -0.999043 40.6979 
-0.997983 0.0621364 0.0129854 -16.3568 0.0626727 0.996971 0.0460597 0.0806055 -0.0100841 0.0467806 -0.998854 37.8248 
-0.998182 0.0591261 0.0116832 -16.3076 0.0595861 0.997252 0.0440101 0.141409 -0.00904897 0.0446263 -0.998963 34.97 
-0.998196 0.0590737 0.0107624 -16.264 0.0594783 0.997335 0.0422528 0.199871 -0.00823772 0.0428167 -0.999049 32.1247 
-0.998085 0.0609364 0.0106252 -16.2461 0.0613321 0.99723 0.0420795 0.227999 -0.00803158 0.0426506 -0.999058 30.7078 
-0.997929 0.0634506 0.0106129 -16.2299 0.0638552 0.997009 0.0435431 0.257281 -0.00781827 0.0441306 -0.998995 29.2847 
-0.997895 0.0640028 0.0104941 -16.1949 0.0643988 0.99699 0.0431749 0.31566 -0.00769923 0.0437598 -0.999012 26.4574 
-0.998 0.0624026 0.0101425 -16.1748 0.0627844 0.997095 0.0431327 0.345532 -0.00742147 0.0436832 -0.999018 25.0502 
-0.998187 0.0594563 0.00939459 -16.1341 0.0598079 0.997279 0.0431088 0.404138 -0.00680594 0.0435925 -0.999026 22.2484 
-0.99815 0.0601073 0.00912394 -16.1004 0.0604577 0.997164 0.0448265 0.461558 -0.00640366 0.0452952 -0.998953 19.4725 
-0.998049 0.0617875 0.00894943 -16.0726 0.0621392 0.996978 0.046617 0.52366 -0.00604204 0.0470822 -0.998873 16.7084 
-0.998072 0.0614799 0.00852173 -16.0573 0.0617977 0.997111 0.0441592 0.553933 -0.00578222 0.0446006 -0.998988 15.333 
-0.998206 0.059354 0.00785864 -16.0404 0.0596205 0.997431 0.0397066 0.582246 -0.00548171 0.0401039 -0.999181 13.9623 
-0.998439 0.0553321 0.00763527 -16.0196 0.0555814 0.997745 0.0376306 0.605206 -0.00553587 0.0379962 -0.999263 12.595 
-0.998613 0.0520647 0.00783009 -15.9999 0.0523338 0.997853 0.0393776 0.627781 -0.00576309 0.0397327 -0.999194 11.2215 
-0.998666 0.0509918 0.00816161 -15.9818 0.051293 0.997785 0.0423519 0.653636 -0.00598393 0.0427141 -0.999069 9.853 
-0.998602 0.0522113 0.00822333 -15.9675 0.052523 0.997656 0.0438614 0.682198 -0.00591399 0.044232 -0.999004 8.48738 
-0.998372 0.0563739 0.0086936 -15.9576 0.0567184 0.997309 0.046461 0.712668 -0.00605102 0.0468784 -0.998882 7.1228 
-0.998095 0.0610195 0.00906531 -15.9496 0.0613859 0.99696 0.0479776 0.744327 -0.00611019 0.0484427 -0.998807 5.76379 
-0.997849 0.0648975 0.00925671 -15.9259 0.0652499 0.996856 0.0449412 0.8126 -0.00631103 0.0454485 -0.998947 3.03892 
-0.998036 0.0620696 0.00849666 -15.8896 0.0623715 0.997181 0.041701 0.875418 -0.00588435 0.0421491 -0.999094 0.308944 
-0.998192 0.0595827 0.00798272 -15.854 0.0598656 0.997331 0.0417918 0.933255 -0.00547134 0.0421941 -0.999094 -2.43652 
-0.998211 0.0592982 0.00765033 -15.8232 0.0595551 0.997445 0.039457 0.987097 -0.00529105 0.039842 -0.999192 -5.19233 
-0.998298 0.0578363 0.00748814 -15.7912 0.0580893 0.99752 0.0397348 1.04196 -0.00517146 0.0401021 -0.999182 -7.96603 
-0.998548 0.0534333 0.00683878 -15.7559 0.0536773 0.997646 0.0426702 1.10059 -0.00454267 0.0429754 -0.999066 -10.7552 
-0.998665 0.0512954 0.00606441 -15.7223 0.0514961 0.997886 0.0396364 1.15992 -0.00401842 0.0398958 -0.999196 -13.5475 
-0.998735 0.0498756 0.00645023 -15.6909 0.0500936 0.997951 0.0398152 1.21456 -0.0044512 0.0400879 -0.999186 -16.3591 
-0.998792 0.0487102 0.00648413 -15.6752 0.0489209 0.998089 0.0377468 1.2389 -0.00463308 0.0380184 -0.999266 -17.7644 
-0.998839 0.0477129 0.00657023 -15.6595 0.047909 0.998277 0.0338929 1.25838 -0.00494178 0.0341684 -0.999404 -19.1735 
-0.998865 0.0471492 0.00675802 -15.6435 0.0473475 0.998333 0.0330146 1.27911 -0.00519014 0.0332971 -0.999432 -20.5842 
-0.998679 0.0508047 0.00766811 -15.6178 0.0510482 0.998052 0.0358622 1.32013 -0.0058312 0.0362063 -0.999327 -23.4244 
-0.998578 0.0526664 0.00820736 -15.606 0.0529232 0.997983 0.0350576 1.34248 -0.00634445 0.0354421 -0.999352 -24.845 
-0.998626 0.0517008 0.00849142 -15.5733 0.0519567 0.998093 0.0333339 1.38167 -0.00675183 0.0337293 -0.999408 -27.688 
-0.9987 0.0501358 0.00924708 -15.5368 0.0504536 0.997999 0.0381148 1.42384 -0.00731766 0.0385317 -0.999231 -30.5478 
-0.998415 0.0552364 0.0107834 -15.5077 0.0556016 0.997761 0.0371614 1.47449 -0.00870662 0.0377021 -0.999251 -33.3961 
-0.998216 0.0585104 0.0119089 -15.4766 0.0589332 0.997502 0.0389542 1.51964 -0.00959994 0.0395865 -0.99917 -36.2445 
-0.997954 0.0627049 0.0125044 -15.4441 0.0631551 0.997217 0.0396206 1.56685 -0.00998519 0.0403293 -0.999137 -39.0822 
-0.997835 0.0644816 0.0129439 -15.4267 0.0649635 0.997041 0.0411068 1.59371 -0.010255 0.0418587 -0.999071 -40.499 
-0.997556 0.0686397 0.0130485 -15.3925 0.0690995 0.996853 0.0388498 1.64734 -0.0103408 0.0396565 -0.99916 -43.3226 
-0.997339 0.0716734 0.0133133 -15.357 0.0720763 0.996861 0.032755 1.68978 -0.0109238 0.0336274 -0.999375 -46.1304 
-0.997355 0.0714112 0.013534 -15.3171 0.0718627 0.996747 0.0364779 1.73364 -0.010885 0.037354 -0.999243 -48.944 
-0.997388 0.0709966 0.0133258 -15.2972 0.0714312 0.99681 0.0356045 1.75778 -0.0107555 0.0364633 -0.999277 -50.3466 
-0.997374 0.0711834 0.0133521 -15.277 0.0716144 0.996811 0.0351958 1.78328 -0.0108041 0.0360595 -0.999291 -51.7485 
-0.997423 0.0704948 0.013348 -15.2568 0.0709433 0.996801 0.0367963 1.8087 -0.0107114 0.0376484 -0.999234 -53.1527 
-0.997393 0.0710542 0.0126076 -15.2375 0.0714522 0.996845 0.0345727 1.83399 -0.0101113 0.0353834 -0.999323 -54.5479 
-0.9975 0.069862 0.0106725 -15.1995 0.0701945 0.996925 0.0348311 1.88302 -0.00820634 0.0354931 -0.999336 -57.3521 
-0.997382 0.0717489 0.00900512 -15.1701 0.0720127 0.99684 0.0335279 1.92781 -0.00657107 0.0340886 -0.999397 -60.1507 
-0.997461 0.0708244 0.00744125 -15.1423 0.0710401 0.996878 0.034464 1.96959 -0.00497713 0.0349052 -0.999378 -62.9515 
-0.997604 0.0689395 0.00583632 -15.1134 0.0691036 0.996981 0.0353996 2.0103 -0.00337827 0.0357181 -0.999356 -65.7507 
-0.997618 0.0688109 0.00479244 -15.0914 0.0689383 0.996985 0.0356059 2.05244 -0.00232792 0.0358515 -0.999354 -68.5388 
-0.997516 0.0702577 0.00501102 -15.0745 0.0703829 0.997003 0.032117 2.08736 -0.00273954 0.03239 -0.999472 -71.3233 
-0.997456 0.0710485 0.00580028 -15.0538 0.0712018 0.996917 0.0329676 2.11708 -0.0034401 0.0332967 -0.99944 -74.0953 
-0.997261 0.0735477 0.00782347 -15.0308 0.0737887 0.996584 0.0370851 2.14655 -0.00506922 0.0375608 -0.999282 -76.8564 
-0.997205 0.0741079 0.00952148 -14.9983 0.0743836 0.996687 0.0329016 2.17982 -0.00705167 0.0335179 -0.999413 -79.5932 
-0.997432 0.0709471 0.00984352 -14.9596 0.0712243 0.996964 0.0314566 2.20092 -0.00758188 0.0320769 -0.999457 -82.3173 
-0.997388 0.0715138 0.0101887 -14.9247 0.0718585 0.996657 0.0388668 2.23251 -0.00737515 0.0394974 -0.999193 -85.0349 
-0.997341 0.0722239 0.00967253 -14.8919 0.072536 0.996673 0.0371662 2.26864 -0.00695607 0.037769 -0.999262 -87.7267 
-0.997395 0.0715973 0.00874906 -14.874 0.0718637 0.996788 0.035335 2.28236 -0.00619107 0.0358717 -0.999337 -89.0704 
-0.997569 0.0693489 0.00678033 -14.8392 0.0695458 0.996956 0.0352411 2.31115 -0.00431576 0.035627 -0.999356 -91.7411 
-0.997593 0.0690708 0.00619157 -14.8243 0.0692534 0.996912 0.037008 2.32693 -0.00361628 0.0373477 -0.999296 -93.0767 
-0.997596 0.0690833 0.00540046 -14.8108 0.0692329 0.996958 0.0358045 2.3415 -0.00291055 0.0360923 -0.999344 -94.4004 
-0.997599 0.0690894 0.00478244 -14.798 0.0692142 0.996998 0.0347163 2.3579 -0.00236956 0.034964 -0.999386 -95.7244 
-0.997626 0.0687711 0.00347244 -14.776 0.068853 0.996924 0.0374336 2.38983 -0.00088741 0.0375839 -0.999293 -98.3634 
-0.99761 0.0690694 0.00167024 -14.7585 0.0690834 0.996904 0.037534 2.42687 0.000927379 0.0375597 -0.999294 -100.984 
-0.997622 0.0689271 0.000230392 -14.7441 0.068888 0.996932 0.0371479 2.46267 0.00233081 0.0370755 -0.99931 -103.593 
-0.997635 0.0687242 -0.00106915 -14.7342 0.0686391 0.996969 0.036613 2.49831 0.0035821 0.036453 -0.999329 -106.186 
-0.997614 0.0689949 -0.00235413 -14.7282 0.0688753 0.997045 0.0340206 2.53066 0.00469442 0.0337773 -0.999418 -108.763 
-0.997602 0.0691565 -0.00263122 -14.7256 0.0690068 0.99689 0.0380598 2.56369 0.00525512 0.037787 -0.999272 -111.329 
-0.997581 0.0694796 -0.00230498 -14.7215 0.0693539 0.996957 0.0355917 2.60037 0.00477087 0.0353457 -0.999364 -113.877 
-0.997535 0.070135 -0.00229397 -14.7196 0.0700062 0.996888 0.0362538 2.61724 0.00482949 0.0360038 -0.99934 -115.148 
-0.997457 0.0712487 -0.00160263 -14.7158 0.071138 0.996755 0.0376596 2.65091 0.00428063 0.0374499 -0.999289 -117.669 
-0.997483 0.0708889 -0.00137939 -14.7128 0.070783 0.996744 0.0386111 2.66779 0.004112 0.0384162 -0.999253 -118.924 
-0.997465 0.0711532 -0.00130037 -14.7098 0.0710525 0.996747 0.0380308 2.68566 0.00400216 0.037842 -0.999276 -120.173 
-0.997492 0.0707696 -0.00148602 -14.7029 0.0706628 0.996781 0.0378653 2.71994 0.00416095 0.0376653 -0.999282 -122.645 
-0.99759 0.0693019 -0.00333369 -14.6988 0.0691265 0.996887 0.0379067 2.7515 0.00595031 0.0375849 -0.999276 -125.082 
-0.99774 0.0669436 -0.00574651 -14.6985 0.0666624 0.996977 0.039921 2.78482 0.00840159 0.0394477 -0.999186 -127.485 
-0.997743 0.0666208 -0.00835732 -14.7061 0.0662659 0.997105 0.0372856 2.81753 0.0108171 0.0366476 -0.99927 -129.845 
-0.99771 0.0670396 -0.00899215 -14.7123 0.0666653 0.997092 0.0369197 2.83317 0.0114411 0.0362357 -0.999278 -131.009 
-0.997614 0.0685077 -0.0086063 -14.7249 0.0680969 0.996823 0.041318 2.864 0.0114096 0.0406334 -0.999109 -133.3 
-0.997332 0.0724942 -0.00855478 -14.7431 0.0720832 0.996545 0.0412445 2.89521 0.0115152 0.0405178 -0.999112 -135.514 
-0.997449 0.0708443 -0.00874071 -14.7523 0.070377 0.996483 0.0454944 2.92894 0.011933 0.0447632 -0.998926 -137.654 
-0.997495 0.069693 -0.0121148 -14.7647 0.0691004 0.996644 0.0438919 2.96476 0.0151331 0.0429447 -0.998963 -139.696 
-0.997417 0.0703488 -0.0145347 -14.7849 0.069635 0.996564 0.0448565 2.99326 0.0176404 0.0437285 -0.998888 -141.631 
-0.997272 0.072306 -0.0148594 -14.8085 0.0715657 0.9964 0.0454434 3.02 0.0180918 0.044256 -0.998856 -143.452 
-0.996956 0.0776416 -0.007091 -14.8233 0.0772658 0.996075 0.0431864 3.04471 0.0104162 0.0425071 -0.999042 -145.155 
-0.9961 0.0854175 0.0220899 -14.7976 0.0862628 0.995442 0.0406577 3.06559 -0.0185163 0.0424047 -0.998929 -146.744 
-0.993891 0.0852339 0.0701148 -14.6882 0.0882946 0.995218 0.0417719 3.07911 -0.0662192 0.0477074 -0.996664 -148.225 
-0.988213 0.0818113 0.129387 -14.492 0.0879692 0.995212 0.0426069 3.08883 -0.125282 0.0534868 -0.990678 -149.595 
-0.975301 0.0835113 0.204485 -14.2131 0.0920268 0.995227 0.032477 3.08933 -0.200796 0.0504929 -0.978331 -150.833 
-0.952149 0.0829722 0.294156 -13.8334 0.0936762 0.995349 0.0224621 3.08658 -0.290924 0.0489427 -0.955493 -151.95 
-0.914197 0.0834875 0.396576 -13.3604 0.0972855 0.995147 0.014766 3.06086 -0.393419 0.0520802 -0.917883 -152.95 
-0.859385 0.0802225 0.504997 -12.7772 0.0961686 0.99535 0.0055375 3.03226 -0.502204 0.0533237 -0.863104 -153.874 
-0.786597 0.0765927 0.612698 -12.0933 0.0949481 0.995479 -0.00254695 2.99292 -0.610123 0.0561711 -0.790313 -154.666 
-0.69447 0.0706755 0.716042 -11.3181 0.0917046 0.995742 -0.00934096 2.94718 -0.713654 0.0591774 -0.697994 -155.331 
-0.585221 0.0605408 0.808611 -10.4659 0.0832013 0.996429 -0.014387 2.90156 -0.806594 0.0588579 -0.588168 -155.856 
-0.466543 0.052451 0.882942 -9.56712 0.0728102 0.99713 -0.0207618 2.84459 -0.881497 0.0546009 -0.469023 -156.278 
-0.338872 0.0505604 0.939473 -8.64203 0.0689579 0.997204 -0.0287939 2.78724 -0.938302 0.0550266 -0.341411 -156.539 
-0.205912 0.0511896 0.977231 -7.69941 0.061418 0.997338 -0.0393015 2.72269 -0.976641 0.0519269 -0.208508 -156.663 
-0.0674921 0.0400966 0.996914 -6.73417 0.0515394 0.997998 -0.0366509 2.66501 -0.996388 0.0489067 -0.0694235 -156.651 
0.0739937 0.0182407 0.997092 -5.75124 0.0477837 0.998619 -0.0218147 2.6152 -0.996113 0.0492589 0.0730199 -156.544 
0.215344 -0.00253655 0.976535 -4.77901 0.0385675 0.999239 -0.00590934 2.56936 -0.975776 0.0389351 0.215278 -156.244 
0.354543 -0.00971526 0.934989 -3.83834 0.0364165 0.999331 -0.00342514 2.54241 -0.93433 0.0352634 0.35466 -155.808 
0.486004 -0.0206811 0.873712 -2.92242 0.0371338 0.999306 0.00299825 2.5307 -0.873167 0.0309871 0.486435 -155.221 
0.605961 -0.0273115 0.795026 -2.05796 0.0349979 0.999358 0.00765593 2.51038 -0.794724 0.023185 0.606527 -154.484 
0.708777 -0.024399 0.705011 -1.26849 0.0327188 0.999463 0.00169578 2.49309 -0.704674 0.0218652 0.709195 -153.64 
0.794075 -0.0246446 0.60732 -0.551078 0.0345662 0.999392 -0.00464092 2.47881 -0.606836 0.024678 0.794444 -152.632 
0.831421 -0.0259302 0.555038 -0.226137 0.0334003 0.999436 -0.00334053 2.46717 -0.554638 0.0213158 0.831818 -152.061 
0.897119 -0.0275291 0.440931 0.323482 0.0312158 0.999512 -0.00110833 2.44633 -0.440685 0.0147583 0.89754 -150.88 
0.944917 -0.0261284 0.326266 0.748482 0.0274394 0.999623 0.000584342 2.42219 -0.326159 0.00840039 0.945278 -149.55 
0.973354 -0.0142365 0.228867 1.04825 0.0153939 0.999876 -0.00327229 2.40293 -0.228792 0.00670824 0.973452 -148.113 
0.988361 -0.0086282 0.151883 1.26505 0.00923537 0.999952 -0.0032926 2.38345 -0.151847 0.00465697 0.988393 -146.567 
0.996104 -0.00752832 0.0878645 1.40767 0.00762295 0.999971 -0.00074151 2.35947 -0.0878563 0.00140841 0.996132 -144.927 
0.999235 0.000596287 0.0391035 1.46345 -0.000538774 0.999999 -0.00148133 2.33266 -0.0391043 0.00145913 0.999234 -143.198 
0.999849 0.0109134 0.0134872 1.46874 -0.0108618 0.999933 -0.00388731 2.30591 -0.0135288 0.00374023 0.999901 -141.387 
0.999845 0.0152851 0.00875467 1.47997 -0.0152588 0.999879 -0.00305959 2.2747 -0.00880038 0.00292553 0.999957 -139.492 
0.999888 0.0134044 0.00664639 1.49937 -0.0133989 0.99991 -0.000862366 2.24674 -0.00665736 0.000773215 0.999977 -137.518 
0.999923 0.0121291 0.00263555 1.50541 -0.0121249 0.999925 -0.0016103 2.22017 -0.00265488 0.00157822 0.999995 -135.474 
0.999931 0.0117224 -0.0011019 1.50333 -0.0117204 0.99993 0.00180502 2.1902 0.00112298 -0.00179197 0.999998 -133.352 
0.999941 0.00984413 -0.00459016 1.49856 -0.00983727 0.99995 0.00151402 2.15963 0.00460484 -0.00146877 0.999988 -131.16 
0.999936 0.00882262 -0.00705863 1.48238 -0.00882496 0.999961 -0.000301176 2.12814 0.0070557 0.000363449 0.999975 -128.9 
0.999914 0.0102522 -0.00817577 1.45844 -0.0102628 0.999946 -0.00125177 2.09264 0.0081625 0.00133557 0.999966 -126.576 
0.999915 0.0107294 -0.00748023 1.43672 -0.0107402 0.999941 -0.00141414 2.05364 0.00746462 0.00149436 0.999971 -124.185 
0.999923 0.0113665 -0.00506283 1.41804 -0.0113801 0.999932 -0.0026616 2.00988 0.00503223 0.00271901 0.999984 -121.734 
0.999938 0.0110092 -0.00152607 1.41038 -0.0110225 0.999899 -0.00898675 1.95674 0.00142698 0.00900301 0.999958 -119.231 
0.999965 0.00830835 -0.000623979 1.40577 -0.00831346 0.999928 -0.00868108 1.89703 0.000551809 0.00868597 0.999962 -116.657 
0.999972 0.00723788 -0.00168479 1.40266 -0.00725195 0.999938 -0.00849893 1.86428 0.00162317 0.00851091 0.999962 -115.348 
0.999958 0.00737359 -0.00535383 1.38503 -0.00744232 0.999889 -0.0129321 1.80021 0.00525788 0.0129714 0.999902 -112.695 
0.999915 0.00704996 -0.0109665 1.3518 -0.00715884 0.999925 -0.00992103 1.73425 0.0108957 0.0099987 0.999891 -109.973 
0.999877 0.00780346 -0.0135794 1.30829 -0.00795817 0.999904 -0.0113769 1.66847 0.0134893 0.0114836 0.999843 -107.2 
0.999852 0.00698651 -0.0157324 1.25962 -0.00719603 0.999886 -0.013301 1.60165 0.0156377 0.0134122 0.999788 -104.368 
0.999821 0.00836419 -0.0169627 1.20221 -0.00857034 0.99989 -0.0121175 1.53005 0.0168595 0.0122607 0.999783 -101.479 
0.999815 0.0104954 -0.0161081 1.14214 -0.0106122 0.999918 -0.00718013 1.46328 0.0160314 0.00734974 0.999845 -98.5291 
0.999831 0.0101851 -0.0153075 1.08927 -0.010167 0.999947 0.00126104 1.41068 0.0153196 -0.0011052 0.999882 -95.5157 
0.999823 0.0113265 -0.0150307 1.03657 -0.0111802 0.99989 0.00978402 1.37467 0.0151399 -0.00961424 0.999839 -92.4914 
0.999806 0.0125832 -0.0151279 0.984734 -0.0123926 0.999843 0.0126239 1.34847 0.0152844 -0.012434 0.999806 -89.4761 
0.999807 0.0120719 -0.0155294 0.961647 -0.0119039 0.99987 0.0108667 1.3334 0.0156586 -0.0106797 0.99982 -87.9732 
0.999822 0.0112986 -0.015085 0.939998 -0.0111744 0.999903 0.00829353 1.31647 0.0151772 -0.00812349 0.999852 -86.4669 
0.999853 0.0109409 -0.01321 0.899547 -0.0107972 0.999882 0.0108983 1.28285 0.0133277 -0.010754 0.999853 -83.4544 
0.999887 0.00892408 -0.0121206 0.867953 -0.00881557 0.999921 0.008977 1.25271 0.0121998 -0.00886913 0.999886 -80.4455 
0.999907 0.00806865 -0.0109755 0.838174 -0.00794838 0.999908 0.0109575 1.21971 0.0110629 -0.0108692 0.99988 -77.4396 
0.999925 0.0066165 -0.0103479 0.813423 -0.00646361 0.99987 0.01474 1.19918 0.0104441 -0.014672 0.999838 -74.432 
0.999923 0.00616292 -0.0108059 0.800315 -0.00601266 0.999885 0.0138836 1.18937 0.0108902 -0.0138176 0.999845 -72.9364 
0.99988 0.00963817 -0.0120959 0.763954 -0.00955552 0.999931 0.00687253 1.1606 0.0121613 -0.00675612 0.999903 -69.956 
0.999844 0.0121631 -0.0127739 0.725241 -0.0120305 0.999873 0.0104053 1.12832 0.0128989 -0.01025 0.999864 -66.9713 
0.999866 0.0081017 -0.0142115 0.69463 -0.00798501 0.999934 0.00824855 1.0961 0.0142774 -0.00813396 0.999865 -64.0052 
0.999852 0.00626006 -0.0160062 0.658775 -0.0060981 0.99993 0.0101478 1.06748 0.0160686 -0.0100487 0.99982 -61.0454 
0.999833 0.0057634 -0.0173536 0.637038 -0.0056629 0.999967 0.00583466 1.04923 0.0173866 -0.00573541 0.999832 -59.5756 
0.99979 0.00526822 -0.0198174 0.585664 -0.00503642 0.999919 0.0117287 1.01567 0.0198776 -0.0116264 0.999735 -56.6276 
0.999743 0.00542157 -0.0220115 0.525398 -0.00519161 0.999931 0.0104911 0.995703 0.0220669 -0.0103741 0.999703 -53.698 
0.999725 0.00796612 -0.0220486 0.456132 -0.00772951 0.999912 0.0107963 0.970952 0.0221326 -0.0106229 0.999699 -50.7785 
0.999724 0.00772292 -0.0221863 0.392853 -0.00751266 0.999926 0.00954479 0.939187 0.0222583 -0.00937547 0.999708 -47.8694 
0.99974 0.00707287 -0.0216946 0.362164 -0.00686557 0.99993 0.00961465 0.923009 0.0217611 -0.0094632 0.999718 -46.418 
0.999777 0.00454244 -0.0206411 0.307032 -0.00434322 0.999944 0.00968621 0.891114 0.020684 -0.00959439 0.99974 -43.5256 
0.999812 0.0040199 -0.018972 0.254373 -0.00380432 0.999928 0.0113852 0.859437 0.0190164 -0.0113109 0.999755 -40.6366 
0.999835 0.00500473 -0.0174609 0.202969 -0.00486423 0.999955 0.00807965 0.825329 0.0175005 -0.00799338 0.999815 -37.7625 
0.999844 0.00814148 -0.0156654 0.153725 -0.00798807 0.99992 0.00983073 0.786514 0.0157442 -0.00970406 0.999829 -34.8951 
0.999853 0.00890609 -0.0146817 0.132669 -0.00873702 0.999895 0.0115396 0.768286 0.014783 -0.0114096 0.999826 -33.4638 
0.999879 0.00948293 -0.0123754 0.0974608 -0.00936355 0.999909 0.00966938 0.735284 0.0124659 -0.00955232 0.999877 -30.614 
0.999917 0.00854751 -0.00961471 0.0722408 -0.00846929 0.999931 0.0081477 0.698098 0.00968368 -0.0080656 0.999921 -27.7775 
0.999936 0.0091043 -0.00674339 0.0525687 -0.00906695 0.999943 0.00554838 0.658693 0.00679352 -0.00548688 0.999962 -24.9477 
0.999917 0.0120946 -0.00436897 0.0372092 -0.0121051 0.999924 -0.00237793 0.602174 0.00433988 0.00243062 0.999988 -22.1399 
0.999932 0.0113816 -0.00264603 0.0292589 -0.011391 0.999929 -0.00356673 0.529558 0.00260524 0.00359663 0.99999 -19.3406 
0.999949 0.00988953 -0.00189962 0.0251613 -0.00988924 0.999951 0.000165118 0.462474 0.00190116 -0.000146323 0.999998 -16.5503 
0.999967 0.00780728 -0.00209357 0.0235453 -0.00781055 0.999968 -0.00155948 0.398755 0.00208133 0.00157578 0.999997 -13.7826 
0.999959 0.00822479 -0.00370034 0.0152809 -0.00822951 0.999965 -0.00126137 0.334385 0.00368983 0.00129177 0.999992 -11.0274 
0.999942 0.00878378 -0.00625895 -0.000536566 -0.00878448 0.999961 -8.41102e-05 0.27162 0.00625797 0.000139088 0.99998 -8.28514 
0.999935 0.00769983 -0.00845656 -0.0204447 -0.00770561 0.99997 -0.00065134 0.210832 0.0084513 0.000716461 0.999964 -5.54803 
0.999934 0.00711778 -0.00907319 -0.0443722 -0.00714658 0.999969 -0.00314525 0.147333 0.00905053 0.00320988 0.999954 -2.81852 
0.999919 0.00818961 -0.00971312 -0.0728973 -0.0082078 0.999965 -0.00183403 0.0781693 0.00969776 0.0019136 0.999951 -0.0907003 
0.999904 0.00947299 -0.0101157 -0.103171 -0.00950038 0.999951 -0.00266294 0.0117715 0.0100899 0.00275879 0.999945 2.629 
0.999896 0.00997054 -0.0104697 -0.131883 -0.0099956 0.999947 -0.00234403 -0.0534628 0.0104458 0.00244844 0.999942 5.3441 
0.999896 0.00956685 -0.0108254 -0.160177 -0.00960319 0.999948 -0.00330995 -0.122172 0.0107931 0.00341357 0.999936 8.05983 
0.99988 0.0111967 -0.0107393 -0.192609 -0.0112069 0.999937 -0.000882468 -0.187042 0.0107287 0.00100272 0.999942 10.7711 
0.999884 0.0109558 -0.0106095 -0.223104 -0.0109786 0.999938 -0.00209245 -0.253449 0.0105859 0.00220869 0.999942 13.4773 
0.999887 0.0107439 -0.0105229 -0.24822 -0.0107665 0.99994 -0.00210194 -0.323711 0.0104997 0.002215 0.999942 16.1809 
0.999902 0.00959972 -0.0101858 -0.270914 -0.00961066 0.999953 -0.00102539 -0.393605 0.0101755 0.00112319 0.999948 18.8831 
0.999903 0.00942695 -0.0102787 -0.295209 -0.009454 0.999952 -0.00258692 -0.463001 0.0102538 0.00268384 0.999944 21.5802 
0.99989 0.00998392 -0.0109986 -0.323376 -0.0100052 0.999948 -0.00187851 -0.531503 0.0109792 0.00198834 0.999938 24.2731 
0.999879 0.00994228 -0.0119725 -0.353458 -0.00995208 0.99995 -0.000759186 -0.599164 0.0119644 0.000878246 0.999928 26.9549 
0.999887 0.00909072 -0.0119988 -0.383673 -0.00909197 0.999959 -4.90392e-05 -0.661141 0.0119978 0.000158127 0.999928 29.6238 
0.999897 0.00885217 -0.0113103 -0.413998 -0.00886811 0.99996 -0.00135964 -0.724036 0.0112978 0.0014598 0.999935 32.2825 
0.999919 0.00748278 -0.0102764 -0.439757 -0.00748506 0.999972 -0.000183677 -0.788716 0.0102747 0.000260582 0.999947 34.9269 
0.999936 0.0059091 -0.00960864 -0.461529 -0.00591087 0.999982 -0.000155337 -0.851704 0.00960755 0.000212123 0.999954 37.555 
0.999942 0.00450952 -0.00980636 -0.483912 -0.00449155 0.999988 0.00185384 -0.911531 0.0098146 -0.00180968 0.99995 40.1738 
0.999917 0.00481222 -0.0119837 -0.512504 -0.0047895 0.999987 0.00192473 -0.96857 0.0119928 -0.00186717 0.999926 42.7784 
0.999873 0.0080665 -0.0137198 -0.555204 -0.0079799 0.999948 0.00635529 -1.01928 0.0137704 -0.006245 0.999886 45.3732 
0.999841 0.00938594 -0.0151389 -0.599992 -0.00918364 0.999868 0.013378 -1.05363 0.0152625 -0.0132368 0.999796 47.9611 
0.999822 0.00793904 -0.0171234 -0.645636 -0.00771999 0.999888 0.0128205 -1.07581 0.0172233 -0.012686 0.999771 50.5277 
0.999793 0.00929485 -0.018099 -0.674006 -0.00909811 0.999899 0.0109225 -1.08728 0.0181987 -0.0107556 0.999776 51.8104 
0.999736 0.0107229 -0.0203289 -0.73114 -0.0105149 0.999892 0.0103097 -1.11579 0.0204373 -0.0100932 0.99974 54.3609 
0.999685 0.0112108 -0.0224572 -0.794281 -0.0109883 0.99989 0.010003 -1.14478 0.0225669 -0.00975308 0.999698 56.9016 
0.999663 0.0111168 -0.0234822 -0.826899 -0.0108664 0.999883 0.0107669 -1.15994 0.0235991 -0.0105081 0.999666 58.1709 
0.99962 0.0117461 -0.0249266 -0.895091 -0.0114935 0.999881 0.0102507 -1.18876 0.025044 -0.00996028 0.999637 60.6946 
0.999612 0.00954751 -0.0261525 -0.962179 -0.00931379 0.999916 0.0090444 -1.21881 0.0262366 -0.00879731 0.999617 63.2074 
0.999598 0.00869247 -0.0269968 -0.996173 -0.00844751 0.999922 0.00917478 -1.23409 0.0270745 -0.00894303 0.999593 64.4584 
0.999578 0.00865387 -0.0277283 -1.03183 -0.00835604 0.999906 0.0108389 -1.25052 0.0278195 -0.0106026 0.999557 65.7102 
0.99956 0.00916753 -0.0282259 -1.06865 -0.00888888 0.999911 0.0099819 -1.26781 0.0283149 -0.00972661 0.999552 66.9537 
0.999506 0.0132109 -0.0285165 -1.14827 -0.0129731 0.99988 0.00850555 -1.30304 0.0286255 -0.00813139 0.999557 69.4331 
0.999474 0.0177778 -0.0271398 -1.22708 -0.0175424 0.999807 0.0088902 -1.33807 0.0272926 -0.00840942 0.999592 71.9003 
0.999545 0.0188996 -0.023491 -1.29346 -0.0186207 0.999754 0.0120341 -1.37064 0.0237126 -0.0115912 0.999652 74.3411 
0.9997 0.0135307 -0.0203922 -1.33708 -0.013393 0.999887 0.00687338 -1.4063 0.0204829 -0.00659821 0.999768 76.7228 
0.999774 0.0147558 -0.0153182 -1.37797 -0.0145627 0.999814 0.0126448 -1.44331 0.0155019 -0.0124189 0.999803 79.0374 
0.999804 0.0155306 -0.0122789 -1.3923 -0.0153701 0.999797 0.0130563 -1.45977 0.0124792 -0.012865 0.999839 80.1599 
0.999839 0.0157543 -0.00860225 -1.40295 -0.0156725 0.999832 0.00948822 -1.47561 0.00875029 -0.00935187 0.999918 81.2677 
0.999911 0.0130276 -0.00284213 -1.40657 -0.0130317 0.999914 -0.00144242 -1.51854 0.00282309 0.00147933 0.999995 83.4619 
0.999936 0.0112716 -0.000414292 -1.40264 -0.011273 0.999931 -0.00345439 -1.5422 0.000375327 0.00345884 0.999994 84.5575 
0.999944 0.0102222 0.00258063 -1.39409 -0.0102255 0.999947 0.0012644 -1.58721 -0.00256756 -0.00129072 0.999996 86.7511 
0.999937 0.0103484 0.00446965 -1.38556 -0.0103396 0.999945 -0.00198846 -1.63004 -0.00448998 0.00194212 0.999988 88.9192 
0.999927 0.010544 0.00593118 -1.3724 -0.0105397 0.999944 -0.00076665 -1.68101 -0.00593893 0.000704082 0.999982 91.0757 
0.999939 0.00928911 0.00589927 -1.36383 -0.0092944 0.999956 0.000869878 -1.70526 -0.00589094 -0.000924654 0.999982 92.1496 
0.999972 0.00632924 0.00411502 -1.34885 -0.0063402 0.999976 0.00265428 -1.74769 -0.00409812 -0.0026803 0.999988 94.2821 
0.999995 0.00195289 -0.00256367 -1.34128 -0.00195105 0.999998 0.000719313 -1.79065 0.00256507 -0.000714306 0.999996 96.3985 
0.999979 0.00163043 -0.00627262 -1.34636 -0.00164798 0.999995 -0.00279474 -1.81246 0.00626803 0.00280502 0.999976 97.4521 
0.99989 0.00327834 -0.0144855 -1.37506 -0.00339155 0.999964 -0.00779717 -1.8619 0.0144594 0.00784544 0.999865 99.5701 
0.999799 0.00357322 -0.0197112 -1.39741 -0.00370257 0.999972 -0.0065299 -1.88769 0.0196873 0.00660157 0.999784 100.636 
0.999652 0.0043286 -0.0260357 -1.42669 -0.00445486 0.999979 -0.00479332 -1.91325 0.0260144 0.00490764 0.999649 101.71 
0.999175 0.00481245 -0.040324 -1.50781 -0.0049473 0.999982 -0.00324496 -1.96442 0.0403077 0.00344178 0.999181 103.868 
0.998654 0.0101252 -0.0508633 -1.62272 -0.0101706 0.999948 -0.000633206 -2.01097 0.0508542 0.00114966 0.998705 106.05 
0.998543 0.0187962 -0.0505811 -1.74877 -0.0189157 0.999819 -0.00188566 -2.05667 0.0505365 0.00283969 0.998718 108.251 
0.998853 0.0250731 -0.0408043 -1.8557 -0.0251968 0.999679 -0.00251859 -2.10208 0.040728 0.00354384 0.999164 110.482 
0.999274 0.0277619 -0.0261069 -1.92809 -0.0277922 0.999613 -0.000795026 -2.14515 0.0260747 0.00152002 0.999659 112.744 
0.99954 0.029519 -0.00696394 -1.95871 -0.0295409 0.999559 -0.00306539 -2.18791 0.00687038 0.0032697 0.999971 115.026 
0.999542 0.0278296 0.011895 -1.94013 -0.0277761 0.999603 -0.00463797 -2.23579 -0.0120193 0.00430545 0.999919 117.341 
0.999257 0.0247684 0.0295318 -1.87627 -0.0246168 0.999682 -0.00548519 -2.28696 -0.0296582 0.00475414 0.999549 119.684 
0.998799 0.0242906 0.0425447 -1.78139 -0.0241539 0.999701 -0.00372594 -2.33814 -0.0426225 0.00269384 0.999088 122.056 
0.998218 0.0282263 0.0525822 -1.66595 -0.0281258 0.999601 -0.00265106 -2.3876 -0.0526361 0.00116742 0.998613 124.466 
0.997762 0.0304797 0.0595068 -1.52904 -0.0304717 0.999535 -0.00104249 -2.43225 -0.0595109 -0.000773115 0.998227 126.91 
0.997734 0.0283952 0.0610019 -1.37492 -0.0281206 0.99959 -0.00535474 -2.48055 -0.0611289 0.0036272 0.998123 129.386 
0.998126 0.0197744 0.0579146 -1.21275 -0.0196485 0.999803 -0.00274387 -2.53043 -0.0579575 0.00160079 0.998318 131.911 
0.998711 0.0107017 0.0496205 -1.06348 -0.0107737 0.999941 0.00118433 -2.57194 -0.0496049 -0.0017174 0.998768 134.481 
0.999332 0.00207327 0.0365007 -0.941991 -0.00208938 0.999998 0.000403166 -2.61386 -0.0364998 -0.00047916 0.999334 137.089 
0.999721 -0.00114091 0.0235971 -0.86007 0.00110614 0.999998 0.00148668 -2.65405 -0.0235988 -0.00146016 0.999721 139.749 
0.999837 -0.000837119 0.0180326 -0.832678 0.000790071 0.999996 0.00261601 -2.67491 -0.0180347 -0.00260133 0.999834 141.091 
0.999918 0.00089561 0.0127619 -0.816625 -0.000954568 0.999989 0.00461448 -2.69333 -0.0127576 -0.00462629 0.999908 142.451 
0.99997 0.00202422 0.00741989 -0.808213 -0.00205217 0.999991 0.0037617 -2.71165 -0.00741221 -0.00377681 0.999965 143.817 
0.999988 0.00407951 -0.00264361 -0.810774 -0.00408283 0.999991 -0.00125029 -2.75099 0.00263848 0.00126107 0.999996 146.574 
0.999947 0.00543981 -0.0086835 -0.831134 -0.00552028 0.999942 -0.00926976 -2.81104 0.00863257 0.00931721 0.999919 149.366 
0.999907 0.00667626 -0.0119173 -0.863698 -0.00678888 0.999932 -0.00943505 -2.88442 0.0118535 0.00951508 0.999884 152.202 
0.999858 0.00792681 -0.014837 -0.903141 -0.00802462 0.999946 -0.00654436 -2.95948 0.0147843 0.0066625 0.999869 155.065 
0.9998 0.00869267 -0.0179849 -0.950588 -0.00876453 0.999954 -0.00392053 -3.03026 0.01795 0.00407738 0.999831 157.949 
0.999725 0.00920587 -0.0215529 -1.00734 -0.00921536 0.999958 -0.000340841 -3.09665 0.0215489 0.000539366 0.999768 160.832 
0.999639 0.0108822 -0.0245741 -1.07563 -0.0109356 0.999938 -0.0020368 -3.16205 0.0245504 0.00230479 0.999696 163.709 
0.999595 0.0124982 -0.0255814 -1.15096 -0.012613 0.999911 -0.00432869 -3.23206 0.0255251 0.0046496 0.999663 166.581 
0.99959 0.0138631 -0.0250621 -1.22558 -0.0139312 0.9999 -0.00254169 -3.30334 0.0250244 0.00288979 0.999683 169.454 
0.999611 0.0141976 -0.0239837 -1.29763 -0.0142154 0.999899 -0.000573338 -3.37169 0.0239731 0.000914053 0.999712 172.319 
0.999615 0.0152723 -0.0231522 -1.33319 -0.0152846 0.999883 -0.000354756 -3.40556 0.0231441 0.000708492 0.999732 173.747 
0.999639 0.0167295 -0.0210189 -1.39848 -0.0167649 0.999858 -0.00150696 -3.47535 0.0209907 0.0018588 0.999778 176.593 
0.999718 0.0151731 -0.0182651 -1.45339 -0.0152528 0.999875 -0.00423083 -3.54707 0.0181986 0.00450823 0.999824 179.425 
0.999814 0.0114109 -0.0155648 -1.49824 -0.0114355 0.999934 -0.00149195 -3.61967 0.0155467 0.00166967 0.999878 182.25 
0.999854 0.0117464 -0.0124305 -1.53974 -0.0117244 0.99993 0.0018463 -3.68014 0.0124513 -0.00170029 0.999921 185.062 
0.999867 0.0131036 -0.00966811 -1.57611 -0.0131279 0.999911 -0.00245229 -3.74206 0.00963511 0.00257889 0.99995 187.848 
0.999897 0.012146 -0.00766263 -1.60307 -0.0121496 0.999926 -0.000425805 -3.81174 0.00765689 0.000518859 0.999971 190.634 
0.99993 0.00921631 -0.00739166 -1.62376 -0.00921019 0.999957 0.000862672 -3.87512 0.0073993 -0.000794532 0.999972 193.401 
0.999939 0.00763987 -0.00798336 -1.64554 -0.00765878 0.999968 -0.00234008 -3.93893 0.00796523 0.00240108 0.999965 196.151 
0.999934 0.00791798 -0.00830524 -1.66987 -0.00793233 0.999967 -0.00169677 -4.00913 0.00829153 0.00176254 0.999964 198.89 
0.999927 0.00834002 -0.00870327 -1.69488 -0.00833969 0.999965 7.40808e-05 -4.07485 0.00870359 -1.49204e-06 0.999962 201.611 
0.999919 0.00930269 -0.00874058 -1.71741 -0.00929869 0.999957 0.000498685 -4.13988 0.00874484 -0.000417367 0.999962 204.323 
0.999917 0.00909271 -0.00912282 -1.73778 -0.00909789 0.999958 -0.000527102 -4.20481 0.00911765 0.000610057 0.999958 207.012 
0.999919 0.00868276 -0.00932214 -1.7572 -0.00868823 0.999962 -0.000546185 -4.27095 0.00931705 0.000627134 0.999956 209.691 
0.999913 0.00875054 -0.0098278 -1.78001 -0.00875242 0.999962 -0.000148881 -4.33549 0.00982612 0.000234886 0.999952 212.351 
0.999908 0.00736239 -0.0113686 -1.80273 -0.00734695 0.999972 0.00139974 -4.39736 0.0113786 -0.00131609 0.999934 214.967 
0.999876 0.00633726 -0.0144158 -1.82671 -0.00625542 0.999964 0.00571483 -4.45832 0.0144516 -0.00562394 0.99988 217.507 
0.999819 0.00793048 -0.0172877 -1.85973 -0.00778896 0.999936 0.00823853 -4.51501 0.017352 -0.00810238 0.999817 219.951 
0.99975 0.00755127 -0.0210268 -1.89517 -0.00739088 0.999943 0.00769505 -4.56933 0.0210837 -0.00753772 0.999749 222.285 
0.999582 0.00673781 -0.0281322 -1.94167 -0.00654369 0.999954 0.00698686 -4.62518 0.028178 -0.00679984 0.99958 224.505 
0.99937 0.00826126 -0.0345226 -2.00458 -0.00804549 0.999947 0.00638437 -4.6795 0.0345736 -0.0061026 0.999383 226.603 
0.999221 0.0105702 -0.0380229 -2.07378 -0.0102752 0.999916 0.00794619 -4.73102 0.0381037 -0.00754931 0.999245 228.574 
0.999112 0.0104865 -0.0408052 -2.13962 -0.0100752 0.999896 0.0102723 -4.77814 0.0409087 -0.00985202 0.999114 230.415 
0.998959 0.0101715 -0.0444647 -2.20789 -0.00974946 0.999905 0.00969918 -4.81837 0.0445592 -0.00925558 0.998964 232.126 
0.998819 0.0128112 -0.0468771 -2.28007 -0.0125603 0.999905 0.00564276 -4.86037 0.0469449 -0.0050473 0.998885 233.719 
0.998854 0.0143185 -0.0456753 -2.31497 -0.0142577 0.999897 0.0016569 -4.88163 0.0456943 -0.00100377 0.998955 234.492 
0.999186 0.0156679 -0.0371754 -2.37256 -0.0157825 0.999872 -0.00279294 -4.92369 0.0371268 0.00337739 0.999305 236.037 
0.999507 0.0124689 -0.0288 -2.40634 -0.0125046 0.999921 -0.00105678 -4.96168 0.0287845 0.00141639 0.999585 237.576 
0.999739 0.0111929 -0.0199357 -2.43817 -0.0111914 0.999937 0.000186744 -4.99782 0.0199366 3.64147e-05 0.999801 239.102 
0.999878 0.010918 -0.0111957 -2.45747 -0.0109199 0.99994 -0.000106954 -5.03286 0.0111939 0.000229197 0.999937 240.614 
0.999935 0.0107658 -0.00380285 -2.47112 -0.0107612 0.999941 0.00124042 -5.06402 0.00381598 -0.00119941 0.999992 242.113 
0.999946 0.0102916 0.00127187 -2.48123 -0.0102954 0.999942 0.0030135 -5.09046 -0.00124078 -0.00302643 0.999995 243.601 
0.999945 0.00997389 0.00316272 -2.4876 -0.00997165 0.99995 -0.000722525 -5.11872 -0.00316977 0.000690949 0.999995 245.075 
0.999931 0.0108862 0.00432856 -2.49473 -0.0108568 0.999918 -0.00674159 -5.14736 -0.0044016 0.00669414 0.999968 246.562 
0.999942 0.0100603 0.00389094 -2.49727 -0.0100335 0.999926 -0.00683095 -5.16444 -0.00395938 0.00679151 0.999969 247.316 
0.999941 0.0104902 0.00270735 -2.50309 -0.0104734 0.999926 -0.0061694 -5.1993 -0.00277187 0.00614069 0.999977 248.833 
0.999939 0.0108327 0.00214409 -2.50649 -0.010816 0.999912 -0.00766826 -5.21822 -0.00222697 0.0076446 0.999968 249.599 
0.999955 0.00917799 0.00250435 -2.5085 -0.00915225 0.999907 -0.010104 -5.23778 -0.00259685 0.0100807 0.999946 250.367 
0.999976 0.00528187 0.00453093 -2.50345 -0.00523765 0.999939 -0.00971654 -5.27308 -0.00458198 0.00969257 0.999942 251.922 
0.999941 0.00943383 0.00546748 -2.50854 -0.00941287 0.999948 -0.00384571 -5.28923 -0.00550348 0.00379402 0.999978 252.712 
0.99993 0.00964146 0.00690765 -2.50712 -0.00965643 0.999951 0.00213571 -5.30693 -0.00688672 -0.00220227 0.999974 253.509 
0.999897 0.00801435 0.0119045 -2.49198 -0.00796518 0.99996 -0.00417183 -5.3362 -0.0119374 0.00407658 0.99992 255.099 
0.999787 0.0113095 0.017294 -2.47578 -0.0111386 0.999888 -0.0099433 -5.3702 -0.0174046 0.00974854 0.999801 256.707 
0.999725 0.0088918 0.0217167 -2.44207 -0.00876752 0.999945 -0.00581156 -5.4142 -0.0217672 0.00561955 0.999747 258.348 
0.999664 0.00467067 0.0254916 -2.3981 -0.00454029 0.999976 -0.00517015 -5.45158 -0.0255151 0.00505268 0.999662 260.007 
0.999553 0.00808818 0.0287748 -2.35718 -0.00777734 0.99991 -0.0108981 -5.49298 -0.0288603 0.0106694 0.999526 261.688 
0.999505 0.00836831 0.0303227 -2.33165 -0.00798002 0.999885 -0.0129036 -5.51346 -0.0304272 0.0126553 0.999457 262.541 
0.999351 0.0103832 0.0344983 -2.27845 -0.0100653 0.999905 -0.00937528 -5.56079 -0.0345924 0.00902196 0.999361 264.283 
0.999279 0.0107355 0.0364094 -2.21703 -0.0103993 0.999902 -0.00941175 -5.60834 -0.0365068 0.00902633 0.999293 266.059 
0.999305 0.00718729 0.0365843 -2.14456 -0.00687914 0.99994 -0.00854203 -5.65782 -0.0366435 0.00828442 0.999294 267.869 
0.999301 0.00533131 0.0369889 -2.073 -0.00504757 0.999957 -0.00776024 -5.71053 -0.0370287 0.00756811 0.999286 269.712 
0.999319 0.00534121 0.0364991 -2.00814 -0.00516026 0.999974 -0.00505026 -5.75997 -0.0365251 0.00485848 0.999321 271.578 
0.999412 0.00513294 0.0339154 -1.94858 -0.00497863 0.999977 -0.00463298 -5.81304 -0.0339384 0.0044614 0.999414 273.451 
0.999486 0.00538766 0.0316078 -1.92369 -0.0052115 0.99997 -0.0056529 -5.83751 -0.0316374 0.00548527 0.999484 274.387 
0.999556 0.00685795 0.0289802 -1.90331 -0.00667537 0.999957 -0.00639219 -5.86275 -0.0290228 0.0061959 0.99956 275.322 
0.999618 0.00851488 0.0262954 -1.8863 -0.00834508 0.999944 -0.00656057 -5.88899 -0.0263498 0.00633862 0.999633 276.256 
0.999676 0.00968985 0.0235365 -1.87196 -0.00955122 0.999936 -0.005995 -5.9146 -0.0235931 0.00576826 0.999705 277.189 
0.999771 0.0107142 0.018524 -1.85017 -0.0106689 0.99994 -0.00254572 -5.96524 -0.0185502 0.00234751 0.999825 279.055 
0.999838 0.0110778 0.014208 -1.83488 -0.011073 0.999939 -0.00041388 -6.01177 -0.0142117 0.000256488 0.999899 280.907 
0.999886 0.0106071 0.0107204 -1.82442 -0.0106054 0.999944 -0.000211188 -6.05424 -0.010722 9.74708e-05 0.999942 282.747 
0.999916 0.010349 0.00780321 -1.81919 -0.0103421 0.999946 -0.00091367 -6.09725 -0.00781224 0.000832892 0.999969 284.574 
0.999918 0.0111219 0.00634196 -1.82008 -0.0111212 0.999938 -0.000134393 -6.11836 -0.00634306 6.38521e-05 0.99998 285.473 
0.999916 0.0122553 0.0041321 -1.82466 -0.0122577 0.999925 0.000555911 -6.16296 -0.00412498 -0.000606513 0.999991 287.216 
0.999846 0.017269 0.00327263 -1.83581 -0.0172537 0.99984 -0.00464435 -6.20897 -0.00335231 0.00458716 0.999984 288.89 
0.999781 0.0206451 0.00354487 -1.8416 -0.0206181 0.999759 -0.00750437 -6.25781 -0.00369894 0.00742964 0.999966 290.542 
0.999705 0.023784 0.0049439 -1.84405 -0.0237394 0.999679 -0.00889034 -6.30543 -0.00515375 0.00877036 0.999948 292.186 
0.999604 0.026955 0.00802866 -1.84021 -0.0268721 0.999586 -0.0102573 -6.36072 -0.00830183 0.0100375 0.999915 293.812 
0.999572 0.0274344 0.0102001 -1.82984 -0.0273619 0.9996 -0.00717907 -6.41441 -0.0103929 0.00689691 0.999922 295.428 
0.999648 0.0250029 0.00885666 -1.81794 -0.0249784 0.999684 -0.00287006 -6.46419 -0.00892562 0.00264782 0.999957 297.031 
0.99971 0.023367 0.00587398 -1.81204 -0.0233649 0.999727 -0.000420881 -6.50651 -0.00588221 0.000283514 0.999983 298.624 
0.999788 0.0204435 0.00247834 -1.80762 -0.0204467 0.99979 0.00126768 -6.54155 -0.0024519 -0.00131808 0.999996 300.223 
