-0.000000 0.000000 -0.000000 0.000000
0.008324 9.238960 -0.050567 9.240970
0.000483 18.634700 -0.200620 18.645600
-0.005061 26.820300 -0.201456 26.834000
0.010173 35.110800 -0.210472 35.123200
0.021344 43.518600 -0.269112 43.523400
0.028958 52.028300 -0.310636 52.006900
0.006524 60.603200 -0.324303 60.587500
-0.019364 69.115900 -0.363830 69.095500
-0.054585 77.540800 -0.342772 77.522100
-0.060720 85.865600 -0.400954 85.844300
-0.145460 94.103400 -0.504769 94.075600
-0.269402 102.205000 -0.601274 102.177000
-0.373776 110.245000 -0.646308 110.208000
-0.433415 118.227000 -0.674465 118.182000
-0.464133 126.337000 -0.702407 126.306000
-0.465103 134.461000 -0.673252 134.433000
-0.470457 142.562000 -0.723118 142.537000
-0.488799 150.648000 -0.709214 150.621000
-0.499605 158.732000 -0.730016 158.690000
-0.459926 166.839000 -0.771922 166.782000
-0.377930 175.029000 -0.840577 174.975000
-0.314056 183.310000 -0.917420 183.278000
-0.303004 191.713000 -0.933708 191.640000
-0.315003 200.224000 -1.045030 200.149000
-0.342964 210.323000 -1.133400 210.259000
-0.360488 219.142000 -1.287520 219.088000
-0.378527 228.060000 -1.359400 228.011000
-0.378408 237.045000 -1.431280 236.992000
-0.377078 246.123000 -1.490770 246.062000
-0.356528 255.288000 -1.561990 255.232000
-0.325374 264.511000 -1.645120 264.458000
-0.314040 273.765000 -1.682500 273.738000
-0.276490 283.050000 -1.740700 283.028000
-0.192693 292.369000 -1.630080 292.353000
-0.143657 301.821000 -1.646080 301.806000
-0.093249 311.433000 -1.660350 311.409000
-0.100918 322.814000 -1.749560 322.793000
-0.064212 332.569000 -1.781390 332.546000
-0.039303 342.246000 -1.919110 342.208000
-0.052610 351.848000 -2.067470 351.811000
-0.122301 361.404000 -2.216830 361.349000
-0.202919 370.975000 -2.321060 370.894000
-0.278359 380.607000 -2.491580 380.502000
-0.320658 390.306000 -2.656620 390.184000
