0 0.000183 0.008029 100.000000 9.708738
0 0.000138 0.011349 200.000000 9.661836
0 0.000114 0.010403 300.000000 9.966778
0 0.000096 0.009926 400.000000 10.389610
0 0.000090 0.008764 500.000000 10.060362
0 0.000083 0.006866 600.000000 10.309278
1 0.000185 0.008204 100.000000 9.803922
1 0.000141 0.011433 200.000000 9.708738
1 0.000115 0.010738 300.000000 10.000000
1 0.000097 0.010193 400.000000 10.416667
1 0.000092 0.008941 500.000000 10.080646
1 0.000084 0.006898 600.000000 10.327023
2 0.000192 0.008671 100.000000 9.900990
2 0.000151 0.011782 200.000000 9.708738
2 0.000119 0.011339 300.000000 10.033444
2 0.000100 0.010662 400.000000 10.443864
2 0.000095 0.009228 500.000000 10.080646
2 0.000086 0.006973 600.000000 10.344828
3 0.000190 0.008657 100.000000 10.000000
3 0.000134 0.012059 200.000000 9.708738
3 0.000118 0.011283 300.000000 10.067114
3 0.000099 0.010652 400.000000 10.443864
3 0.000095 0.009161 500.000000 10.101010
3 0.000086 0.006947 600.000000 10.362695
4 0.000193 0.009229 100.000000 10.101010
4 0.000145 0.012293 200.000000 9.708738
4 0.000115 0.011892 300.000000 10.067114
4 0.000100 0.010707 400.000000 10.471204
4 0.000096 0.009174 500.000000 10.121457
4 0.000086 0.006993 600.000000 10.362695
5 0.000188 0.008672 100.000000 10.101010
5 0.000133 0.011994 200.000000 9.708738
5 0.000111 0.010968 300.000000 10.101010
5 0.000096 0.010032 400.000000 10.498688
5 0.000093 0.008658 500.000000 10.121457
5 0.000083 0.006866 600.000000 10.380623
6 0.000183 0.008339 100.000000 10.204082
6 0.000132 0.011626 200.000000 9.756098
6 0.000110 0.010828 300.000000 10.135135
6 0.000093 0.010128 400.000000 10.498688
6 0.000092 0.008617 500.000000 10.141988
6 0.000083 0.006814 600.000000 10.398614
7 0.000159 0.006818 100.000000 10.309278
7 0.000106 0.010245 200.000000 9.756098
7 0.000100 0.009348 300.000000 10.169492
7 0.000086 0.009217 400.000000 10.526316
7 0.000087 0.007813 500.000000 10.162601
7 0.000080 0.006524 600.000000 10.398614
8 0.000137 0.005093 100.000000 10.309278
8 0.000097 0.008616 200.000000 9.756098
8 0.000093 0.007786 300.000000 10.169492
8 0.000079 0.008507 400.000000 10.554090
8 0.000082 0.007144 500.000000 10.162601
8 0.000076 0.006246 600.000000 10.416667
9 0.000119 0.003813 100.000000 10.416667
9 0.000083 0.007227 200.000000 9.756098
9 0.000086 0.006950 300.000000 10.204082
9 0.000074 0.008243 400.000000 10.554090
9 0.000079 0.006737 500.000000 10.183299
9 0.000072 0.006104 600.000000 10.416667
10 0.000105 0.002596 100.000000 10.526316
10 0.000086 0.006076 200.000000 9.756098
10 0.000084 0.006665 300.000000 10.238908
10 0.000072 0.008371 400.000000 10.582010
10 0.000078 0.006679 500.000000 10.204082
10 0.000072 0.005980 600.000000 10.434783
11 0.000102 0.002286 100.000000 10.638298
11 0.000092 0.005744 200.000000 9.756098
11 0.000082 0.006886 300.000000 10.238908
11 0.000073 0.008574 400.000000 10.582010
11 0.000080 0.006697 500.000000 10.204082
11 0.000071 0.006001 600.000000 10.434783
12 0.000105 0.001757 100.000000 10.638298
12 0.000090 0.005289 200.000000 9.756098
12 0.000081 0.006793 300.000000 10.273973
12 0.000072 0.008652 400.000000 10.610080
12 0.000079 0.006690 500.000000 10.224949
12 0.000071 0.005943 600.000000 10.452962
13 0.000089 0.000881 100.000000 10.638298
13 0.000072 0.003986 200.000000 9.756098
13 0.000073 0.005532 300.000000 10.309278
13 0.000065 0.008205 400.000000 10.610080
13 0.000075 0.006087 500.000000 10.224949
13 0.000059 0.005778 600.000000 10.452962
14 0.000080 0.001558 100.000000 10.638298
14 0.000070 0.003815 200.000000 9.756098
14 0.000072 0.005120 300.000000 10.309278
14 0.000062 0.008189 400.000000 10.610080
14 0.000073 0.006002 500.000000 10.245902
14 0.000057 0.005704 600.000000 10.471204
15 0.000069 0.002420 100.000000 10.638298
15 0.000069 0.003099 200.000000 9.756098
15 0.000066 0.004807 300.000000 10.344828
15 0.000058 0.007943 400.000000 10.638298
15 0.000071 0.005615 500.000000 10.245902
15 0.000065 0.005524 600.000000 10.471204
16 0.000104 0.001291 100.000000 10.638298
16 0.000087 0.004738 200.000000 9.803922
16 0.000080 0.005190 300.000000 10.344828
16 0.000068 0.008551 400.000000 10.638298
16 0.000075 0.006401 500.000000 10.266940
16 0.000065 0.005868 600.000000 10.471204
17 0.000073 0.002383 100.000000 10.638298
17 0.000078 0.003256 200.000000 9.756098
17 0.000069 0.004917 300.000000 10.344828
17 0.000060 0.008218 400.000000 10.638298
17 0.000072 0.005790 500.000000 10.266940
17 0.000062 0.005621 600.000000 10.489511
18 0.000077 0.002602 100.000000 10.752688
18 0.000079 0.003607 200.000000 9.803922
18 0.000070 0.004773 300.000000 10.380623
18 0.000060 0.008241 400.000000 10.666667
18 0.000072 0.005848 500.000000 10.288066
18 0.000061 0.005650 600.000000 10.489511
19 0.000100 0.002708 100.000000 10.752688
19 0.000088 0.004865 200.000000 9.803922
19 0.000077 0.004536 300.000000 10.416667
19 0.000064 0.008503 400.000000 10.695188
19 0.000071 0.006250 500.000000 10.288066
19 0.000060 0.005784 600.000000 10.507881
20 0.000101 0.003315 100.000000 10.869565
20 0.000087 0.005047 200.000000 9.852217
20 0.000080 0.004492 300.000000 10.416667
20 0.000065 0.008526 400.000000 10.695188
20 0.000070 0.006209 500.000000 10.309278
20 0.000050 0.005751 600.000000 10.507881
21 0.000107 0.003539 100.000000 10.869565
21 0.000091 0.005389 200.000000 9.852217
21 0.000081 0.004344 300.000000 10.452962
21 0.000065 0.008541 400.000000 10.723861
21 0.000070 0.006254 500.000000 10.309278
21 0.000050 0.005766 600.000000 10.526316
22 0.000107 0.003786 100.000000 10.989011
22 0.000091 0.005372 200.000000 9.852217
22 0.000080 0.004320 300.000000 10.489511
22 0.000063 0.008611 400.000000 10.723861
22 0.000070 0.006237 500.000000 10.330579
22 0.000047 0.005723 600.000000 10.526316
23 0.000096 0.004188 100.000000 10.989011
23 0.000089 0.005029 200.000000 9.852217
23 0.000079 0.004490 300.000000 10.489511
23 0.000062 0.008578 400.000000 10.752688
23 0.000069 0.006109 500.000000 10.351967
23 0.000046 0.005642 600.000000 10.544815
24 0.000090 0.004820 100.000000 10.989011
24 0.000083 0.004754 200.000000 9.852217
24 0.000076 0.004774 300.000000 10.526316
24 0.000059 0.008641 400.000000 10.752688
24 0.000067 0.005953 500.000000 10.351967
24 0.000055 0.005527 600.000000 10.544815
25 0.000101 0.005554 100.000000 10.989011
25 0.000081 0.005399 200.000000 9.852217
25 0.000075 0.004516 300.000000 10.526316
25 0.000054 0.008429 400.000000 10.752688
25 0.000064 0.005722 500.000000 10.351967
25 0.000051 0.005439 600.000000 10.526316
26 0.000078 0.005847 100.000000 10.989011
26 0.000082 0.005124 200.000000 9.803922
26 0.000076 0.005041 300.000000 10.526316
26 0.000052 0.008636 400.000000 10.752688
26 0.000065 0.005714 500.000000 10.351967
26 0.000054 0.005377 600.000000 10.526316
27 0.000082 0.006366 100.000000 10.869565
27 0.000082 0.005093 200.000000 9.756098
27 0.000074 0.005416 300.000000 10.489511
27 0.000049 0.008677 400.000000 10.752688
27 0.000065 0.005598 500.000000 10.351967
27 0.000050 0.005296 600.000000 10.507881
28 0.000086 0.006983 100.000000 10.869565
28 0.000075 0.005322 200.000000 9.708738
28 0.000071 0.005644 300.000000 10.489511
28 0.000045 0.008403 400.000000 10.752688
28 0.000062 0.005243 500.000000 10.351967
28 0.000051 0.005172 600.000000 10.489511
29 0.000087 0.006609 100.000000 10.752688
29 0.000084 0.004955 200.000000 9.708738
29 0.000079 0.005773 300.000000 10.489511
29 0.000050 0.008733 400.000000 10.752688
29 0.000064 0.005512 500.000000 10.351967
29 0.000053 0.005251 600.000000 10.471204
30 0.000091 0.006638 100.000000 10.752688
30 0.000088 0.004979 200.000000 9.661836
30 0.000078 0.005721 300.000000 10.452962
30 0.000050 0.008851 400.000000 10.723861
30 0.000065 0.005555 500.000000 10.351967
30 0.000051 0.005281 600.000000 10.452962
31 0.000092 0.007121 100.000000 10.638298
31 0.000084 0.005085 200.000000 9.615385
31 0.000076 0.005798 300.000000 10.452962
31 0.000046 0.008582 400.000000 10.723861
31 0.000063 0.005218 500.000000 10.351967
31 0.000051 0.005180 600.000000 10.416667
32 0.000103 0.006334 100.000000 10.638298
32 0.000102 0.004580 200.000000 9.569378
32 0.000083 0.005619 300.000000 10.416667
32 0.000051 0.008963 400.000000 10.695188
32 0.000064 0.005532 500.000000 10.351967
32 0.000053 0.005347 600.000000 10.416667
33 0.000105 0.006014 100.000000 10.638298
33 0.000112 0.004423 200.000000 9.523809
33 0.000090 0.005564 300.000000 10.416667
33 0.000053 0.009155 400.000000 10.695188
33 0.000064 0.005680 500.000000 10.330579
33 0.000053 0.005402 600.000000 10.416667
34 0.000105 0.005787 100.000000 10.638298
34 0.000116 0.004261 200.000000 9.523809
34 0.000091 0.005521 300.000000 10.416667
34 0.000057 0.009211 400.000000 10.695188
34 0.000065 0.005672 500.000000 10.330579
34 0.000055 0.005409 600.000000 10.416667
35 0.000096 0.005182 100.000000 10.526316
35 0.000115 0.003308 200.000000 9.523809
35 0.000092 0.006121 300.000000 10.416667
35 0.000055 0.009493 400.000000 10.666667
35 0.000069 0.005598 500.000000 10.330579
35 0.000056 0.005350 600.000000 10.416667
36 0.000112 0.004931 100.000000 10.416667
36 0.000121 0.003461 200.000000 9.478673
36 0.000093 0.005906 300.000000 10.416667
36 0.000059 0.009603 400.000000 10.666667
36 0.000073 0.005743 500.000000 10.330579
36 0.000060 0.005408 600.000000 10.416667
37 0.000103 0.004820 100.000000 10.416667
37 0.000110 0.003363 200.000000 9.433962
37 0.000089 0.005469 300.000000 10.380623
37 0.000056 0.009326 400.000000 10.638298
37 0.000070 0.005463 500.000000 10.309278
37 0.000060 0.005395 600.000000 10.398614
38 0.000104 0.004809 100.000000 10.416667
38 0.000121 0.003130 200.000000 9.389671
38 0.000095 0.005906 300.000000 10.380623
38 0.000061 0.009802 400.000000 10.638298
38 0.000071 0.005708 500.000000 10.309278
38 0.000061 0.005441 600.000000 10.380623
39 0.000123 0.004590 100.000000 10.309278
39 0.000127 0.002854 200.000000 9.389671
39 0.000101 0.006465 300.000000 10.380623
39 0.000061 0.010259 400.000000 10.638298
39 0.000071 0.005916 500.000000 10.288066
39 0.000064 0.005398 600.000000 10.344828
40 0.000135 0.004295 100.000000 10.309278
40 0.000123 0.002438 200.000000 9.433962
40 0.000096 0.006678 300.000000 10.380623
40 0.000059 0.010171 400.000000 10.638298
40 0.000073 0.005720 500.000000 10.288066
40 0.000066 0.005329 600.000000 10.344828
41 0.000095 0.004793 100.000000 10.309278
41 0.000117 0.002346 200.000000 9.433962
41 0.000091 0.006731 300.000000 10.344828
41 0.000056 0.010041 400.000000 10.610080
41 0.000073 0.005530 500.000000 10.288066
41 0.000065 0.005256 600.000000 10.327023
42 0.000109 0.004878 100.000000 10.309278
42 0.000120 0.002235 200.000000 9.433962
42 0.000094 0.007273 300.000000 10.309278
42 0.000057 0.010541 400.000000 10.582010
42 0.000073 0.005664 500.000000 10.266940
42 0.000064 0.005241 600.000000 10.309278
43 0.000109 0.004889 100.000000 10.309278
43 0.000120 0.002254 200.000000 9.478673
43 0.000095 0.007281 300.000000 10.273973
43 0.000055 0.010629 400.000000 10.554090
43 0.000071 0.005617 500.000000 10.266940
43 0.000064 0.005210 600.000000 10.291595
44 0.000117 0.005313 100.000000 10.309278
44 0.000117 0.002495 200.000000 9.478673
44 0.000095 0.007233 300.000000 10.273973
44 0.000056 0.010693 400.000000 10.554090
44 0.000070 0.005640 500.000000 10.266940
44 0.000063 0.005192 600.000000 10.291595
45 0.000124 0.005205 100.000000 10.416667
45 0.000120 0.002365 200.000000 9.523809
45 0.000098 0.007395 300.000000 10.273973
45 0.000057 0.010951 400.000000 10.554090
45 0.000072 0.005709 500.000000 10.266940
45 0.000063 0.005211 600.000000 10.291595
46 0.000097 0.005007 100.000000 10.416667
46 0.000108 0.002287 200.000000 9.523809
46 0.000093 0.007417 300.000000 10.273973
46 0.000055 0.010635 400.000000 10.582010
46 0.000072 0.005495 500.000000 10.288066
46 0.000060 0.005171 600.000000 10.273973
47 0.000104 0.005110 100.000000 10.526316
47 0.000117 0.002176 200.000000 9.523809
47 0.000095 0.007469 300.000000 10.273973
47 0.000057 0.010762 400.000000 10.582010
47 0.000071 0.005585 500.000000 10.288066
47 0.000058 0.005193 600.000000 10.273973
48 0.000101 0.005086 100.000000 10.526316
48 0.000116 0.002260 200.000000 9.523809
48 0.000093 0.007925 300.000000 10.273973
48 0.000057 0.010799 400.000000 10.582010
48 0.000072 0.005467 500.000000 10.288066
48 0.000059 0.005119 600.000000 10.273973
49 0.000098 0.005577 100.000000 10.526316
49 0.000117 0.002656 200.000000 9.523809
49 0.000091 0.007837 300.000000 10.273973
49 0.000054 0.010605 400.000000 10.582010
49 0.000069 0.005356 500.000000 10.288066
49 0.000058 0.005043 600.000000 10.273973
50 0.000074 0.005576 100.000000 10.416667
50 0.000117 0.002878 200.000000 9.523809
50 0.000088 0.008213 300.000000 10.273973
50 0.000051 0.010679 400.000000 10.526316
50 0.000070 0.005186 500.000000 10.288066
50 0.000059 0.004970 600.000000 10.273973
51 0.000085 0.005432 100.000000 10.309278
51 0.000106 0.002955 200.000000 9.478673
51 0.000086 0.008381 300.000000 10.238908
51 0.000052 0.010734 400.000000 10.498688
51 0.000070 0.005135 500.000000 10.266940
51 0.000059 0.004967 600.000000 10.238908
52 0.000092 0.005492 100.000000 10.309278
52 0.000113 0.002856 200.000000 9.433962
52 0.000093 0.008701 300.000000 10.204082
52 0.000052 0.011193 400.000000 10.471204
52 0.000073 0.005270 500.000000 10.266940
52 0.000062 0.005026 600.000000 10.221465
53 0.000079 0.005469 100.000000 10.101010
53 0.000107 0.003446 200.000000 9.433962
53 0.000092 0.008811 300.000000 10.169492
53 0.000049 0.010975 400.000000 10.416667
53 0.000071 0.004995 500.000000 10.245902
53 0.000062 0.004929 600.000000 10.221465
54 0.000098 0.005135 100.000000 10.101010
54 0.000114 0.003004 200.000000 9.389671
54 0.000097 0.008864 300.000000 10.169492
54 0.000050 0.011413 400.000000 10.362695
54 0.000072 0.005204 500.000000 10.245902
54 0.000063 0.005007 600.000000 10.204082
55 0.000082 0.005213 100.000000 10.101010
55 0.000110 0.003654 200.000000 9.345795
55 0.000096 0.009068 300.000000 10.135135
55 0.000044 0.011495 400.000000 10.335917
55 0.000072 0.005076 500.000000 10.224949
55 0.000069 0.004959 600.000000 10.169492
56 0.000076 0.005237 100.000000 10.000000
56 0.000110 0.003735 200.000000 9.345795
56 0.000092 0.008986 300.000000 10.101010
56 0.000127 0.010365 400.000000 10.256411
56 0.000072 0.005023 500.000000 10.224949
56 0.000076 0.004971 600.000000 10.152285
57 0.000121 0.004718 100.000000 9.900990
57 0.000106 0.003699 200.000000 9.302325
57 0.000095 0.009106 300.000000 10.067114
57 0.000127 0.010618 400.000000 10.204082
57 0.000072 0.005110 500.000000 10.204082
57 0.000075 0.004999 600.000000 10.118044
58 0.000120 0.004808 100.000000 9.900990
58 0.000100 0.004402 200.000000 9.302325
58 0.000092 0.009247 300.000000 10.067114
58 0.000126 0.010353 400.000000 10.178117
58 0.000072 0.004938 500.000000 10.204082
58 0.000074 0.004903 600.000000 10.135135
59 0.000106 0.005181 100.000000 9.900990
59 0.000098 0.004808 200.000000 9.345795
59 0.000092 0.009393 300.000000 10.101010
59 0.000068 0.009046 400.000000 10.152285
59 0.000072 0.004843 500.000000 10.224949
59 0.000079 0.004851 600.000000 10.135135
60 0.000117 0.005276 100.000000 9.803922
60 0.000095 0.004604 200.000000 9.302325
60 0.000093 0.009221 300.000000 10.067114
60 0.000063 0.008883 400.000000 10.101010
60 0.000070 0.004847 500.000000 10.204082
60 0.000085 0.004865 600.000000 10.101010
61 0.000139 0.005428 100.000000 9.708738
61 0.000102 0.004167 200.000000 9.302325
61 0.000097 0.009196 300.000000 10.033444
61 0.000066 0.009151 400.000000 10.075566
61 0.000073 0.005003 500.000000 10.204082
61 0.000094 0.004949 600.000000 10.067114
62 0.000153 0.005810 100.000000 9.615385
62 0.000108 0.003827 200.000000 9.259259
62 0.000099 0.009139 300.000000 10.000000
62 0.000065 0.009236 400.000000 10.050251
62 0.000073 0.005070 500.000000 10.183299
62 0.000097 0.004984 600.000000 10.050251
63 0.000131 0.006057 100.000000 9.615385
63 0.000108 0.004418 200.000000 9.216590
63 0.000098 0.009266 300.000000 10.000000
63 0.000065 0.008948 400.000000 10.025063
63 0.000072 0.004955 500.000000 10.183299
63 0.000096 0.004917 600.000000 10.016694
64 0.000129 0.005928 100.000000 9.523809
64 0.000109 0.004209 200.000000 9.216590
64 0.000091 0.009101 300.000000 9.966778
64 0.000065 0.008887 400.000000 10.025063
64 0.000074 0.004996 500.000000 10.183299
64 0.000096 0.004944 600.000000 10.000000
65 0.000138 0.007111 100.000000 9.433962
65 0.000111 0.004705 200.000000 9.216590
65 0.000090 0.009148 300.000000 9.966778
65 0.000065 0.008813 400.000000 10.025063
65 0.000072 0.004884 500.000000 10.162601
65 0.000093 0.004801 600.000000 9.966778
66 0.000146 0.007895 100.000000 9.433962
66 0.000109 0.005428 200.000000 9.216590
66 0.000087 0.009358 300.000000 9.966778
66 0.000066 0.008621 400.000000 10.025063
66 0.000073 0.004693 500.000000 10.162601
66 0.000089 0.004640 600.000000 9.950249
67 0.000142 0.008402 100.000000 9.433962
67 0.000107 0.005864 200.000000 9.259259
67 0.000087 0.009477 300.000000 10.000000
67 0.000066 0.008491 400.000000 10.000000
67 0.000073 0.004564 500.000000 10.162601
67 0.000088 0.004557 600.000000 9.950249
68 0.000140 0.008920 100.000000 9.433962
68 0.000107 0.006398 200.000000 9.259259
68 0.000084 0.009449 300.000000 10.000000
68 0.000066 0.008303 400.000000 10.000000
68 0.000073 0.004408 500.000000 10.162601
68 0.000082 0.004491 600.000000 9.933775
69 0.000146 0.009675 100.000000 9.523809
69 0.000106 0.006645 200.000000 9.302325
69 0.000081 0.009589 300.000000 10.000000
69 0.000068 0.008210 400.000000 9.975062
69 0.000072 0.004247 500.000000 10.162601
69 0.000081 0.004376 600.000000 9.933775
70 0.000142 0.010521 100.000000 9.523809
70 0.000102 0.007439 200.000000 9.302325
70 0.000080 0.009693 300.000000 10.033444
70 0.000068 0.007980 400.000000 9.975062
70 0.000071 0.004057 500.000000 10.162601
70 0.000078 0.004228 600.000000 9.917356
71 0.000154 0.010259 100.000000 9.523809
71 0.000102 0.007518 200.000000 9.345795
71 0.000078 0.009754 300.000000 10.033444
71 0.000069 0.007822 400.000000 9.975062
71 0.000071 0.004035 500.000000 10.162601
71 0.000076 0.004250 600.000000 9.900990
72 0.000159 0.010395 100.000000 9.615385
72 0.000104 0.007520 200.000000 9.345795
72 0.000079 0.009773 300.000000 10.067114
72 0.000068 0.007941 400.000000 9.975062
72 0.000072 0.004057 500.000000 10.162601
72 0.000075 0.004233 600.000000 9.884679
73 0.000165 0.013635 100.000000 9.615385
73 0.000089 0.009172 200.000000 9.389671
73 0.000070 0.009854 300.000000 10.067114
73 0.000062 0.006940 400.000000 9.975062
73 0.000069 0.003313 500.000000 10.183299
73 0.000070 0.003757 600.000000 9.884679
74 0.000182 0.015197 100.000000 9.615385
74 0.000090 0.009727 200.000000 9.389671
74 0.000071 0.009960 300.000000 10.101010
74 0.000062 0.006984 400.000000 9.975062
74 0.000068 0.003004 500.000000 10.183299
74 0.000070 0.003484 600.000000 9.868421
75 0.000179 0.014098 100.000000 9.615385
75 0.000086 0.009432 200.000000 9.433962
75 0.000067 0.009859 300.000000 10.101010
75 0.000063 0.006695 400.000000 9.975062
75 0.000070 0.003182 500.000000 10.204082
75 0.000072 0.003678 600.000000 9.852217
76 0.000164 0.013887 100.000000 9.615385
76 0.000083 0.009510 200.000000 9.433962
76 0.000063 0.009665 300.000000 10.135135
76 0.000062 0.006317 400.000000 9.975062
76 0.000070 0.003165 500.000000 10.224949
76 0.000069 0.003724 600.000000 9.836065
77 0.000166 0.014269 100.000000 9.615385
77 0.000079 0.009636 200.000000 9.478673
77 0.000062 0.009555 300.000000 10.135135
77 0.000059 0.006057 400.000000 9.975062
77 0.000070 0.003069 500.000000 10.224949
77 0.000070 0.003699 600.000000 9.836065
78 0.000149 0.014738 100.000000 9.615385
78 0.000066 0.008908 200.000000 9.523809
78 0.000053 0.008958 300.000000 10.169492
78 0.000052 0.005652 400.000000 10.000000
78 0.000065 0.003003 500.000000 10.245902
78 0.000067 0.003803 600.000000 9.836065
79 0.000155 0.013449 100.000000 9.708738
79 0.000074 0.008630 200.000000 9.569378
79 0.000058 0.009151 300.000000 10.204082
79 0.000055 0.006035 400.000000 10.025063
79 0.000068 0.003213 500.000000 10.245902
79 0.000067 0.003899 600.000000 9.836065
80 0.000143 0.012611 100.000000 9.708738
80 0.000075 0.008292 200.000000 9.569378
80 0.000059 0.009047 300.000000 10.238908
80 0.000056 0.006084 400.000000 10.025063
80 0.000068 0.003386 500.000000 10.266940
80 0.000068 0.004032 600.000000 9.836065
81 0.000149 0.011390 100.000000 9.803922
81 0.000081 0.007853 200.000000 9.615385
81 0.000063 0.009223 300.000000 10.238908
81 0.000058 0.006432 400.000000 10.050251
81 0.000068 0.003619 500.000000 10.266940
81 0.000070 0.004152 600.000000 9.836065
82 0.000146 0.010906 100.000000 9.900990
82 0.000082 0.007918 200.000000 9.661836
82 0.000064 0.009240 300.000000 10.273973
82 0.000059 0.006354 400.000000 10.050251
82 0.000069 0.003654 500.000000 10.288066
82 0.000071 0.004189 600.000000 9.836065
83 0.000129 0.009846 100.000000 9.900990
83 0.000072 0.007311 200.000000 9.661836
83 0.000060 0.008823 300.000000 10.309278
83 0.000058 0.006120 400.000000 10.050251
83 0.000071 0.003755 500.000000 10.288066
83 0.000067 0.004376 600.000000 9.819967
84 0.000147 0.008191 100.000000 9.900990
84 0.000084 0.007328 200.000000 9.708738
84 0.000064 0.009268 300.000000 10.309278
84 0.000065 0.006670 400.000000 10.050251
84 0.000075 0.004085 500.000000 10.288066
84 0.000074 0.004487 600.000000 9.819967
85 0.000153 0.007638 100.000000 9.900990
85 0.000085 0.007407 200.000000 9.756098
85 0.000065 0.009289 300.000000 10.344828
85 0.000066 0.006697 400.000000 10.075566
85 0.000076 0.004166 500.000000 10.309278
85 0.000077 0.004546 600.000000 9.819967
86 0.000162 0.006922 100.000000 9.900990
86 0.000086 0.007730 200.000000 9.756098
86 0.000067 0.009428 300.000000 10.380623
86 0.000068 0.006841 400.000000 10.075566
86 0.000078 0.004307 500.000000 10.309278
86 0.000078 0.004607 600.000000 9.819967
87 0.000165 0.005670 100.000000 10.000000
87 0.000090 0.007690 200.000000 9.803922
87 0.000068 0.009521 300.000000 10.380623
87 0.000070 0.007038 400.000000 10.101010
87 0.000080 0.004579 500.000000 10.330579
87 0.000081 0.004771 600.000000 9.819967
88 0.000160 0.006052 100.000000 10.101010
88 0.000087 0.007791 200.000000 9.852217
88 0.000065 0.009411 300.000000 10.416667
88 0.000070 0.006718 400.000000 10.101010
88 0.000079 0.004429 500.000000 10.330579
88 0.000080 0.004687 600.000000 9.836065
89 0.000157 0.005473 100.000000 10.000000
89 0.000088 0.007861 200.000000 9.852217
89 0.000067 0.009397 300.000000 10.416667
89 0.000072 0.006601 400.000000 10.101010
89 0.000080 0.004479 500.000000 10.330579
89 0.000080 0.004708 600.000000 9.819967
90 0.000153 0.005629 100.000000 10.101010
90 0.000085 0.007556 200.000000 9.900990
90 0.000065 0.009236 300.000000 10.452962
90 0.000073 0.006436 400.000000 10.101010
90 0.000079 0.004395 500.000000 10.351967
90 0.000077 0.004697 600.000000 9.819967
91 0.000138 0.005494 100.000000 10.101010
91 0.000080 0.007403 200.000000 9.900990
91 0.000062 0.008935 300.000000 10.489511
91 0.000072 0.006183 400.000000 10.126582
91 0.000081 0.004383 500.000000 10.351967
91 0.000075 0.004708 600.000000 9.803922
92 0.000146 0.005174 100.000000 10.101010
92 0.000081 0.007370 200.000000 9.950249
92 0.000065 0.009077 300.000000 10.489511
92 0.000071 0.006204 400.000000 10.126582
92 0.000081 0.004437 500.000000 10.373444
92 0.000074 0.004725 600.000000 9.803922
93 0.000156 0.004563 100.000000 10.101010
93 0.000085 0.007456 200.000000 9.950249
93 0.000067 0.009105 300.000000 10.526316
93 0.000072 0.006331 400.000000 10.152285
93 0.000082 0.004570 500.000000 10.395010
93 0.000071 0.004801 600.000000 9.803922
94 0.000163 0.004207 100.000000 10.000000
94 0.000088 0.008356 200.000000 9.950249
94 0.000068 0.009316 300.000000 10.526316
94 0.000080 0.006138 400.000000 10.126582
94 0.000082 0.004778 500.000000 10.395010
94 0.000074 0.004838 600.000000 9.787929
95 0.000178 0.003578 100.000000 10.000000
95 0.000090 0.007846 200.000000 10.000000
95 0.000069 0.009264 300.000000 10.563380
95 0.000079 0.006307 400.000000 10.152285
95 0.000081 0.004906 500.000000 10.395010
95 0.000073 0.004914 600.000000 9.787929
96 0.000160 0.003428 100.000000 10.000000
96 0.000085 0.006920 200.000000 10.000000
96 0.000066 0.008964 300.000000 10.563380
96 0.000075 0.006027 400.000000 10.126582
96 0.000078 0.004796 500.000000 10.416667
96 0.000075 0.004981 600.000000 9.771987
97 0.000170 0.003236 100.000000 9.900990
97 0.000088 0.008082 200.000000 10.000000
97 0.000069 0.009311 300.000000 10.563380
97 0.000079 0.005915 400.000000 10.126582
97 0.000081 0.004906 500.000000 10.416667
97 0.000078 0.004967 600.000000 9.740260
98 0.000163 0.002342 100.000000 9.803922
98 0.000085 0.007863 200.000000 10.000000
98 0.000070 0.009275 300.000000 10.600707
98 0.000079 0.006030 400.000000 10.126582
98 0.000080 0.004993 500.000000 10.416667
99 0.000136 0.001855 100.000000 9.708738
99 0.000088 0.008219 200.000000 10.000000
99 0.000070 0.009452 300.000000 10.600707
99 0.000080 0.005930 400.000000 10.126582
99 0.000079 0.005012 500.000000 10.416667
100 0.000179 0.001266 100.000000 9.615385
100 0.000087 0.009369 200.000000 10.000000
100 0.000073 0.009591 300.000000 10.600707
100 0.000087 0.005757 400.000000 10.101010
100 0.000084 0.005311 500.000000 10.416667
101 0.000157 0.000343 100.000000 9.523809
101 0.000089 0.009442 200.000000 10.000000
101 0.000076 0.009760 300.000000 10.563380
101 0.000087 0.005852 400.000000 10.101010
101 0.000085 0.005507 500.000000 10.395010
102 0.000153 0.000732 100.000000 9.259259
102 0.000090 0.009981 200.000000 10.000000
102 0.000078 0.010054 300.000000 10.563380
102 0.000090 0.006007 400.000000 10.101010
102 0.000085 0.005565 500.000000 10.395010
103 0.000122 0.000743 100.000000 9.090909
103 0.000089 0.009747 200.000000 10.000000
103 0.000074 0.009998 300.000000 10.563380
103 0.000088 0.005830 400.000000 10.075566
103 0.000084 0.005516 500.000000 10.395010
104 0.000136 0.000847 100.000000 8.849558
104 0.000089 0.010086 200.000000 10.000000
104 0.000074 0.010201 300.000000 10.526316
104 0.000092 0.005838 400.000000 10.075566
104 0.000083 0.005679 500.000000 10.373444
105 0.000111 0.000734 100.000000 8.849558
105 0.000082 0.009612 200.000000 10.050251
105 0.000070 0.009876 300.000000 10.526316
105 0.000089 0.005459 400.000000 10.101010
105 0.000082 0.005452 500.000000 10.395010
106 0.000122 0.001082 100.000000 8.849558
106 0.000082 0.009792 200.000000 10.050251
106 0.000070 0.009863 300.000000 10.563380
106 0.000092 0.005330 400.000000 10.101010
106 0.000073 0.005595 500.000000 10.395010
107 0.000114 0.000432 100.000000 8.849558
107 0.000079 0.008952 200.000000 10.101010
107 0.000066 0.009667 300.000000 10.563380
107 0.000089 0.005252 400.000000 10.101010
107 0.000081 0.005383 500.000000 10.395010
108 0.000123 0.000513 100.000000 8.928572
108 0.000085 0.009403 200.000000 10.101010
108 0.000069 0.009844 300.000000 10.563380
108 0.000091 0.005272 400.000000 10.126582
108 0.000079 0.005522 500.000000 10.395010
109 0.000138 0.001283 100.000000 8.849558
109 0.000091 0.010062 200.000000 10.101010
109 0.000073 0.010138 300.000000 10.563380
109 0.000094 0.005334 400.000000 10.126582
109 0.000081 0.005679 500.000000 10.416667
110 0.000124 0.000604 100.000000 8.928572
110 0.000085 0.009160 200.000000 10.152285
110 0.000069 0.009798 300.000000 10.600707
110 0.000090 0.005166 400.000000 10.126582
110 0.000077 0.005513 500.000000 10.416667
111 0.000143 0.000693 100.000000 8.849558
111 0.000099 0.009854 200.000000 10.152285
111 0.000074 0.010161 300.000000 10.600707
111 0.000092 0.005355 400.000000 10.152285
111 0.000069 0.005637 500.000000 10.416667
112 0.000142 0.000890 100.000000 8.849558
112 0.000098 0.009784 200.000000 10.204082
112 0.000073 0.010160 300.000000 10.600707
112 0.000093 0.005290 400.000000 10.152285
112 0.000066 0.005634 500.000000 10.416667
113 0.000112 0.001264 100.000000 8.771930
113 0.000080 0.007643 200.000000 10.204082
113 0.000062 0.009216 300.000000 10.600707
113 0.000085 0.004872 400.000000 10.152285
113 0.000070 0.005371 500.000000 10.416667
114 0.000131 0.000913 100.000000 8.771930
114 0.000091 0.008502 200.000000 10.204082
114 0.000065 0.009439 300.000000 10.638298
114 0.000087 0.004861 400.000000 10.178117
114 0.000070 0.005423 500.000000 10.416667
115 0.000149 0.001661 100.000000 8.771930
115 0.000099 0.009481 200.000000 10.204082
115 0.000066 0.009734 300.000000 10.638298
115 0.000091 0.004789 400.000000 10.178117
115 0.000072 0.005516 500.000000 10.416667
116 0.000142 0.001104 100.000000 8.771930
116 0.000096 0.008757 200.000000 10.256411
116 0.000061 0.009773 300.000000 10.638298
116 0.000089 0.004941 400.000000 10.178117
116 0.000072 0.005339 500.000000 10.416667
117 0.000146 0.001496 100.000000 8.695652
117 0.000099 0.009075 200.000000 10.256411
117 0.000059 0.009689 300.000000 10.638298
117 0.000090 0.004705 400.000000 10.204082
117 0.000067 0.005341 500.000000 10.416667
118 0.000153 0.001653 100.000000 8.695652
118 0.000101 0.009520 200.000000 10.256411
118 0.000060 0.009873 300.000000 10.638298
118 0.000091 0.004709 400.000000 10.204082
118 0.000072 0.005302 500.000000 10.395010
119 0.000167 0.002480 100.000000 8.695652
119 0.000110 0.010482 200.000000 10.256411
119 0.000063 0.010137 300.000000 10.676157
119 0.000094 0.004692 400.000000 10.204082
119 0.000076 0.005416 500.000000 10.373444
120 0.000169 0.002104 100.000000 8.695652
120 0.000115 0.010266 200.000000 10.256411
120 0.000064 0.010143 300.000000 10.676157
120 0.000093 0.004752 400.000000 10.204082
120 0.000076 0.005461 500.000000 10.395010
121 0.000155 0.002245 100.000000 8.695652
121 0.000106 0.009849 200.000000 10.256411
121 0.000060 0.009838 300.000000 10.676157
121 0.000091 0.004515 400.000000 10.230179
121 0.000071 0.005335 500.000000 10.373444
122 0.000163 0.002210 100.000000 8.695652
122 0.000109 0.009858 200.000000 10.256411
122 0.000059 0.009868 300.000000 10.676157
122 0.000091 0.004457 400.000000 10.230179
122 0.000071 0.005295 500.000000 10.351967
123 0.000169 0.002751 100.000000 8.695652
123 0.000114 0.010008 200.000000 10.256411
123 0.000060 0.009801 300.000000 10.676157
123 0.000092 0.004299 400.000000 10.230179
123 0.000074 0.005355 500.000000 10.351967
124 0.000187 0.003374 100.000000 8.547009
124 0.000121 0.010549 200.000000 10.204082
124 0.000063 0.010170 300.000000 10.676157
124 0.000093 0.004397 400.000000 10.230179
124 0.000076 0.005462 500.000000 10.330579
125 0.000196 0.003615 100.000000 8.547009
125 0.000124 0.010881 200.000000 10.256411
125 0.000065 0.010413 300.000000 10.676157
125 0.000096 0.004437 400.000000 10.230179
125 0.000075 0.005490 500.000000 10.330579
126 0.000189 0.003301 100.000000 8.547009
126 0.000124 0.010366 200.000000 10.256411
126 0.000063 0.010187 300.000000 10.676157
126 0.000092 0.004323 400.000000 10.230179
126 0.000073 0.005381 500.000000 10.351967
127 0.000188 0.003200 100.000000 8.547009
127 0.000123 0.009991 200.000000 10.256411
127 0.000065 0.010052 300.000000 10.676157
127 0.000091 0.004212 400.000000 10.230179
127 0.000074 0.005302 500.000000 10.351967
128 0.000183 0.002936 100.000000 8.547009
128 0.000121 0.009551 200.000000 10.256411
128 0.000062 0.009933 300.000000 10.676157
128 0.000089 0.004140 400.000000 10.256411
128 0.000073 0.005171 500.000000 10.351967
129 0.000186 0.003636 100.000000 8.547009
129 0.000122 0.009762 200.000000 10.309278
129 0.000062 0.009938 300.000000 10.676157
129 0.000094 0.004000 400.000000 10.256411
129 0.000074 0.005223 500.000000 10.373444
130 0.000191 0.003669 100.000000 8.547009
130 0.000120 0.009639 200.000000 10.309278
130 0.000064 0.009882 300.000000 10.676157
130 0.000099 0.003998 400.000000 10.256411
130 0.000077 0.005262 500.000000 10.373444
131 0.000196 0.004616 100.000000 8.474576
131 0.000119 0.010077 200.000000 10.309278
131 0.000067 0.010237 300.000000 10.638298
131 0.000100 0.004009 400.000000 10.256411
131 0.000080 0.005307 500.000000 10.351967
132 0.000183 0.004145 100.000000 8.547009
132 0.000113 0.009505 200.000000 10.309278
132 0.000063 0.009871 300.000000 10.676157
132 0.000096 0.003818 400.000000 10.256411
132 0.000078 0.005134 500.000000 10.351967
133 0.000196 0.004372 100.000000 8.474576
133 0.000118 0.010061 200.000000 10.309278
133 0.000067 0.010390 300.000000 10.676157
133 0.000094 0.004002 400.000000 10.230179
133 0.000078 0.005024 500.000000 10.330579
134 0.000204 0.004250 100.000000 8.547009
134 0.000126 0.010303 200.000000 10.309278
134 0.000067 0.010807 300.000000 10.676157
134 0.000094 0.004316 400.000000 10.230179
134 0.000080 0.005165 500.000000 10.330579
135 0.000223 0.006072 100.000000 8.547009
135 0.000131 0.010853 200.000000 10.362695
135 0.000070 0.010721 300.000000 10.676157
135 0.000100 0.004138 400.000000 10.256411
135 0.000085 0.005407 500.000000 10.330579
136 0.000250 0.008035 100.000000 8.620689
136 0.000140 0.012274 200.000000 10.362695
136 0.000081 0.011179 300.000000 10.676157
136 0.000111 0.004133 400.000000 10.256411
136 0.000092 0.005697 500.000000 10.330579
137 0.000186 0.004534 100.000000 8.620689
137 0.000109 0.009413 200.000000 10.256411
137 0.000057 0.009972 300.000000 10.638298
137 0.000096 0.003711 400.000000 10.230179
137 0.000078 0.004955 500.000000 10.288066
138 0.000169 0.004192 100.000000 8.620689
138 0.000105 0.008700 200.000000 10.204082
138 0.000053 0.009536 300.000000 10.638298
138 0.000091 0.003571 400.000000 10.230179
138 0.000075 0.004919 500.000000 10.266940
139 0.000150 0.004002 100.000000 8.620689
139 0.000101 0.008196 200.000000 10.204082
139 0.000048 0.009370 300.000000 10.600707
139 0.000085 0.003467 400.000000 10.204082
139 0.000073 0.004801 500.000000 10.245902
140 0.000149 0.004659 100.000000 8.620689
140 0.000107 0.008354 200.000000 10.152285
140 0.000050 0.009425 300.000000 10.563380
140 0.000089 0.003392 400.000000 10.204082
140 0.000072 0.004878 500.000000 10.224949
141 0.000163 0.003978 100.000000 8.620689
141 0.000109 0.008701 200.000000 10.101010
141 0.000055 0.009855 300.000000 10.526316
141 0.000089 0.003701 400.000000 10.178117
141 0.000069 0.004956 500.000000 10.204082
142 0.000176 0.005049 100.000000 8.620689
142 0.000114 0.009483 200.000000 10.101010
142 0.000060 0.010091 300.000000 10.526316
142 0.000094 0.003710 400.000000 10.204082
142 0.000073 0.005059 500.000000 10.204082
143 0.000193 0.005292 100.000000 8.620689
143 0.000121 0.009951 200.000000 10.101010
143 0.000063 0.010643 300.000000 10.526316
143 0.000095 0.004054 400.000000 10.204082
143 0.000077 0.005233 500.000000 10.204082
144 0.000209 0.005366 100.000000 8.620689
144 0.000124 0.010497 200.000000 10.101010
144 0.000065 0.011213 300.000000 10.526316
144 0.000095 0.004293 400.000000 10.204082
144 0.000077 0.005277 500.000000 10.204082
145 0.000206 0.005030 100.000000 8.695652
145 0.000120 0.010384 200.000000 10.101010
145 0.000063 0.011203 300.000000 10.526316
145 0.000093 0.004286 400.000000 10.230179
145 0.000076 0.005258 500.000000 10.224949
146 0.000202 0.005741 100.000000 8.695652
146 0.000123 0.010349 200.000000 10.152285
146 0.000067 0.011178 300.000000 10.526316
146 0.000096 0.004378 400.000000 10.230179
146 0.000081 0.005373 500.000000 10.204082
147 0.000183 0.006118 100.000000 8.695652
147 0.000120 0.010459 200.000000 10.152285
147 0.000067 0.011065 300.000000 10.526316
147 0.000097 0.004254 400.000000 10.230179
147 0.000077 0.005323 500.000000 10.204082
148 0.000178 0.005959 100.000000 8.620689
148 0.000117 0.010314 200.000000 10.101010
148 0.000060 0.010979 300.000000 10.489511
148 0.000098 0.004059 400.000000 10.230179
148 0.000079 0.005224 500.000000 10.183299
149 0.000182 0.006465 100.000000 8.695652
149 0.000117 0.010505 200.000000 10.101010
149 0.000060 0.011003 300.000000 10.489511
149 0.000099 0.003984 400.000000 10.230179
149 0.000080 0.005205 500.000000 10.204082
150 0.000181 0.005789 100.000000 8.695652
150 0.000122 0.010419 200.000000 10.101010
150 0.000060 0.011276 300.000000 10.452962
150 0.000095 0.004087 400.000000 10.230179
150 0.000078 0.005184 500.000000 10.204082
151 0.000188 0.006796 100.000000 8.695652
151 0.000127 0.010747 200.000000 10.152285
151 0.000064 0.011530 300.000000 10.452962
151 0.000099 0.004313 400.000000 10.230179
151 0.000081 0.005327 500.000000 10.224949
152 0.000183 0.007059 100.000000 8.695652
152 0.000127 0.010579 200.000000 10.101010
152 0.000069 0.011072 300.000000 10.380623
152 0.000099 0.004129 400.000000 10.230179
152 0.000084 0.005246 500.000000 10.183299
153 0.000191 0.007242 100.000000 8.620689
153 0.000129 0.010905 200.000000 10.050251
153 0.000070 0.011141 300.000000 10.344828
153 0.000099 0.004501 400.000000 10.230179
153 0.000089 0.005384 500.000000 10.162601
154 0.000192 0.007584 100.000000 8.620689
154 0.000128 0.010637 200.000000 10.101010
154 0.000200 0.009854 300.000000 10.344828
154 0.000101 0.004417 400.000000 10.230179
154 0.000091 0.005359 500.000000 10.162601
155 0.000188 0.006663 100.000000 8.695652
155 0.000120 0.010495 200.000000 10.101010
155 0.000176 0.010429 300.000000 10.309278
155 0.000098 0.004538 400.000000 10.230179
155 0.000095 0.005374 500.000000 10.141988
156 0.000166 0.006292 100.000000 8.695652
156 0.000113 0.009986 200.000000 10.101010
156 0.000171 0.009808 300.000000 10.273973
156 0.000096 0.004194 400.000000 10.256411
156 0.000089 0.005228 500.000000 10.141988
157 0.000171 0.007395 100.000000 8.695652
157 0.000117 0.009998 200.000000 10.101010
157 0.000180 0.009963 300.000000 10.238908
157 0.000102 0.005398 400.000000 10.256411
157 0.000097 0.005774 500.000000 10.141988
158 0.000179 0.008228 100.000000 8.695652
158 0.000121 0.010442 200.000000 10.101010
158 0.000111 0.010268 300.000000 10.204082
158 0.000106 0.006050 400.000000 10.256411
158 0.000100 0.006062 500.000000 10.162601
159 0.000185 0.008463 100.000000 8.771930
159 0.000126 0.011032 200.000000 10.101010
159 0.000098 0.009563 300.000000 10.169492
159 0.000104 0.006065 400.000000 10.256411
159 0.000105 0.006055 500.000000 10.141988
160 0.000183 0.008682 100.000000 8.771930
160 0.000126 0.011050 200.000000 10.152285
160 0.000098 0.009744 300.000000 10.169492
160 0.000105 0.006260 400.000000 10.282776
160 0.000109 0.006175 500.000000 10.141988
161 0.000181 0.008366 100.000000 8.771930
161 0.000124 0.010699 200.000000 10.152285
161 0.000095 0.009529 300.000000 10.135135
161 0.000104 0.006414 400.000000 10.282776
161 0.000112 0.006247 500.000000 10.141988
162 0.000161 0.007530 100.000000 8.771930
162 0.000114 0.009568 200.000000 10.152285
162 0.000092 0.008114 300.000000 10.135135
162 0.000104 0.005870 400.000000 10.282776
162 0.000113 0.005929 500.000000 10.141988
163 0.000148 0.006504 100.000000 8.771930
163 0.000108 0.008377 200.000000 10.152285
163 0.000090 0.006531 300.000000 10.169492
163 0.000103 0.005125 400.000000 10.309278
163 0.000115 0.005494 500.000000 10.121457
164 0.000138 0.005644 100.000000 8.849558
164 0.000099 0.007733 200.000000 10.152285
164 0.000088 0.005947 300.000000 10.135135
164 0.000099 0.005103 400.000000 10.309278
164 0.000114 0.005430 500.000000 10.121457
165 0.000129 0.004989 100.000000 8.849558
165 0.000093 0.007289 200.000000 10.152285
165 0.000084 0.005339 300.000000 10.169492
165 0.000099 0.004636 400.000000 10.309278
165 0.000114 0.005234 500.000000 10.121457
166 0.000143 0.006196 100.000000 8.771930
166 0.000105 0.008193 200.000000 10.152285
166 0.000088 0.005997 300.000000 10.135135
166 0.000100 0.004782 400.000000 10.309278
166 0.000116 0.005307 500.000000 10.080646
167 0.000139 0.005854 100.000000 8.849558
167 0.000100 0.007885 200.000000 10.152285
167 0.000086 0.005795 300.000000 10.135135
167 0.000100 0.004798 400.000000 10.309278
167 0.000114 0.005283 500.000000 10.080646
168 0.000146 0.006234 100.000000 8.849558
168 0.000098 0.008134 200.000000 10.152285
168 0.000087 0.006072 300.000000 10.169492
168 0.000099 0.004965 400.000000 10.309278
168 0.000114 0.005333 500.000000 10.060362
169 0.000151 0.006722 100.000000 8.849558
169 0.000099 0.008004 200.000000 10.152285
169 0.000086 0.005861 300.000000 10.169492
169 0.000100 0.004916 400.000000 10.335917
169 0.000114 0.005286 500.000000 10.060362
170 0.000139 0.005584 100.000000 8.928572
170 0.000092 0.007528 200.000000 10.204082
170 0.000084 0.005598 300.000000 10.169492
170 0.000097 0.004746 400.000000 10.335917
170 0.000109 0.005268 500.000000 10.040160
171 0.000134 0.005284 100.000000 8.928572
171 0.000085 0.007065 200.000000 10.204082
171 0.000083 0.005001 300.000000 10.169492
171 0.000099 0.004704 400.000000 10.335917
171 0.000107 0.005194 500.000000 10.040160
172 0.000146 0.006341 100.000000 8.928572
172 0.000090 0.007207 200.000000 10.204082
172 0.000084 0.005061 300.000000 10.135135
172 0.000101 0.004925 400.000000 10.309278
172 0.000104 0.005256 500.000000 10.020041
173 0.000139 0.005528 100.000000 9.009009
173 0.000083 0.007144 200.000000 10.204082
173 0.000080 0.005103 300.000000 10.101010
173 0.000097 0.004742 400.000000 10.309278
173 0.000096 0.005332 500.000000 9.980040
174 0.000143 0.006729 100.000000 9.009009
174 0.000084 0.007577 200.000000 10.204082
174 0.000081 0.005258 300.000000 10.067114
174 0.000096 0.005051 400.000000 10.282776
174 0.000095 0.005383 500.000000 9.940358
175 0.000139 0.006618 100.000000 9.009009
175 0.000080 0.007225 200.000000 10.204082
175 0.000082 0.004905 300.000000 10.033444
175 0.000102 0.005565 400.000000 10.282776
175 0.000094 0.005411 500.000000 9.900990
176 0.000121 0.004853 100.000000 9.090909
176 0.000070 0.006252 200.000000 10.256411
176 0.000077 0.004303 300.000000 10.033444
176 0.000098 0.005211 400.000000 10.309278
176 0.000092 0.005364 500.000000 9.900990
177 0.000110 0.003926 100.000000 9.090909
177 0.000062 0.005500 200.000000 10.309278
177 0.000072 0.003575 300.000000 10.067114
177 0.000096 0.004925 400.000000 10.309278
177 0.000092 0.005258 500.000000 9.881423
178 0.000092 0.002240 100.000000 9.174312
178 0.000050 0.004158 200.000000 10.309278
178 0.000065 0.002621 300.000000 10.067114
178 0.000094 0.004734 400.000000 10.335917
178 0.000087 0.005105 500.000000 9.881423
179 0.000090 0.002192 100.000000 9.174312
179 0.000049 0.003925 200.000000 10.362695
179 0.000064 0.002347 300.000000 10.067114
179 0.000094 0.004654 400.000000 10.362695
179 0.000085 0.005071 500.000000 9.861933
180 0.000096 0.002287 100.000000 9.259259
180 0.000052 0.003933 200.000000 10.362695
180 0.000064 0.002744 300.000000 10.067114
180 0.000096 0.004987 400.000000 10.362695
180 0.000088 0.005121 500.000000 9.842520
181 0.000096 0.002415 100.000000 9.259259
181 0.000051 0.003863 200.000000 10.416667
181 0.000066 0.002645 300.000000 10.067114
181 0.000097 0.005056 400.000000 10.362695
181 0.000086 0.005121 500.000000 9.842520
182 0.000097 0.002871 100.000000 9.345795
182 0.000052 0.004235 200.000000 10.416667
182 0.000070 0.002520 300.000000 10.067114
182 0.000095 0.005006 400.000000 10.362695
182 0.000084 0.005175 500.000000 9.784736
183 0.000089 0.003078 100.000000 9.345795
183 0.000052 0.004396 200.000000 10.471204
183 0.000078 0.002571 300.000000 10.067114
183 0.000098 0.004921 400.000000 10.362695
183 0.000083 0.005239 500.000000 9.784736
184 0.000091 0.003138 100.000000 9.433962
184 0.000050 0.004306 200.000000 10.471204
184 0.000084 0.002607 300.000000 10.067114
184 0.000101 0.005158 400.000000 10.362695
184 0.000087 0.005200 500.000000 9.784736
185 0.000072 0.002479 100.000000 9.433962
185 0.000043 0.003606 200.000000 10.526316
185 0.000081 0.002210 300.000000 10.101010
185 0.000100 0.004927 400.000000 10.362695
185 0.000088 0.005164 500.000000 9.784736
186 0.000068 0.002116 100.000000 9.523809
186 0.000045 0.003396 200.000000 10.526316
186 0.000079 0.002073 300.000000 10.067114
186 0.000097 0.004824 400.000000 10.362695
186 0.000087 0.005227 500.000000 9.765625
187 0.000072 0.002229 100.000000 9.523809
187 0.000044 0.003555 200.000000 10.582010
187 0.000077 0.001928 300.000000 10.101010
187 0.000099 0.004702 400.000000 10.362695
187 0.000088 0.005287 500.000000 9.765625
188 0.000069 0.002556 100.000000 9.523809
188 0.000045 0.003262 200.000000 10.582010
188 0.000091 0.001802 300.000000 10.067114
188 0.000099 0.004719 400.000000 10.389610
188 0.000082 0.005155 500.000000 9.727627
189 0.000078 0.002943 100.000000 9.615385
189 0.000049 0.003571 200.000000 10.638298
189 0.000094 0.002016 300.000000 10.101010
189 0.000105 0.005099 400.000000 10.389610
189 0.000083 0.005091 500.000000 9.708738
190 0.000076 0.002601 100.000000 9.708738
190 0.000050 0.003390 200.000000 10.638298
190 0.000090 0.002091 300.000000 10.101010
190 0.000105 0.005128 400.000000 10.416667
190 0.000078 0.005078 500.000000 9.708738
191 0.000071 0.002396 100.000000 9.708738
191 0.000047 0.002986 200.000000 10.695188
191 0.000092 0.002202 300.000000 10.101010
191 0.000103 0.005008 400.000000 10.443864
191 0.000077 0.005080 500.000000 9.727627
192 0.000063 0.003100 100.000000 9.803922
192 0.000039 0.002098 200.000000 10.752688
192 0.000089 0.003037 300.000000 10.135135
192 0.000098 0.005071 400.000000 10.443864
192 0.000075 0.005055 500.000000 9.727627
193 0.000063 0.003303 100.000000 9.803922
193 0.000045 0.002533 200.000000 10.752688
193 0.000090 0.002423 300.000000 10.135135
193 0.000098 0.005008 400.000000 10.471204
193 0.000075 0.005038 500.000000 9.727627
194 0.000058 0.003706 100.000000 9.900990
194 0.000041 0.002227 200.000000 10.810811
194 0.000087 0.002844 300.000000 10.135135
194 0.000097 0.004994 400.000000 10.471204
194 0.000076 0.005085 500.000000 9.708738
195 0.000062 0.003410 100.000000 9.900990
195 0.000046 0.002639 200.000000 10.810811
195 0.000088 0.002311 300.000000 10.135135
195 0.000097 0.004991 400.000000 10.471204
195 0.000079 0.005134 500.000000 9.689922
196 0.000057 0.003446 100.000000 9.900990
196 0.000045 0.002541 200.000000 10.869565
196 0.000087 0.002252 300.000000 10.135135
196 0.000096 0.004777 400.000000 10.498688
196 0.000079 0.005236 500.000000 9.689922
197 0.000046 0.004506 100.000000 10.000000
197 0.000042 0.002751 200.000000 10.869565
197 0.000082 0.002342 300.000000 10.169492
197 0.000093 0.004426 400.000000 10.498688
198 0.000039 0.003988 100.000000 10.000000
198 0.000045 0.003186 200.000000 10.928962
198 0.000085 0.001706 300.000000 10.169492
198 0.000094 0.004442 400.000000 10.526316
199 0.000046 0.003094 100.000000 10.101010
199 0.000047 0.003267 200.000000 10.928962
199 0.000086 0.001535 300.000000 10.169492
199 0.000093 0.004627 400.000000 10.526316
200 0.000045 0.003958 100.000000 10.101010
200 0.000045 0.003696 200.000000 10.989011
200 0.000084 0.001269 300.000000 10.204082
200 0.000092 0.004414 400.000000 10.554090
201 0.000067 0.004441 100.000000 10.204082
201 0.000056 0.005240 200.000000 11.049724
201 0.000095 0.001123 300.000000 10.204082
201 0.000095 0.004792 400.000000 10.554090
202 0.000041 0.003810 100.000000 10.204082
202 0.000045 0.003740 200.000000 11.049724
202 0.000087 0.001179 300.000000 10.204082
202 0.000091 0.004317 400.000000 10.582010
203 0.000030 0.004353 100.000000 10.309278
203 0.000040 0.003011 200.000000 11.049724
203 0.000086 0.002329 300.000000 10.238908
203 0.000089 0.004549 400.000000 10.582010
204 0.000040 0.003231 100.000000 10.309278
204 0.000043 0.003032 200.000000 11.111111
204 0.000086 0.001736 300.000000 10.238908
204 0.000090 0.004450 400.000000 10.610080
205 0.000079 0.003526 100.000000 10.416667
205 0.000062 0.005973 200.000000 11.111111
205 0.000091 0.001894 300.000000 10.273973
205 0.000094 0.005065 400.000000 10.610080
206 0.000082 0.004331 100.000000 10.526316
206 0.000063 0.006486 200.000000 11.173184
206 0.000091 0.002193 300.000000 10.309278
206 0.000094 0.005098 400.000000 10.638298
207 0.000076 0.003838 100.000000 10.638298
207 0.000061 0.005991 200.000000 11.235955
207 0.000093 0.001726 300.000000 10.309278
207 0.000094 0.004968 400.000000 10.666667
208 0.000098 0.006652 100.000000 10.638298
208 0.000079 0.008575 200.000000 11.235955
208 0.000100 0.004248 300.000000 10.344828
208 0.000096 0.006370 400.000000 10.666667
209 0.000071 0.005027 100.000000 10.752688
209 0.000065 0.006763 200.000000 11.299435
209 0.000094 0.002297 300.000000 10.344828
209 0.000093 0.005223 400.000000 10.695188
210 0.000074 0.006164 100.000000 10.869565
210 0.000062 0.007507 200.000000 11.299435
210 0.000093 0.002720 300.000000 10.380623
210 0.000092 0.005229 400.000000 10.723861
211 0.000097 0.007675 100.000000 10.989011
211 0.000073 0.009227 200.000000 11.363636
211 0.000098 0.004410 300.000000 10.416667
211 0.000096 0.006276 400.000000 10.723861
212 0.000089 0.007822 100.000000 10.989011
212 0.000068 0.009044 200.000000 11.363636
212 0.000094 0.003986 300.000000 10.416667
212 0.000093 0.005654 400.000000 10.752688
213 0.000098 0.008470 100.000000 11.111111
213 0.000072 0.009670 200.000000 11.428572
213 0.000096 0.004571 300.000000 10.452962
213 0.000091 0.006060 400.000000 10.752688
214 0.000078 0.007989 100.000000 11.111111
214 0.000065 0.009016 200.000000 11.428572
214 0.000096 0.003842 300.000000 10.452962
214 0.000089 0.005454 400.000000 10.781672
215 0.000067 0.007443 100.000000 11.235955
215 0.000059 0.008328 200.000000 11.494253
215 0.000093 0.003227 300.000000 10.489511
215 0.000087 0.005063 400.000000 10.781672
216 0.000075 0.007490 100.000000 11.363636
216 0.000057 0.008905 200.000000 11.494253
216 0.000090 0.003842 300.000000 10.526316
216 0.000084 0.005145 400.000000 10.810811
217 0.000084 0.008180 100.000000 11.363636
217 0.000065 0.009623 200.000000 11.560694
217 0.000099 0.004274 300.000000 10.526316
217 0.000075 0.005997 400.000000 10.810811
218 0.000091 0.008006 100.000000 11.494253
218 0.000067 0.010102 200.000000 11.560694
218 0.000097 0.004860 300.000000 10.526316
218 0.000086 0.006073 400.000000 10.810811
219 0.000072 0.007014 100.000000 11.494253
219 0.000056 0.008732 200.000000 11.560694
219 0.000094 0.003538 300.000000 10.526316
219 0.000079 0.005189 400.000000 10.810811
220 0.000069 0.007017 100.000000 11.494253
220 0.000060 0.008732 200.000000 11.627907
220 0.000098 0.003362 300.000000 10.563380
220 0.000082 0.005482 400.000000 10.840109
221 0.000055 0.006155 100.000000 11.627907
221 0.000053 0.007877 200.000000 11.627907
221 0.000094 0.002657 300.000000 10.563380
221 0.000080 0.005117 400.000000 10.840109
222 0.000066 0.006292 100.000000 11.627907
222 0.000052 0.008135 200.000000 11.627907
222 0.000090 0.003135 300.000000 10.600707
222 0.000065 0.005084 400.000000 10.840109
223 0.000061 0.006291 100.000000 11.764706
223 0.000049 0.007996 200.000000 11.695907
223 0.000090 0.003175 300.000000 10.600707
223 0.000064 0.004942 400.000000 10.869565
224 0.000060 0.006507 100.000000 11.904762
224 0.000044 0.007914 200.000000 11.695907
224 0.000089 0.003218 300.000000 10.638298
224 0.000061 0.004875 400.000000 10.869565
225 0.000061 0.006938 100.000000 11.904762
225 0.000041 0.007764 200.000000 11.764706
225 0.000087 0.003224 300.000000 10.638298
225 0.000073 0.004691 400.000000 10.869565
226 0.000066 0.006686 100.000000 12.048193
226 0.000042 0.008156 200.000000 11.764706
226 0.000085 0.003750 300.000000 10.676157
226 0.000067 0.004891 400.000000 10.869565
227 0.000061 0.006957 100.000000 12.048193
227 0.000036 0.008003 200.000000 11.764706
227 0.000081 0.003922 300.000000 10.676157
227 0.000064 0.004726 400.000000 10.869565
228 0.000066 0.007119 100.000000 12.048193
228 0.000034 0.008157 200.000000 11.834319
228 0.000079 0.004248 300.000000 10.714286
228 0.000062 0.004788 400.000000 10.899182
229 0.000068 0.006895 100.000000 12.048193
229 0.000035 0.008038 200.000000 11.834319
229 0.000082 0.004199 300.000000 10.714286
229 0.000067 0.004779 400.000000 10.899182
230 0.000071 0.006876 100.000000 12.195122
230 0.000041 0.008242 200.000000 11.834319
230 0.000082 0.004247 300.000000 10.752688
230 0.000060 0.004886 400.000000 10.899182
231 0.000061 0.006991 100.000000 12.195122
231 0.000037 0.007663 200.000000 11.904762
231 0.000082 0.003930 300.000000 10.752688
231 0.000066 0.004750 400.000000 10.869565
232 0.000065 0.007028 100.000000 12.195122
232 0.000042 0.007529 200.000000 11.904762
232 0.000081 0.003888 300.000000 10.752688
232 0.000066 0.004719 400.000000 10.869565
233 0.000072 0.007062 100.000000 12.195122
233 0.000042 0.007315 200.000000 11.904762
233 0.000082 0.003762 300.000000 10.791367
233 0.000068 0.004696 400.000000 10.869565
234 0.000069 0.007039 100.000000 12.345679
234 0.000041 0.007306 200.000000 11.976048
234 0.000079 0.003931 300.000000 10.791367
234 0.000066 0.004675 400.000000 10.869565
235 0.000064 0.007211 100.000000 12.345679
235 0.000045 0.007167 200.000000 11.976048
235 0.000081 0.003689 300.000000 10.830325
235 0.000064 0.004680 400.000000 10.869565
236 0.000065 0.007698 100.000000 12.345679
236 0.000043 0.007456 200.000000 11.976048
236 0.000077 0.004301 300.000000 10.830325
236 0.000061 0.004800 400.000000 10.840109
237 0.000062 0.008045 100.000000 12.345679
237 0.000034 0.006804 200.000000 11.976048
237 0.000077 0.004309 300.000000 10.830325
237 0.000064 0.004737 400.000000 10.840109
238 0.000059 0.008692 100.000000 12.345679
238 0.000023 0.007326 200.000000 11.976048
238 0.000071 0.004931 300.000000 10.830325
238 0.000062 0.004888 400.000000 10.840109
239 0.000057 0.008480 100.000000 12.500000
239 0.000021 0.006688 200.000000 12.048193
239 0.000074 0.004590 300.000000 10.869565
239 0.000064 0.004852 400.000000 10.840109
240 0.000056 0.008680 100.000000 12.500000
240 0.000016 0.005900 200.000000 12.048193
240 0.000083 0.004761 300.000000 10.869565
240 0.000065 0.005012 400.000000 10.840109
241 0.000064 0.008915 100.000000 12.500000
241 0.000018 0.005526 200.000000 12.048193
241 0.000083 0.005143 300.000000 10.869565
241 0.000067 0.005246 400.000000 10.869565
242 0.000065 0.009314 100.000000 12.500000
242 0.000012 0.005954 200.000000 12.048193
242 0.000081 0.005285 300.000000 10.909091
242 0.000068 0.005276 400.000000 10.869565
243 0.000067 0.009903 100.000000 12.500000
243 0.000017 0.006047 200.000000 12.048193
243 0.000084 0.005793 300.000000 10.909091
243 0.000069 0.005519 400.000000 10.869565
244 0.000065 0.009988 100.000000 12.658228
244 0.000016 0.006063 200.000000 12.048193
244 0.000091 0.005869 300.000000 10.909091
244 0.000069 0.005559 400.000000 10.899182
245 0.000061 0.010086 100.000000 12.658228
245 0.000006 0.006846 200.000000 12.048193
245 0.000092 0.005746 300.000000 10.909091
245 0.000067 0.005569 400.000000 10.899182
246 0.000054 0.010343 100.000000 12.658228
246 0.000011 0.006826 200.000000 12.048193
246 0.000092 0.006074 300.000000 10.909091
246 0.000067 0.005695 400.000000 10.928962
247 0.000061 0.010403 100.000000 12.820513
247 0.000010 0.007657 200.000000 12.121212
247 0.000088 0.005812 300.000000 10.948905
247 0.000066 0.005654 400.000000 10.899182
248 0.000055 0.010683 100.000000 12.820513
248 0.000009 0.007903 200.000000 12.121212
248 0.000085 0.006113 300.000000 10.948905
248 0.000065 0.005788 400.000000 10.899182
249 0.000055 0.010672 100.000000 12.820513
249 0.000008 0.007751 200.000000 12.195122
249 0.000084 0.006146 300.000000 10.948905
249 0.000065 0.005826 400.000000 10.899182
250 0.000059 0.010184 100.000000 12.820513
250 0.000009 0.007361 200.000000 12.121212
250 0.000083 0.006015 300.000000 10.909091
250 0.000066 0.005963 400.000000 10.840109
251 0.000047 0.010504 100.000000 12.658228
251 0.000009 0.007885 200.000000 12.048193
251 0.000088 0.006412 300.000000 10.869565
251 0.000065 0.006221 400.000000 10.810811
252 0.000046 0.010357 100.000000 12.345679
252 0.000020 0.007896 200.000000 11.904762
252 0.000089 0.006244 300.000000 10.869565
252 0.000064 0.006147 400.000000 10.752688
253 0.000059 0.010053 100.000000 12.195122
253 0.000020 0.007736 200.000000 11.834319
253 0.000078 0.005978 300.000000 10.830325
253 0.000065 0.006039 400.000000 10.723861
254 0.000067 0.009640 100.000000 12.048193
254 0.000015 0.007568 200.000000 11.764706
254 0.000083 0.005515 300.000000 10.791367
254 0.000063 0.005970 400.000000 10.666667
255 0.000088 0.009588 100.000000 12.048193
255 0.000021 0.008257 200.000000 11.764706
255 0.000080 0.005295 300.000000 10.791367
255 0.000063 0.006090 400.000000 10.666667
256 0.000072 0.009334 100.000000 12.048193
256 0.000017 0.007719 200.000000 11.764706
256 0.000082 0.005358 300.000000 10.791367
256 0.000059 0.006087 400.000000 10.666667
257 0.000060 0.009524 100.000000 11.904762
257 0.000020 0.007273 200.000000 11.764706
257 0.000083 0.005322 300.000000 10.791367
257 0.000062 0.005879 400.000000 10.638298
258 0.000054 0.008592 100.000000 11.904762
258 0.000028 0.005847 200.000000 11.695907
258 0.000085 0.005154 300.000000 10.791367
258 0.000066 0.005621 400.000000 10.638298
259 0.000043 0.008451 100.000000 11.904762
259 0.000030 0.005656 200.000000 11.695907
259 0.000086 0.005304 300.000000 10.791367
259 0.000067 0.005637 400.000000 10.638298
260 0.000041 0.008613 100.000000 11.904762
260 0.000029 0.006076 200.000000 11.695907
260 0.000084 0.004844 300.000000 10.830325
260 0.000067 0.005654 400.000000 10.638298
261 0.000059 0.008367 100.000000 11.904762
261 0.000031 0.005698 200.000000 11.627907
261 0.000091 0.003935 300.000000 10.830325
261 0.000067 0.005373 400.000000 10.638298
262 0.000056 0.008030 100.000000 11.904762
262 0.000028 0.004953 200.000000 11.627907
262 0.000098 0.004390 300.000000 10.830325
262 0.000069 0.005336 400.000000 10.610080
263 0.000056 0.008107 100.000000 11.904762
263 0.000028 0.005122 200.000000 11.560694
263 0.000098 0.004182 300.000000 10.830325
263 0.000070 0.005300 400.000000 10.638298
264 0.000082 0.007951 100.000000 11.904762
264 0.000028 0.004728 200.000000 11.560694
264 0.000098 0.004527 300.000000 10.830325
264 0.000071 0.005298 400.000000 10.638298
265 0.000091 0.007725 100.000000 11.904762
265 0.000031 0.004602 200.000000 11.494253
265 0.000099 0.004380 300.000000 10.830325
265 0.000074 0.005208 400.000000 10.638298
266 0.000099 0.007527 100.000000 11.904762
266 0.000061 0.004398 200.000000 11.428572
266 0.000099 0.004564 300.000000 10.830325
266 0.000075 0.005170 400.000000 10.610080
267 0.000094 0.007537 100.000000 11.904762
267 0.000065 0.004814 200.000000 11.428572
267 0.000098 0.004104 300.000000 10.830325
267 0.000079 0.005152 400.000000 10.582010
268 0.000089 0.007427 100.000000 11.904762
268 0.000245 0.006537 200.000000 11.363636
268 0.000098 0.003888 300.000000 10.830325
268 0.000079 0.005165 400.000000 10.582010
269 0.000066 0.006984 100.000000 11.904762
269 0.000207 0.006590 200.000000 11.299435
269 0.000098 0.003845 300.000000 10.830325
269 0.000085 0.005140 400.000000 10.554090
270 0.000077 0.007276 100.000000 11.904762
270 0.000206 0.006305 200.000000 11.235955
270 0.000098 0.003684 300.000000 10.830325
270 0.000082 0.005103 400.000000 10.554090
271 0.000085 0.007631 100.000000 11.904762
271 0.000213 0.005824 200.000000 11.111111
271 0.000099 0.003323 300.000000 10.830325
271 0.000086 0.005224 400.000000 10.554090
272 0.000094 0.007514 100.000000 11.764706
272 0.000088 0.004318 200.000000 10.989011
272 0.000101 0.003421 300.000000 10.830325
272 0.000093 0.005128 400.000000 10.526316
273 0.000103 0.007850 100.000000 11.764706
273 0.000086 0.004580 200.000000 10.928962
273 0.000100 0.003355 300.000000 10.869565
273 0.000097 0.005060 400.000000 10.526316
274 0.000105 0.007614 100.000000 11.764706
274 0.000089 0.004327 200.000000 10.928962
274 0.000101 0.003396 300.000000 10.869565
274 0.000105 0.004993 400.000000 10.498688
275 0.000103 0.007302 100.000000 11.764706
275 0.000087 0.004146 200.000000 10.928962
275 0.000104 0.003379 300.000000 10.869565
275 0.000111 0.005019 400.000000 10.471204
276 0.000095 0.006850 100.000000 11.764706
276 0.000088 0.004578 200.000000 10.869565
276 0.000101 0.003602 300.000000 10.869565
276 0.000112 0.004949 400.000000 10.471204
277 0.000094 0.007161 100.000000 11.764706
277 0.000083 0.004778 200.000000 10.869565
277 0.000101 0.003296 300.000000 10.869565
277 0.000114 0.005065 400.000000 10.443864
278 0.000105 0.006876 100.000000 11.764706
278 0.000086 0.004864 200.000000 10.869565
278 0.000104 0.003616 300.000000 10.869565
278 0.000113 0.004935 400.000000 10.416667
279 0.000092 0.006122 100.000000 11.764706
279 0.000090 0.004903 200.000000 10.869565
279 0.000106 0.003946 300.000000 10.869565
279 0.000113 0.004826 400.000000 10.389610
280 0.000072 0.005927 100.000000 11.764706
280 0.000085 0.004860 200.000000 10.869565
280 0.000104 0.003953 300.000000 10.869565
280 0.000111 0.004838 400.000000 10.389610
281 0.000061 0.004978 100.000000 11.627907
281 0.000090 0.005277 200.000000 10.869565
281 0.000109 0.004138 300.000000 10.830325
281 0.000106 0.004887 400.000000 10.309278
282 0.000044 0.005058 100.000000 11.627907
282 0.000084 0.005504 200.000000 10.752688
282 0.000106 0.004010 300.000000 10.791367
282 0.000100 0.005066 400.000000 10.282776
283 0.000032 0.004952 100.000000 11.627907
283 0.000075 0.005851 200.000000 10.695188
283 0.000103 0.004080 300.000000 10.791367
283 0.000093 0.005221 400.000000 10.230179
284 0.000032 0.005066 100.000000 11.627907
284 0.000070 0.005461 200.000000 10.638298
284 0.000099 0.004051 300.000000 10.752688
284 0.000090 0.005306 400.000000 10.178117
285 0.000031 0.004935 100.000000 11.627907
285 0.000073 0.005337 200.000000 10.526316
285 0.000104 0.004164 300.000000 10.752688
285 0.000090 0.005303 400.000000 10.101010
286 0.000031 0.004981 100.000000 11.627907
286 0.000069 0.005511 200.000000 10.471204
286 0.000104 0.004274 300.000000 10.752688
286 0.000086 0.005334 400.000000 10.025063
287 0.000024 0.005460 100.000000 11.627907
287 0.000062 0.005405 200.000000 10.416667
287 0.000104 0.003856 300.000000 10.714286
287 0.000085 0.005707 400.000000 9.950249
288 0.000033 0.004612 100.000000 11.627907
288 0.000085 0.005908 200.000000 10.362695
288 0.000109 0.004468 300.000000 10.676157
288 0.000084 0.005530 400.000000 9.876543
289 0.000027 0.005481 100.000000 11.627907
289 0.000089 0.005087 200.000000 10.362695
289 0.000110 0.003992 300.000000 10.676157
289 0.000091 0.005749 400.000000 9.828010
290 0.000033 0.005626 100.000000 11.627907
290 0.000089 0.004492 200.000000 10.309278
290 0.000110 0.004069 300.000000 10.638298
290 0.000095 0.005837 400.000000 9.779951
291 0.000041 0.005600 100.000000 11.627907
291 0.000106 0.004785 200.000000 10.256411
291 0.000111 0.003834 300.000000 10.638298
291 0.000086 0.005648 400.000000 9.732360
292 0.000040 0.005371 100.000000 11.627907
292 0.000099 0.004848 200.000000 10.256411
292 0.000116 0.003920 300.000000 10.638298
292 0.000080 0.005418 400.000000 9.685230
293 0.000041 0.005016 100.000000 11.627907
293 0.000106 0.004999 200.000000 10.204082
293 0.000111 0.004040 300.000000 10.638298
293 0.000080 0.005272 400.000000 9.661836
294 0.000038 0.004591 100.000000 11.627907
294 0.000105 0.005426 200.000000 10.204082
294 0.000112 0.004326 300.000000 10.638298
294 0.000083 0.005037 400.000000 9.638555
295 0.000037 0.004437 100.000000 11.764706
295 0.000104 0.005334 200.000000 10.204082
295 0.000112 0.004317 300.000000 10.638298
295 0.000087 0.005073 400.000000 9.592326
296 0.000041 0.003332 100.000000 11.764706
296 0.000113 0.005687 200.000000 10.152285
296 0.000116 0.005195 300.000000 10.638298
297 0.000052 0.003999 100.000000 11.764706
297 0.000114 0.004809 200.000000 10.152285
297 0.000115 0.005238 300.000000 10.638298
298 0.000055 0.003083 100.000000 11.904762
298 0.000129 0.005519 200.000000 10.152285
298 0.000119 0.006021 300.000000 10.638298
299 0.000066 0.003534 100.000000 11.764706
299 0.000126 0.004965 200.000000 10.152285
299 0.000117 0.006097 300.000000 10.638298
300 0.000075 0.003742 100.000000 11.627907
300 0.000136 0.005215 200.000000 10.101010
300 0.000125 0.006661 300.000000 10.638298
301 0.000075 0.004652 100.000000 11.627907
301 0.000133 0.004370 200.000000 10.050251
301 0.000124 0.006552 300.000000 10.600707
302 0.000074 0.004856 100.000000 11.494253
302 0.000138 0.004260 200.000000 10.050251
302 0.000121 0.006540 300.000000 10.600707
303 0.000077 0.005913 100.000000 11.494253
303 0.000143 0.003544 200.000000 10.050251
303 0.000104 0.006859 300.000000 10.563380
304 0.000077 0.005890 100.000000 11.494253
304 0.000142 0.003268 200.000000 10.050251
304 0.000118 0.006388 300.000000 10.563380
305 0.000062 0.005652 100.000000 11.494253
305 0.000136 0.003215 200.000000 10.050251
305 0.000106 0.005604 300.000000 10.563380
306 0.000070 0.006546 100.000000 11.363636
306 0.000134 0.002307 200.000000 10.050251
306 0.000092 0.005744 300.000000 10.526316
307 0.000060 0.006775 100.000000 11.363636
307 0.000130 0.002487 200.000000 10.050251
307 0.000086 0.005149 300.000000 10.526316
308 0.000053 0.005282 100.000000 11.363636
308 0.000133 0.003459 200.000000 10.050251
308 0.000098 0.005183 300.000000 10.489511
309 0.000063 0.006510 100.000000 11.363636
309 0.000124 0.003067 200.000000 10.050251
309 0.000091 0.004579 300.000000 10.489511
310 0.000060 0.005599 100.000000 11.363636
310 0.000126 0.003971 200.000000 10.050251
310 0.000096 0.004394 300.000000 10.489511
311 0.000078 0.005665 100.000000 11.363636
311 0.000125 0.004150 200.000000 10.050251
311 0.000090 0.004386 300.000000 10.452962
312 0.000073 0.005180 100.000000 11.363636
312 0.000120 0.005257 200.000000 10.101010
312 0.000090 0.004379 300.000000 10.452962
313 0.000083 0.004866 100.000000 11.363636
313 0.000121 0.004930 200.000000 10.101010
313 0.000092 0.004316 300.000000 10.416667
314 0.000098 0.004632 100.000000 11.363636
314 0.000115 0.005849 200.000000 10.101010
314 0.000089 0.004366 300.000000 10.416667
315 0.000082 0.005314 100.000000 11.494253
315 0.000110 0.006516 200.000000 10.101010
315 0.000082 0.004616 300.000000 10.380623
316 0.000077 0.005391 100.000000 11.494253
316 0.000106 0.007272 200.000000 10.101010
316 0.000081 0.004920 300.000000 10.344828
317 0.000078 0.004891 100.000000 11.494253
317 0.000107 0.007559 200.000000 10.152285
317 0.000084 0.005022 300.000000 10.344828
318 0.000061 0.005436 100.000000 11.494253
318 0.000100 0.008009 200.000000 10.152285
318 0.000081 0.005265 300.000000 10.344828
319 0.000060 0.005733 100.000000 11.494253
319 0.000106 0.008489 200.000000 10.152285
319 0.000077 0.005516 300.000000 10.344828
320 0.000053 0.005552 100.000000 11.363636
320 0.000104 0.008734 200.000000 10.152285
320 0.000082 0.005684 300.000000 10.344828
321 0.000054 0.006174 100.000000 11.363636
321 0.000105 0.009265 200.000000 10.152285
321 0.000082 0.005978 300.000000 10.344828
322 0.000060 0.006297 100.000000 11.363636
322 0.000115 0.009542 200.000000 10.152285
322 0.000082 0.006144 300.000000 10.380623
323 0.000046 0.008303 100.000000 11.363636
323 0.000119 0.010571 200.000000 10.152285
323 0.000075 0.006906 300.000000 10.380623
324 0.000046 0.008195 100.000000 11.235955
324 0.000119 0.010440 200.000000 10.101010
324 0.000078 0.006870 300.000000 10.344828
325 0.000042 0.007220 100.000000 11.363636
325 0.000120 0.010068 200.000000 10.101010
325 0.000081 0.006627 300.000000 10.344828
326 0.000051 0.007210 100.000000 11.363636
326 0.000121 0.010375 200.000000 10.101010
326 0.000081 0.006888 300.000000 10.309278
327 0.000058 0.006771 100.000000 11.235955
327 0.000124 0.010313 200.000000 10.101010
327 0.000084 0.006944 300.000000 10.273973
328 0.000053 0.007128 100.000000 11.235955
328 0.000132 0.010436 200.000000 10.101010
328 0.000085 0.007062 300.000000 10.273973
329 0.000057 0.007052 100.000000 11.235955
329 0.000135 0.010086 200.000000 10.101010
329 0.000085 0.006867 300.000000 10.273973
330 0.000056 0.006921 100.000000 11.235955
330 0.000136 0.009756 200.000000 10.101010
330 0.000084 0.006695 300.000000 10.273973
331 0.000052 0.007280 100.000000 11.363636
331 0.000134 0.009901 200.000000 10.152285
331 0.000081 0.006753 300.000000 10.238908
332 0.000058 0.006689 100.000000 11.363636
332 0.000127 0.009745 200.000000 10.152285
332 0.000082 0.006679 300.000000 10.238908
333 0.000065 0.006506 100.000000 11.363636
333 0.000121 0.009890 200.000000 10.152285
333 0.000085 0.006739 300.000000 10.238908
334 0.000064 0.007616 100.000000 11.363636
334 0.000118 0.010550 200.000000 10.152285
334 0.000083 0.007116 300.000000 10.238908
335 0.000062 0.008072 100.000000 11.363636
335 0.000116 0.010728 200.000000 10.204082
335 0.000080 0.007265 300.000000 10.238908
336 0.000065 0.008581 100.000000 11.363636
336 0.000119 0.010931 200.000000 10.204082
336 0.000076 0.007421 300.000000 10.238908
337 0.000061 0.009840 100.000000 11.363636
337 0.000114 0.011421 200.000000 10.204082
337 0.000073 0.007745 300.000000 10.238908
338 0.000055 0.009137 100.000000 11.363636
338 0.000119 0.010917 200.000000 10.204082
338 0.000072 0.007527 300.000000 10.204082
339 0.000055 0.009093 100.000000 11.363636
339 0.000117 0.010622 200.000000 10.204082
339 0.000073 0.007394 300.000000 10.204082
340 0.000068 0.008200 100.000000 11.235955
340 0.000113 0.010408 200.000000 10.204082
340 0.000076 0.007286 300.000000 10.204082
341 0.000066 0.008461 100.000000 11.235955
341 0.000111 0.010322 200.000000 10.256411
341 0.000075 0.007259 300.000000 10.238908
342 0.000059 0.007788 100.000000 11.235955
342 0.000115 0.009947 200.000000 10.256411
342 0.000078 0.007107 300.000000 10.204082
343 0.000072 0.007035 100.000000 11.235955
343 0.000119 0.008964 200.000000 10.256411
343 0.000076 0.006866 300.000000 10.204082
344 0.000079 0.005619 100.000000 11.111111
344 0.000131 0.008309 200.000000 10.256411
344 0.000081 0.006733 300.000000 10.204082
345 0.000098 0.003661 100.000000 11.111111
345 0.000138 0.007386 200.000000 10.256411
345 0.000088 0.006581 300.000000 10.204082
346 0.000078 0.003930 100.000000 10.989011
346 0.000134 0.007386 200.000000 10.256411
346 0.000087 0.006588 300.000000 10.204082
347 0.000105 0.002315 100.000000 10.989011
347 0.000141 0.006479 200.000000 10.256411
347 0.000095 0.006874 300.000000 10.204082
348 0.000147 0.002778 100.000000 10.869565
348 0.000139 0.005974 200.000000 10.309278
348 0.000095 0.007150 300.000000 10.204082
349 0.000214 0.003522 100.000000 10.752688
349 0.000136 0.005767 200.000000 10.309278
349 0.000097 0.007278 300.000000 10.169492
350 0.000241 0.006068 100.000000 10.752688
350 0.000139 0.005474 200.000000 10.309278
350 0.000098 0.007357 300.000000 10.169492
351 0.000528 0.012197 100.000000 10.752688
351 0.000146 0.005342 200.000000 10.309278
351 0.000108 0.007196 300.000000 10.135135
352 0.000432 0.013107 100.000000 10.638298
352 0.000145 0.005756 200.000000 10.309278
352 0.000108 0.006756 300.000000 10.135135
353 0.000435 0.012313 100.000000 10.416667
353 0.000146 0.005423 200.000000 10.309278
353 0.000109 0.007085 300.000000 10.101010
354 0.000453 0.011239 100.000000 10.309278
354 0.000151 0.005000 200.000000 10.309278
354 0.000112 0.007353 300.000000 10.135135
355 0.000171 0.011829 100.000000 10.101010
355 0.000151 0.004805 200.000000 10.362695
355 0.000117 0.007539 300.000000 10.101010
356 0.000170 0.011893 100.000000 10.101010
356 0.000151 0.004830 200.000000 10.362695
356 0.000122 0.007567 300.000000 10.101010
357 0.000175 0.012369 100.000000 10.000000
357 0.000152 0.004922 200.000000 10.362695
357 0.000130 0.007540 300.000000 10.067114
358 0.000172 0.012100 100.000000 10.000000
358 0.000158 0.004750 200.000000 10.362695
358 0.000136 0.007708 300.000000 10.067114
359 0.000180 0.012716 100.000000 10.000000
359 0.000153 0.004940 200.000000 10.362695
359 0.000138 0.007678 300.000000 10.033444
360 0.000180 0.013025 100.000000 10.000000
360 0.000159 0.005053 200.000000 10.362695
360 0.000142 0.007540 300.000000 10.033444
361 0.000187 0.013069 100.000000 10.000000
361 0.000165 0.005122 200.000000 10.362695
361 0.000145 0.007581 300.000000 10.000000
362 0.000183 0.013217 100.000000 10.000000
362 0.000162 0.004923 200.000000 10.416667
362 0.000142 0.007848 300.000000 10.000000
363 0.000178 0.013531 100.000000 10.000000
363 0.000158 0.005278 200.000000 10.416667
363 0.000141 0.007431 300.000000 9.966778
364 0.000157 0.013682 100.000000 10.000000
364 0.000152 0.005722 200.000000 10.416667
364 0.000138 0.007004 300.000000 9.933775
365 0.000162 0.014535 100.000000 10.000000
365 0.000156 0.006078 200.000000 10.362695
365 0.000133 0.006701 300.000000 9.900990
366 0.000152 0.013601 100.000000 9.900990
366 0.000156 0.005670 200.000000 10.362695
366 0.000130 0.007183 300.000000 9.868421
367 0.000156 0.014864 100.000000 9.803922
367 0.000151 0.006830 200.000000 10.309278
367 0.000121 0.006554 300.000000 9.803922
368 0.000125 0.014569 100.000000 9.615385
368 0.000143 0.006881 200.000000 10.256411
368 0.000117 0.006539 300.000000 9.740260
369 0.000129 0.014365 100.000000 9.523809
369 0.000152 0.006989 200.000000 10.256411
369 0.000114 0.006575 300.000000 9.677420
370 0.000131 0.014056 100.000000 9.433962
370 0.000157 0.007086 200.000000 10.256411
370 0.000120 0.006709 300.000000 9.584664
371 0.000122 0.013832 100.000000 9.433962
371 0.000157 0.006931 200.000000 10.256411
371 0.000115 0.006896 300.000000 9.493670
372 0.000126 0.014039 100.000000 9.345795
372 0.000160 0.007071 200.000000 10.256411
372 0.000115 0.006978 300.000000 9.404388
373 0.000167 0.014008 100.000000 9.259259
373 0.000165 0.007000 200.000000 10.204082
373 0.000110 0.007291 300.000000 9.345795
374 0.000178 0.013664 100.000000 9.174312
374 0.000169 0.007130 200.000000 10.152285
374 0.000119 0.007224 300.000000 9.287926
375 0.000196 0.014939 100.000000 9.090909
375 0.000170 0.008560 200.000000 10.101010
375 0.000120 0.006321 300.000000 9.230769
376 0.000223 0.015745 100.000000 9.090909
376 0.000178 0.009134 200.000000 10.101010
376 0.000112 0.005877 300.000000 9.146341
377 0.000210 0.015583 100.000000 9.009009
377 0.000167 0.008418 200.000000 10.101010
377 0.000104 0.006046 300.000000 9.118541
378 0.000204 0.016242 100.000000 8.928572
378 0.000166 0.009125 200.000000 10.101010
378 0.000106 0.005606 300.000000 9.063444
379 0.000199 0.016270 100.000000 8.849558
379 0.000163 0.009040 200.000000 10.101010
379 0.000109 0.005665 300.000000 9.009009
380 0.000198 0.016562 100.000000 8.849558
380 0.000158 0.009166 200.000000 10.050251
381 0.000210 0.016054 100.000000 8.771930
381 0.000157 0.008466 200.000000 10.050251
382 0.000197 0.015840 100.000000 8.771930
382 0.000150 0.008224 200.000000 10.050251
383 0.000201 0.016008 100.000000 8.771930
383 0.000159 0.008103 200.000000 10.050251
384 0.000203 0.015600 100.000000 8.771930
384 0.000156 0.007690 200.000000 10.101010
385 0.000199 0.015848 100.000000 8.771930
385 0.000155 0.008109 200.000000 10.101010
386 0.000197 0.014998 100.000000 8.771930
386 0.000155 0.007808 200.000000 10.101010
387 0.000196 0.015117 100.000000 8.849558
387 0.000150 0.008106 200.000000 10.101010
388 0.000208 0.015327 100.000000 8.849558
388 0.000150 0.008291 200.000000 10.101010
389 0.000214 0.014693 100.000000 8.849558
389 0.000127 0.007781 200.000000 10.101010
390 0.000217 0.015039 100.000000 8.849558
390 0.000146 0.008111 200.000000 10.101010
391 0.000219 0.014815 100.000000 8.849558
391 0.000136 0.007931 200.000000 10.101010
392 0.000210 0.014345 100.000000 8.849558
392 0.000132 0.007623 200.000000 10.101010
393 0.000216 0.014499 100.000000 8.849558
393 0.000117 0.007906 200.000000 10.101010
394 0.000213 0.013851 100.000000 8.849558
394 0.000129 0.007389 200.000000 10.050251
395 0.000215 0.013962 100.000000 8.849558
395 0.000122 0.007658 200.000000 10.000000
396 0.000214 0.014286 100.000000 8.928572
396 0.000128 0.008137 200.000000 10.000000
397 0.000232 0.014616 100.000000 8.928572
397 0.000117 0.009014 200.000000 10.000000
398 0.000240 0.015050 100.000000 8.928572
398 0.000130 0.009833 200.000000 9.950249
399 0.000242 0.015829 100.000000 8.928572
399 0.000133 0.010544 200.000000 9.900990
400 0.000243 0.015867 100.000000 8.928572
400 0.000133 0.010437 200.000000 9.900990
401 0.000248 0.016527 100.000000 8.928572
401 0.000127 0.011292 200.000000 9.852217
402 0.000246 0.016543 100.000000 8.928572
402 0.000129 0.011151 200.000000 9.803922
403 0.000231 0.016262 100.000000 8.928572
403 0.000128 0.010646 200.000000 9.803922
404 0.000221 0.015148 100.000000 9.009009
404 0.000123 0.009614 200.000000 9.803922
405 0.000241 0.015542 100.000000 9.009009
405 0.000123 0.009723 200.000000 9.803922
406 0.000227 0.015242 100.000000 9.009009
406 0.000124 0.009328 200.000000 9.803922
407 0.000227 0.014728 100.000000 9.009009
407 0.000124 0.008462 200.000000 9.852217
408 0.000240 0.014437 100.000000 9.009009
408 0.000124 0.008251 200.000000 9.852217
409 0.000264 0.014700 100.000000 9.009009
409 0.000127 0.008583 200.000000 9.852217
410 0.000257 0.014550 100.000000 9.009009
410 0.000124 0.008179 200.000000 9.900990
411 0.000260 0.014857 100.000000 9.090909
411 0.000129 0.008443 200.000000 9.852217
412 0.000246 0.014863 100.000000 9.009009
412 0.000125 0.008234 200.000000 9.803922
413 0.000238 0.014168 100.000000 9.009009
413 0.000123 0.007905 200.000000 9.803922
414 0.000239 0.014275 100.000000 9.009009
414 0.000127 0.008300 200.000000 9.756098
415 0.000259 0.014780 100.000000 9.009009
415 0.000131 0.008645 200.000000 9.756098
416 0.000262 0.014477 100.000000 9.009009
416 0.000128 0.008344 200.000000 9.756098
417 0.000267 0.015099 100.000000 9.090909
417 0.000129 0.008848 200.000000 9.756098
418 0.000274 0.015729 100.000000 9.090909
418 0.000128 0.009202 200.000000 9.708738
419 0.000255 0.015607 100.000000 9.090909
419 0.000125 0.009175 200.000000 9.708738
420 0.000241 0.015783 100.000000 9.090909
420 0.000129 0.009389 200.000000 9.708738
421 0.000241 0.015707 100.000000 9.090909
421 0.000128 0.009335 200.000000 9.708738
422 0.000246 0.015270 100.000000 9.090909
422 0.000126 0.009060 200.000000 9.708738
423 0.000247 0.015520 100.000000 9.174312
423 0.000122 0.009175 200.000000 9.661836
424 0.000238 0.015288 100.000000 9.174312
424 0.000111 0.008799 200.000000 9.661836
425 0.000240 0.015049 100.000000 9.174312
425 0.000111 0.008602 200.000000 9.661836
426 0.000241 0.015683 100.000000 9.174312
426 0.000115 0.008798 200.000000 9.661836
427 0.000233 0.016247 100.000000 9.174312
427 0.000115 0.009086 200.000000 9.661836
428 0.000236 0.016665 100.000000 9.259259
428 0.000116 0.009278 200.000000 9.708738
429 0.000243 0.017132 100.000000 9.259259
429 0.000120 0.009475 200.000000 9.708738
430 0.000243 0.017005 100.000000 9.259259
430 0.000120 0.009212 200.000000 9.708738
431 0.000247 0.017568 100.000000 9.345795
431 0.000113 0.009441 200.000000 9.708738
432 0.000261 0.017246 100.000000 9.345795
432 0.000117 0.009354 200.000000 9.708738
433 0.000257 0.016898 100.000000 9.345795
433 0.000120 0.009457 200.000000 9.708738
434 0.000256 0.017112 100.000000 9.433962
434 0.000121 0.009772 200.000000 9.756098
435 0.000253 0.016997 100.000000 9.433962
435 0.000122 0.009643 200.000000 9.756098
436 0.000246 0.016291 100.000000 9.523809
436 0.000119 0.009402 200.000000 9.803922
437 0.000240 0.015979 100.000000 9.523809
437 0.000123 0.009504 200.000000 9.803922
438 0.000249 0.017243 100.000000 9.615385
438 0.000125 0.009943 200.000000 9.803922
439 0.000264 0.019508 100.000000 9.615385
439 0.000132 0.010452 200.000000 9.803922
440 0.000283 0.023875 100.000000 9.708738
440 0.000135 0.012625 200.000000 9.852217
441 0.000300 0.025005 100.000000 9.708738
441 0.000162 0.014127 200.000000 9.803922
442 0.000340 0.025755 100.000000 9.708738
442 0.000177 0.013906 200.000000 9.803922
443 0.000487 0.044032 100.000000 9.803922
443 0.000218 0.031058 200.000000 9.803922
444 0.000371 0.034413 100.000000 9.900990
444 0.000163 0.024140 200.000000 9.852217
445 0.000355 0.033435 100.000000 9.900990
445 0.000152 0.023560 200.000000 9.852217
446 0.000354 0.033178 100.000000 10.000000
446 0.000145 0.023329 200.000000 9.852217
447 0.000343 0.033098 100.000000 10.000000
447 0.000142 0.023045 200.000000 9.900990
448 0.000342 0.033054 100.000000 10.101010
448 0.000140 0.023030 200.000000 9.900990
449 0.000342 0.032784 100.000000 10.204082
449 0.000141 0.022659 200.000000 9.950249
450 0.000358 0.034133 100.000000 10.204082
450 0.000147 0.023539 200.000000 10.000000
451 0.000151 0.009096 100.000000 10.309278
451 0.000106 0.010722 200.000000 10.050251
452 0.000157 0.009002 100.000000 10.416667
452 0.000126 0.010184 200.000000 10.050251
453 0.000143 0.007025 100.000000 10.416667
453 0.000122 0.008206 200.000000 10.050251
454 0.000148 0.008011 100.000000 10.526316
454 0.000134 0.009039 200.000000 10.050251
455 0.000152 0.008320 100.000000 10.526316
455 0.000143 0.009161 200.000000 10.050251
456 0.000154 0.008191 100.000000 10.526316
456 0.000152 0.008928 200.000000 10.050251
457 0.000159 0.008307 100.000000 10.638298
457 0.000162 0.009235 200.000000 10.000000
458 0.000142 0.008163 100.000000 10.638298
458 0.000163 0.008786 200.000000 10.000000
459 0.000152 0.007427 100.000000 10.638298
459 0.000168 0.008315 200.000000 10.000000
460 0.000154 0.007273 100.000000 10.638298
460 0.000167 0.008076 200.000000 9.950249
461 0.000145 0.006256 100.000000 10.638298
461 0.000160 0.007126 200.000000 9.900990
462 0.000145 0.007821 100.000000 10.638298
462 0.000162 0.008141 200.000000 9.852217
463 0.000163 0.009440 100.000000 10.638298
463 0.000162 0.009620 200.000000 9.756098
464 0.000160 0.008052 100.000000 10.638298
464 0.000150 0.008267 200.000000 9.756098
465 0.000165 0.008736 100.000000 10.638298
465 0.000150 0.008767 200.000000 9.756098
466 0.000168 0.008459 100.000000 10.638298
466 0.000142 0.008866 200.000000 9.756098
467 0.000173 0.009070 100.000000 10.752688
467 0.000138 0.009455 200.000000 9.756098
468 0.000160 0.007672 100.000000 10.752688
468 0.000130 0.008787 200.000000 9.756098
469 0.000164 0.007565 100.000000 10.752688
469 0.000124 0.009162 200.000000 9.756098
470 0.000171 0.008190 100.000000 10.869565
470 0.000126 0.009776 200.000000 9.708738
471 0.000182 0.008902 100.000000 10.869565
471 0.000124 0.010665 200.000000 9.708738
472 0.000199 0.009015 100.000000 10.869565
472 0.000123 0.010750 200.000000 9.661836
473 0.000190 0.008419 100.000000 10.989011
473 0.000119 0.010018 200.000000 9.615385
474 0.000182 0.008070 100.000000 10.989011
474 0.000122 0.009543 200.000000 9.569378
475 0.000200 0.009267 100.000000 11.111111
475 0.000116 0.010865 200.000000 9.523809
476 0.000210 0.009370 100.000000 11.111111
476 0.000122 0.011329 200.000000 9.478673
477 0.000217 0.009285 100.000000 11.111111
477 0.000122 0.011257 200.000000 9.433962
478 0.000202 0.009027 100.000000 11.111111
478 0.000121 0.010971 200.000000 9.389671
479 0.000206 0.008522 100.000000 11.111111
479 0.000110 0.010415 200.000000 9.345795
480 0.000177 0.007105 100.000000 11.111111
480 0.000105 0.008671 200.000000 9.302325
481 0.000166 0.006550 100.000000 11.111111
481 0.000106 0.007927 200.000000 9.302325
482 0.000160 0.006674 100.000000 11.111111
482 0.000108 0.007974 200.000000 9.259259
483 0.000171 0.005831 100.000000 11.111111
483 0.000111 0.007797 200.000000 9.259259
484 0.000153 0.004538 100.000000 11.235955
484 0.000094 0.006429 200.000000 9.216590
485 0.000140 0.003489 100.000000 11.235955
485 0.000082 0.004890 200.000000 9.132421
486 0.000154 0.003813 100.000000 11.363636
486 0.000072 0.005523 200.000000 9.132421
487 0.000126 0.003029 100.000000 11.363636
487 0.000065 0.005150 200.000000 9.090909
488 0.000130 0.002755 100.000000 11.363636
488 0.000061 0.005329 200.000000 9.090909
489 0.000133 0.002447 100.000000 11.494253
489 0.000076 0.005412 200.000000 9.049774
490 0.000135 0.002063 100.000000 11.494253
490 0.000080 0.005408 200.000000 9.009009
491 0.000133 0.002438 100.000000 11.494253
492 0.000125 0.002578 100.000000 11.494253
493 0.000131 0.002631 100.000000 11.627907
494 0.000109 0.002821 100.000000 11.627907
495 0.000109 0.003075 100.000000 11.627907
496 0.000123 0.003658 100.000000 11.627907
497 0.000111 0.003826 100.000000 11.627907
498 0.000122 0.003578 100.000000 11.627907
499 0.000115 0.003833 100.000000 11.627907
500 0.000109 0.004375 100.000000 11.627907
501 0.000085 0.004663 100.000000 11.494253
502 0.000068 0.004555 100.000000 11.494253
503 0.000074 0.004695 100.000000 11.494253
504 0.000089 0.004483 100.000000 11.494253
505 0.000098 0.004317 100.000000 11.494253
506 0.000059 0.004556 100.000000 11.235955
507 0.000065 0.004659 100.000000 11.235955
508 0.000056 0.004677 100.000000 11.111111
509 0.000049 0.004780 100.000000 10.989011
510 0.000051 0.004481 100.000000 10.989011
511 0.000064 0.004822 100.000000 10.869565
512 0.000069 0.005071 100.000000 10.752688
513 0.000072 0.005209 100.000000 10.638298
514 0.000076 0.004762 100.000000 10.638298
515 0.000064 0.004439 100.000000 10.638298
516 0.000075 0.004356 100.000000 10.638298
517 0.000084 0.004283 100.000000 10.638298
518 0.000044 0.004010 100.000000 10.638298
519 0.000035 0.004348 100.000000 10.752688
520 0.000037 0.003980 100.000000 10.638298
521 0.000038 0.003194 100.000000 10.638298
522 0.000032 0.003411 100.000000 10.526316
523 0.000039 0.003622 100.000000 10.526316
524 0.000050 0.003381 100.000000 10.526316
525 0.000056 0.002876 100.000000 10.416667
526 0.000068 0.002705 100.000000 10.416667
527 0.000075 0.002092 100.000000 10.309278
528 0.000068 0.002698 100.000000 10.309278
529 0.000071 0.003029 100.000000 10.204082
530 0.000070 0.003243 100.000000 10.204082
531 0.000075 0.003303 100.000000 10.101010
532 0.000083 0.003455 100.000000 10.101010
533 0.000075 0.003432 100.000000 10.000000
534 0.000080 0.003776 100.000000 10.000000
535 0.000081 0.004539 100.000000 10.101010
536 0.000078 0.004642 100.000000 10.000000
537 0.000075 0.003814 100.000000 9.900990
538 0.000079 0.003317 100.000000 9.900990
539 0.000076 0.003263 100.000000 9.900990
540 0.000075 0.003490 100.000000 10.000000
541 0.000068 0.003266 100.000000 9.900990
542 0.000084 0.003674 100.000000 9.803922
543 0.000090 0.003639 100.000000 9.708738
544 0.000120 0.003601 100.000000 9.708738
545 0.000106 0.003773 100.000000 9.615385
546 0.000117 0.003476 100.000000 9.615385
547 0.000148 0.003327 100.000000 9.523809
548 0.000172 0.003289 100.000000 9.523809
549 0.000203 0.003377 100.000000 9.433962
550 0.000223 0.003230 100.000000 9.345795
551 0.000249 0.003082 100.000000 9.259259
552 0.000240 0.003446 100.000000 9.174312
553 0.000246 0.002819 100.000000 9.174312
554 0.000224 0.003527 100.000000 9.009009
555 0.000222 0.003218 100.000000 8.928572
556 0.000215 0.003371 100.000000 8.928572
557 0.000210 0.002434 100.000000 8.928572
558 0.000190 0.002194 100.000000 8.849558
559 0.000172 0.002424 100.000000 8.849558
560 0.000145 0.003124 100.000000 8.771930
561 0.000139 0.003602 100.000000 8.695652
562 0.000127 0.003996 100.000000 8.620689
563 0.000120 0.003790 100.000000 8.403361
564 0.000101 0.003732 100.000000 8.196721
565 0.000104 0.003461 100.000000 8.064516
566 0.000116 0.003409 100.000000 8.000000
567 0.000103 0.003564 100.000000 7.936508
568 0.000129 0.003451 100.000000 7.874016
569 0.000143 0.003700 100.000000 7.874016
570 0.000147 0.003858 100.000000 7.812500
571 0.000154 0.003749 100.000000 7.812500
572 0.000143 0.005222 100.000000 7.633588
573 0.000125 0.006849 100.000000 7.575758
574 0.000120 0.006548 100.000000 7.462687
575 0.000145 0.006958 100.000000 7.407407
576 0.000159 0.006920 100.000000 7.299270
