0 0.000164 0.007223 100.000000 23.809525
0 0.000111 0.003869 200.000000 25.316456
0 0.000063 0.002649 300.000000 26.785715
1 0.000118 0.005573 100.000000 23.809525
1 0.000098 0.002719 200.000000 25.000000
1 0.000056 0.001597 300.000000 26.785715
2 0.000121 0.006022 100.000000 23.809525
2 0.000106 0.002956 200.000000 25.000000
2 0.000056 0.001807 300.000000 26.785715
3 0.000129 0.005360 100.000000 23.809525
3 0.000098 0.002034 200.000000 25.000000
3 0.000054 0.001332 300.000000 26.785715
4 0.000139 0.004725 100.000000 23.809525
4 0.000105 0.001905 200.000000 25.000000
4 0.000054 0.001042 300.000000 26.785715
5 0.000130 0.004275 100.000000 23.809525
5 0.000108 0.001748 200.000000 25.000000
5 0.000057 0.001182 300.000000 26.785715
6 0.000109 0.003216 100.000000 23.809525
6 0.000089 0.001644 200.000000 25.000000
6 0.000054 0.001320 300.000000 27.027027
7 0.000087 0.003315 100.000000 23.809525
7 0.000086 0.001615 200.000000 25.000000
7 0.000051 0.001013 300.000000 27.027027
8 0.000090 0.002602 100.000000 23.809525
8 0.000082 0.001904 200.000000 25.316456
8 0.000050 0.001379 300.000000 27.027027
9 0.000085 0.002352 100.000000 24.390244
9 0.000079 0.001736 200.000000 25.641026
9 0.000049 0.001436 300.000000 27.272728
10 0.000079 0.001344 100.000000 24.390244
10 0.000071 0.001901 200.000000 25.641026
10 0.000048 0.002190 300.000000 27.272728
11 0.000090 0.001583 100.000000 24.390244
11 0.000069 0.001888 200.000000 25.641026
11 0.000047 0.001746 300.000000 27.272728
12 0.000098 0.001293 100.000000 24.390244
12 0.000067 0.002195 200.000000 25.974026
12 0.000046 0.001870 300.000000 27.522936
13 0.000097 0.000992 100.000000 25.000000
13 0.000069 0.001977 200.000000 26.315790
13 0.000049 0.001722 300.000000 27.522936
14 0.000099 0.001472 100.000000 25.000000
14 0.000072 0.001698 200.000000 26.666666
14 0.000050 0.001355 300.000000 27.777779
15 0.000105 0.001613 100.000000 25.641026
15 0.000068 0.001835 200.000000 26.666666
15 0.000051 0.001419 300.000000 28.037384
16 0.000099 0.001262 100.000000 25.641026
16 0.000066 0.001866 200.000000 27.027027
16 0.000052 0.001847 300.000000 28.037384
17 0.000083 0.002282 100.000000 25.641026
17 0.000065 0.001959 200.000000 27.027027
17 0.000049 0.001383 300.000000 28.037384
18 0.000077 0.002061 100.000000 25.641026
18 0.000063 0.001517 200.000000 27.027027
18 0.000048 0.001104 300.000000 27.777779
19 0.000081 0.002569 100.000000 25.641026
19 0.000068 0.002446 200.000000 27.027027
19 0.000048 0.002421 300.000000 27.777779
20 0.000090 0.002187 100.000000 25.641026
20 0.000062 0.001808 200.000000 27.027027
20 0.000045 0.001935 300.000000 27.522936
21 0.000096 0.002680 100.000000 25.641026
21 0.000065 0.002538 200.000000 27.397261
21 0.000048 0.002629 300.000000 27.272728
22 0.000070 0.002381 100.000000 25.000000
22 0.000062 0.002686 200.000000 27.397261
22 0.000049 0.002776 300.000000 27.272728
23 0.000048 0.002594 100.000000 25.000000
23 0.000056 0.002954 200.000000 27.397261
23 0.000044 0.002681 300.000000 27.272728
24 0.000060 0.002714 100.000000 25.000000
24 0.000061 0.003448 200.000000 27.397261
24 0.000047 0.003356 300.000000 27.272728
25 0.000063 0.002750 100.000000 25.641026
25 0.000058 0.003692 200.000000 27.397261
25 0.000051 0.003805 300.000000 27.272728
26 0.000056 0.002635 100.000000 25.641026
26 0.000050 0.003608 200.000000 27.777779
26 0.000046 0.003768 300.000000 27.272728
27 0.000072 0.002873 100.000000 26.315790
27 0.000057 0.003488 200.000000 27.777779
27 0.000051 0.003609 300.000000 27.522936
28 0.000062 0.002792 100.000000 25.641026
28 0.000056 0.003750 200.000000 27.397261
28 0.000051 0.003481 300.000000 27.272728
29 0.000072 0.002957 100.000000 25.641026
29 0.000041 0.003294 200.000000 27.397261
29 0.000046 0.003097 300.000000 27.272728
30 0.000070 0.003425 100.000000 25.641026
30 0.000041 0.003194 200.000000 27.397261
30 0.000055 0.002643 300.000000 27.027027
31 0.000082 0.003648 100.000000 25.641026
31 0.000042 0.002463 200.000000 27.397261
31 0.000057 0.001680 300.000000 26.785715
32 0.000079 0.003679 100.000000 25.641026
32 0.000041 0.002533 200.000000 27.397261
32 0.000061 0.001723 300.000000 26.548672
33 0.000075 0.003104 100.000000 25.641026
33 0.000040 0.001877 200.000000 27.397261
33 0.000048 0.001034 300.000000 26.548672
34 0.000083 0.002896 100.000000 25.641026
34 0.000044 0.001639 200.000000 27.397261
34 0.000046 0.000894 300.000000 26.315790
35 0.000080 0.003002 100.000000 25.641026
35 0.000041 0.001969 200.000000 27.777779
35 0.000055 0.001166 300.000000 26.086956
36 0.000088 0.002994 100.000000 25.641026
36 0.000041 0.002134 200.000000 27.777779
36 0.000053 0.001169 300.000000 25.862068
37 0.000078 0.003182 100.000000 25.641026
37 0.000041 0.002003 200.000000 27.777779
37 0.000044 0.000999 300.000000 25.862068
38 0.000083 0.003333 100.000000 25.641026
38 0.000041 0.002184 200.000000 27.777779
39 0.000089 0.004451 100.000000 25.641026
39 0.000040 0.003197 200.000000 27.777779
40 0.000076 0.004478 100.000000 25.641026
40 0.000037 0.002974 200.000000 27.777779
41 0.000065 0.004351 100.000000 25.641026
41 0.000038 0.002290 200.000000 27.777779
42 0.000091 0.004850 100.000000 25.000000
42 0.000036 0.002914 200.000000 27.777779
43 0.000081 0.004478 100.000000 25.000000
43 0.000036 0.002950 200.000000 28.169014
44 0.000079 0.004678 100.000000 25.000000
44 0.000035 0.002843 200.000000 28.169014
45 0.000073 0.004693 100.000000 25.641026
45 0.000033 0.002860 200.000000 28.169014
46 0.000086 0.004756 100.000000 25.641026
46 0.000033 0.003024 200.000000 28.169014
47 0.000073 0.004593 100.000000 25.641026
47 0.000033 0.003540 200.000000 28.169014
48 0.000100 0.005790 100.000000 25.641026
48 0.000036 0.004752 200.000000 28.571428
49 0.000075 0.005250 100.000000 25.641026
49 0.000034 0.004089 200.000000 28.571428
50 0.000074 0.005026 100.000000 26.315790
50 0.000034 0.004103 200.000000 28.571428
51 0.000102 0.006257 100.000000 26.315790
51 0.000038 0.006127 200.000000 28.571428
52 0.000100 0.007057 100.000000 27.027027
52 0.000037 0.007382 200.000000 28.571428
53 0.000034 0.005113 100.000000 27.027027
53 0.000033 0.005200 200.000000 28.571428
54 0.000051 0.005665 100.000000 27.027027
54 0.000034 0.005385 200.000000 28.985508
55 0.000056 0.005977 100.000000 27.777779
55 0.000034 0.005759 200.000000 28.985508
56 0.000056 0.006178 100.000000 27.777779
56 0.000035 0.005981 200.000000 28.571428
57 0.000057 0.006045 100.000000 27.777779
57 0.000031 0.005674 200.000000 28.169014
58 0.000044 0.005035 100.000000 27.777779
58 0.000033 0.004632 200.000000 28.169014
59 0.000043 0.005090 100.000000 27.777779
59 0.000035 0.004748 200.000000 27.777779
60 0.000058 0.007306 100.000000 28.571428
60 0.000037 0.007105 200.000000 27.777779
61 0.000069 0.008118 100.000000 28.571428
61 0.000041 0.006976 200.000000 27.777779
62 0.000077 0.008055 100.000000 28.571428
62 0.000046 0.006672 200.000000 27.777779
63 0.000057 0.007441 100.000000 28.571428
63 0.000046 0.006265 200.000000 27.397261
64 0.000051 0.007399 100.000000 28.571428
64 0.000042 0.006174 200.000000 27.777779
65 0.000061 0.007239 100.000000 28.571428
65 0.000043 0.005597 200.000000 27.777779
66 0.000061 0.008762 100.000000 27.777779
66 0.000050 0.006777 200.000000 27.397261
67 0.000066 0.007729 100.000000 27.777779
67 0.000053 0.005630 200.000000 27.027027
68 0.000068 0.006824 100.000000 27.777779
68 0.000052 0.004847 200.000000 27.027027
69 0.000069 0.006868 100.000000 28.571428
69 0.000059 0.005592 200.000000 26.666666
70 0.000067 0.006793 100.000000 28.571428
70 0.000051 0.005803 200.000000 26.315790
71 0.000062 0.007133 100.000000 28.571428
71 0.000048 0.006394 200.000000 26.315790
72 0.000070 0.006564 100.000000 28.571428
72 0.000057 0.005787 200.000000 25.974026
73 0.000066 0.006761 100.000000 28.571428
73 0.000049 0.005472 200.000000 25.641026
74 0.000072 0.006357 100.000000 28.571428
74 0.000041 0.004737 200.000000 25.316456
75 0.000089 0.006207 100.000000 28.571428
75 0.000036 0.004559 200.000000 25.641026
76 0.000074 0.006211 100.000000 28.571428
77 0.000078 0.006115 100.000000 28.571428
78 0.000071 0.005662 100.000000 29.411764
79 0.000071 0.005122 100.000000 29.411764
80 0.000068 0.005107 100.000000 30.303030
81 0.000084 0.005177 100.000000 30.303030
82 0.000072 0.005989 100.000000 30.303030
83 0.000079 0.005258 100.000000 30.303030
84 0.000073 0.005695 100.000000 30.303030
85 0.000069 0.005752 100.000000 30.303030
86 0.000064 0.005690 100.000000 30.303030
87 0.000051 0.006973 100.000000 29.411764
88 0.000054 0.007545 100.000000 29.411764
89 0.000035 0.008048 100.000000 29.411764
90 0.000033 0.007635 100.000000 28.571428
91 0.000029 0.007882 100.000000 27.777779
92 0.000033 0.007406 100.000000 27.027027
93 0.000034 0.007444 100.000000 26.315790
94 0.000033 0.007300 100.000000 26.315790
95 0.000028 0.006948 100.000000 26.315790
96 0.000038 0.007417 100.000000 25.641026
97 0.000052 0.007963 100.000000 25.641026
98 0.000049 0.007570 100.000000 26.315790
99 0.000044 0.007290 100.000000 26.315790
100 0.000054 0.008170 100.000000 26.315790
101 0.000103 0.007394 100.000000 25.641026
102 0.000129 0.007528 100.000000 25.000000
103 0.000141 0.007371 100.000000 24.390244
104 0.000121 0.006866 100.000000 23.809525
105 0.000105 0.006577 100.000000 23.255814
106 0.000135 0.007235 100.000000 22.727272
107 0.000115 0.006353 100.000000 22.222221
108 0.000105 0.006424 100.000000 22.222221
