0.000000 0.000000 0.000000 0.000000
0.069768 1.824330 0.034113 1.820950
-0.123130 4.021900 -0.223525 4.013040
-0.622388 6.586940 -0.736065 6.575590
-1.317950 9.607610 -1.434860 9.577980
-2.247330 13.001300 -2.461450 12.959600
-3.471580 16.794900 -3.752260 16.721100
-5.002320 20.924300 -5.291850 20.836600
-6.893670 25.384900 -7.196360 25.309500
-9.164410 30.059700 -9.465050 29.992000
-11.824900 34.997000 -12.141400 34.927700
-14.808000 40.343100 -15.133600 40.254500
-18.046700 45.856900 -18.405300 45.757100
-21.057000 50.296800 -21.398300 50.213100
-24.845700 55.456700 -25.165300 55.402800
-28.845000 60.531100 -29.090000 60.517600
-33.160600 65.489900 -33.339000 65.546100
-35.452600 67.891000 -35.614300 67.965300
-40.351600 72.623100 -40.445300 72.792400
-45.538300 77.277800 -45.590500 77.508200
-51.001600 81.890600 -51.037200 82.156000
-56.844600 86.284900 -56.850700 86.591800
-62.021900 89.683800 -62.002200 90.051700
-68.606500 93.408300 -68.570700 93.823100
-75.402700 96.844500 -75.331600 97.315300
-81.063100 99.532900 -81.010700 100.074000
-84.370800 101.063000 -84.334300 101.573000
-88.682800 102.977000 -88.642200 103.493000
-94.882400 105.733000 -94.511100 106.705000
-98.842900 107.719000 -98.474200 108.648000
-101.700000 109.333000 -101.337000 110.248000
-105.378000 111.659000 -105.007000 112.562000
-108.816000 114.087000 -108.444000 114.988000
-113.542000 117.859000 -113.186000 118.733000
-117.790000 121.689000 -117.366000 122.649000
-121.473000 125.506000 -120.982000 126.533000
-124.609000 129.464000 -124.043000 130.535000
-127.751000 134.424000 -127.181000 135.496000
-130.215000 139.017000 -129.627000 140.088000
-133.054000 144.929000 -132.366000 146.040000
-135.286000 150.585000 -134.621000 151.688000
-136.902000 156.886000 -136.293000 157.957000
-137.716000 163.797000 -137.166000 164.860000
-137.693000 171.190000 -137.219000 172.244000
-136.765000 178.911000 -136.411000 179.959000
-134.921000 186.888000 -134.714000 187.926000
-132.176000 194.968000 -131.976000 195.999000
-128.325000 202.908000 -128.194000 203.880000
-123.116000 210.266000 -122.922000 211.194000
-116.798000 216.868000 -116.637000 217.768000
-109.742000 222.622000 -109.618000 223.567000
-102.330000 227.163000 -102.221000 228.082000
-94.765300 230.394000 -94.693800 231.401000
-87.356400 232.508000 -87.291200 233.521000
-80.131800 233.665000 -80.065300 234.748000
-75.468200 233.979000 -75.412000 235.134000
-68.881500 234.099000 -68.832900 235.304000
-62.612500 234.073000 -62.572600 235.336000
-57.590000 234.130000 -57.551600 235.447000
-52.669500 234.321000 -52.622000 235.680000
-46.869400 234.779000 -46.819900 236.210000
-41.166800 235.479000 -41.124000 236.945000
-35.595900 236.421000 -35.569500 237.920000
-29.980900 237.542000 -29.964000 239.050000
-24.247700 238.792000 -24.244700 240.351000
-18.527600 240.269000 -18.525900 241.825000
-12.944200 242.152000 -12.993700 243.822000
-7.504110 244.352000 -7.551430 246.002000
-2.279280 246.794000 -2.354910 248.494000
2.670980 249.481000 2.570370 251.212000
7.450740 252.416000 7.356650 254.125000
11.369500 255.107000 11.322300 256.744000
15.346400 257.781000 15.310200 259.409000
18.557200 259.943000 18.533800 261.560000
21.008700 261.577000 20.966800 263.219000
24.284100 263.758000 24.263300 265.361000
28.337400 266.511000 28.276100 268.175000
30.721900 268.202000 30.633800 269.901000
33.067400 269.951000 32.939700 271.701000
37.619000 273.665000 37.446300 275.506000
42.011000 277.814000 41.808400 279.683000
45.513200 281.622000 45.255400 283.541000
48.800900 285.763000 48.463500 287.746000
51.903300 290.180000 51.537100 292.185000
53.693900 292.940000 53.295500 294.966000
56.053800 296.691000 55.618000 298.739000
58.445500 300.513000 57.939800 302.604000
62.043900 306.331000 61.512800 308.439000
65.349900 312.312000 64.713100 314.485000
68.116100 318.458000 67.355600 320.684000
70.444300 324.702000 69.602100 326.954000
71.897400 328.869000 70.978900 331.144000
73.846800 335.152000 72.796900 337.466000
75.646600 341.266000 74.465900 343.610000
77.588000 346.811000 76.295600 349.192000
79.332100 352.178000 78.014300 354.566000
80.402100 357.594000 79.058200 359.986000
80.554000 362.182000 79.188200 364.562000
79.948300 367.765000 78.511000 370.109000
79.189900 373.576000 77.704300 375.913000
78.487200 379.779000 76.942200 382.107000
77.980500 384.120000 76.428900 386.443000
77.303700 389.673000 75.710900 391.989000
76.164300 396.308000 74.533900 398.613000
74.687800 402.778000 72.988300 405.063000
73.300400 408.080000 71.571600 410.353000
71.763300 413.391000 70.004500 415.654000
70.831100 416.589000 69.044800 418.844000
69.226500 421.955000 67.370400 424.190000
67.582800 427.297000 65.667200 429.513000
65.692600 433.668000 63.693000 435.854000
63.918300 439.927000 61.836000 442.091000
62.235000 446.017000 60.044000 448.149000
60.588500 451.906000 58.298500 454.012000
58.959400 457.599000 56.585400 459.687000
57.323500 463.133000 54.930400 465.221000
56.243600 466.731000 53.820500 468.810000
55.443100 469.359000 52.996700 471.430000
54.196100 473.540000 51.710700 475.597000
52.805500 478.200000 50.310700 480.252000
51.412600 483.574000 48.895800 485.623000
50.812900 488.249000 48.294900 490.276000
50.978700 492.985000 48.484900 495.016000
51.889000 497.738000 49.376600 499.787000
53.407200 502.515000 50.897400 504.564000
55.518600 507.215000 52.948100 509.285000
58.192000 511.730000 55.599500 513.812000
61.540400 515.753000 58.924500 517.851000
65.397900 519.217000 62.774500 521.310000
69.720600 522.307000 67.072600 524.406000
74.549300 524.809000 71.875600 526.953000
79.882000 526.633000 77.168600 528.866000
85.640800 527.586000 82.923600 529.839000
91.710600 527.694000 88.996000 529.933000
96.892300 527.084000 94.180700 529.345000
103.153000 525.555000 100.441000 527.842000
109.362000 523.203000 106.686000 525.586000
114.489000 520.780000 111.842000 523.225000
119.739000 518.237000 117.108000 520.721000
125.078000 515.601000 122.406000 518.158000
131.674000 512.304000 128.990000 514.895000
136.165000 510.030000 133.485000 512.626000
141.927000 507.143000 139.296000 509.797000
145.478000 505.360000 142.863000 508.048000
150.295000 502.938000 147.701000 505.681000
156.448000 499.835000 153.877000 502.629000
163.964000 496.056000 161.401000 498.897000
170.241000 492.866000 167.702000 495.764000
174.002000 490.949000 171.495000 493.907000
180.295000 487.820000 177.814000 490.820000
185.287000 485.358000 182.825000 488.416000
189.023000 483.529000 186.568000 486.607000
192.730000 481.695000 190.305000 484.833000
200.011000 477.998000 197.615000 481.206000
205.912000 474.880000 203.551000 478.153000
209.297000 473.041000 206.966000 476.372000
212.515000 471.275000 210.205000 474.647000
218.489000 468.019000 216.219000 471.440000
223.214000 465.752000 220.956000 469.211000
228.916000 463.705000 226.671000 467.214000
234.791000 462.397000 232.568000 465.986000
240.817000 461.882000 238.584000 465.445000
247.046000 462.466000 244.812000 466.064000
253.251000 464.184000 251.008000 467.838000
259.272000 466.974000 257.026000 470.674000
264.950000 470.682000 262.670000 474.458000
270.327000 475.066000 268.011000 478.902000
275.533000 479.794000 273.180000 483.685000
280.574000 484.566000 278.206000 488.480000
285.383000 489.070000 282.994000 493.014000
290.000000 492.874000 287.571000 496.885000
294.346000 495.795000 291.868000 499.906000
298.556000 497.840000 296.018000 502.011000
302.912000 498.776000 300.421000 502.975000
307.250000 498.551000 304.747000 502.859000
311.472000 497.411000 308.998000 501.798000
315.618000 495.744000 313.171000 500.175000
319.469000 493.419000 317.067000 497.919000
322.621000 490.286000 320.296000 494.851000
324.784000 486.704000 322.477000 491.302000
326.541000 482.161000 324.244000 486.757000
327.200000 477.981000 324.946000 482.608000
326.887000 472.829000 324.702000 477.448000
325.705000 467.393000 323.634000 471.994000
324.271000 462.430000 322.323000 467.002000
322.702000 457.138000 320.865000 461.675000
321.293000 452.496000 319.533000 457.009000
320.102000 448.673000 318.408000 453.170000
319.195000 445.777000 317.531000 450.266000
318.246000 442.870000 316.652000 447.338000
316.730000 438.006000 315.211000 442.449000
315.106000 432.120000 313.654000 436.538000
313.851000 426.183000 312.491000 430.592000
313.101000 420.193000 311.834000 424.588000
312.865000 415.180000 311.675000 419.575000
312.873000 412.156000 311.710000 416.550000
313.120000 407.162000 312.032000 411.561000
313.646000 402.170000 312.675000 406.593000
314.583000 396.281000 313.692000 400.714000
315.564000 391.486000 314.734000 395.935000
316.876000 385.970000 316.159000 390.472000
317.575000 383.412000 316.873000 387.919000
318.502000 380.353000 317.835000 384.869000
319.716000 376.291000 319.164000 380.848000
320.548000 372.372000 320.078000 376.948000
320.586000 368.565000 320.130000 373.163000
319.295000 364.228000 318.979000 368.768000
317.096000 360.795000 316.909000 365.272000
312.996000 356.444000 312.922000 360.846000
308.615000 352.322000 308.633000 356.638000
304.523000 348.355000 304.662000 352.548000
300.222000 344.066000 300.476000 348.140000
295.864000 339.531000 296.181000 343.541000
291.614000 334.765000 291.991000 338.713000
287.765000 329.651000 288.167000 333.582000
284.368000 324.191000 284.810000 328.099000
281.758000 319.379000 282.283000 323.247000
279.274000 314.371000 279.832000 318.230000
277.775000 311.309000 278.375000 315.150000
275.261000 306.088000 275.949000 309.891000
272.150000 299.627000 272.943000 303.391000
270.024000 295.206000 270.890000 298.936000
266.612000 288.477000 267.538000 292.176000
262.759000 281.800000 263.740000 285.473000
258.620000 275.176000 259.632000 278.816000
254.344000 268.488000 255.428000 272.083000
251.438000 263.958000 252.570000 267.523000
247.697000 258.254000 248.867000 261.793000
244.697000 253.650000 245.882000 257.191000
241.668000 248.995000 242.852000 252.544000
239.340000 245.466000 240.555000 249.000000
236.972000 241.887000 238.237000 245.382000
233.763000 237.091000 235.095000 240.538000
228.838000 229.808000 230.258000 233.210000
224.660000 223.740000 226.171000 227.082000
220.441000 217.690000 221.947000 221.040000
215.421000 210.425000 216.984000 213.744000
210.508000 203.127000 212.107000 206.422000
205.726000 195.763000 207.346000 199.041000
201.191000 188.290000 202.832000 191.553000
198.335000 183.227000 199.974000 186.482000
195.568000 178.119000 197.264000 181.344000
192.911000 172.993000 194.612000 176.216000
189.717000 166.528000 191.356000 169.792000
185.959000 158.682000 187.526000 161.983000
182.856000 152.111000 184.387000 155.435000
179.193000 144.218000 180.658000 147.564000
176.191000 137.609000 177.587000 140.997000
172.508000 129.756000 173.857000 133.154000
168.504000 122.158000 169.736000 125.615000
163.988000 114.886000 165.192000 118.363000
160.696000 110.207000 161.805000 113.747000
156.365000 104.583000 157.417000 108.201000
150.925000 97.983300 151.956000 101.617000
146.211000 92.590000 147.195000 96.274800
141.308000 87.358200 142.246000 91.091200
136.315000 82.138600 137.192000 85.941000
133.306000 78.967300 134.148000 82.804400
127.250000 72.625700 128.023000 76.526700
124.209000 69.450500 124.979000 73.353700
118.072000 63.094600 118.807000 67.043500
112.861000 57.817200 113.580000 61.770500
108.609000 53.594800 109.300000 57.564000
102.241000 47.250200 102.910000 51.247500
95.883500 40.922600 96.530500 44.958900
89.517900 34.575900 90.116100 38.654500
83.213500 28.242000 83.760100 32.346100
77.992700 22.958000 78.514900 27.091700
74.890600 19.774800 75.379400 23.941000
69.680600 14.465400 70.151900 18.656100
65.471800 10.206000 65.912400 14.424900
62.314300 7.007370 62.754900 11.234400
59.206200 3.808040 59.624500 8.059330
56.091900 0.584754 56.505600 4.838010
53.008100 -2.625660 53.379600 1.670630
49.955700 -5.822350 50.282500 -1.482530
46.935100 -9.021050 47.196400 -4.620400
43.893000 -12.216500 44.085600 -7.756110
40.929300 -15.293700 41.102700 -10.815700
36.295700 -20.310000 36.405000 -15.778100
33.704900 -23.203000 33.773400 -18.632500
31.290100 -26.023800 31.283200 -21.386200
28.282800 -29.552800 28.228800 -24.878200
24.406500 -34.119100 24.230100 -29.342100
20.303300 -37.820900 20.087300 -33.011300
14.733400 -39.831400 14.502500 -35.084000
10.240000 -38.863100 9.992150 -34.165800
6.938250 -36.198700 6.735950 -31.451800
4.467980 -31.371800 4.357470 -26.571500
3.550010 -27.354300 3.508090 -22.545500
2.824130 -22.911900 2.870450 -18.088800
2.119850 -18.119700 2.191870 -13.293300
1.437820 -13.039500 1.474050 -8.228220
0.808984 -8.142150 0.847930 -3.334860
0.041704 -3.587440 0.226201 1.236510
-0.800376 0.666940 -0.478918 5.510450
-1.682530 4.091750 -1.253060 8.958460
-3.006580 8.222650 -2.356640 13.144200
