1 1.19763e-11 1.70464e-10 0 1.19763e-11 1 3.5625e-10 -1.11022e-16 1.70464e-10 3.5625e-10 1 2.22045e-16 
0.999994 0.00148468 0.00317943 0.00506159 -0.00148326 0.999999 -0.000448482 -0.0391356 -0.0031801 0.000443763 0.999995 2.3933 
0.999985 0.00097061 0.00543218 0.010868 -0.000968911 0.999999 -0.000315516 -0.0742106 -0.00543248 0.000310248 0.999985 4.77601 
0.999968 0.00118213 0.00789537 0.0173517 -0.00117132 0.999998 -0.00137425 -0.111517 -0.00789698 0.00136495 0.999968 7.16295 
0.999948 0.00159501 0.0101027 -0.00674772 -0.00157836 0.999997 -0.00165553 -0.138992 -0.0101054 0.00163949 0.999948 8.35453 
0.999956 -0.000371874 0.00941538 -0.00534977 0.000365875 1 0.000638889 -0.181223 -0.00941562 -0.000635416 0.999955 10.7375 
0.999986 -5.40904e-05 0.00528759 -0.00786123 5.5501e-05 1 -0.000266635 -0.23 -0.00528758 0.000266925 0.999986 13.1213 
0.999996 -0.000787389 0.00277615 -0.0445646 0.000787746 1 -0.00012733 -0.292627 -0.00277605 0.000129517 0.999996 15.5007 
0.999993 -0.00324968 0.00180103 -0.0461432 0.00324909 0.999995 0.000332667 -0.331564 -0.0018021 -0.000326813 0.999998 17.8818 
0.999995 -0.00316838 0.000818768 -0.0614737 0.00316873 0.999995 -0.000422054 -0.374869 -0.000817427 0.000424646 1 20.272 
0.999999 -0.00127295 6.23814e-05 -0.0604531 0.00127301 0.999999 -0.00104685 -0.402302 -6.10487e-05 0.00104693 0.999999 22.6658 
1 0.000382443 -7.83643e-05 -0.0763926 -0.000382533 0.999999 -0.0011567 -0.430348 7.79219e-05 0.00115673 0.999999 23.8592 
0.999997 -0.000101239 -0.00224156 -0.0803665 9.85312e-05 0.999999 -0.00120817 -0.473663 0.00224168 0.00120795 0.999997 26.2498 
0.999987 -0.00288484 -0.00425971 -0.0977697 0.00288741 0.999996 0.000596439 -0.513831 0.00425797 -0.00060873 0.999991 28.6482 
0.999972 -0.00420019 -0.00618237 -0.115448 0.00419212 0.99999 -0.00131692 -0.557687 0.00618785 0.00129096 0.99998 31.035 
0.999958 -0.00422281 -0.00818619 -0.113975 0.00421694 0.999991 -0.000734519 -0.604735 0.00818921 0.000699968 0.999966 33.4373 
0.999953 -0.00392548 -0.00889443 -0.149167 0.00392549 0.999992 -1.63396e-05 -0.665276 0.00889442 -1.85761e-05 0.99996 35.8294 
0.999946 -0.00486793 -0.00923149 -0.176428 0.00486647 0.999988 -0.000180531 -0.679272 0.00923226 0.000135597 0.999957 37.0266 
0.999951 -0.00359164 -0.00926547 -0.18367 0.0035966 0.999993 0.000518679 -0.704403 0.00926354 -0.000551978 0.999957 38.2214 
0.999962 -0.00303762 -0.00822352 -0.250279 0.0030624 0.999991 0.00300211 -0.755186 0.00821433 -0.00302718 0.999962 40.6164 
0.999959 -0.00201986 -0.00888066 -0.279345 0.00204374 0.999994 0.00268017 -0.793846 0.0088752 -0.00269821 0.999957 43.0121 
0.999975 0.000311168 -0.00705642 -0.322087 -0.000256309 0.99997 0.0077739 -0.834337 0.00705863 -0.0077719 0.999945 45.4127 
0.999991 0.00203129 -0.00365435 -0.355382 -0.0019798 0.9999 0.0140379 -0.856257 0.0036825 -0.0140305 0.999895 47.8165 
0.999994 -0.00174622 -0.00297838 -0.339132 0.00178694 0.999904 0.0137238 -0.863151 0.00295413 -0.013729 0.999901 50.2221 
0.999996 -0.00218237 -0.00192681 -0.35228 0.00220565 0.999924 0.0121624 -0.871221 0.00190012 -0.0121666 0.999924 51.4237 
0.999994 -0.0030801 -0.00126529 -0.369725 0.0030949 0.999925 0.0118652 -0.878176 0.00122865 -0.0118691 0.999929 52.626 
0.999997 -0.00178492 -0.00165124 -0.355358 0.00180372 0.999933 0.0114573 -0.881273 0.00163068 -0.0114603 0.999933 53.8308 
0.993095 0.09013 0.0750978 -20.1674 -0.0940761 0.994269 0.0507734 -1.18989 -0.0700913 -0.0574877 0.995883 -24.6239 
0.993149 0.0914534 0.0727361 -20.0129 -0.0954096 0.994031 0.0529101 -1.11607 -0.0674632 -0.0594873 0.995947 -22.2144 
0.993214 0.0922577 0.0708084 -19.8671 -0.0961178 0.993948 0.0531897 -1.02982 -0.0654727 -0.0596347 0.996071 -19.8103 
0.993245 0.0928911 0.0695399 -19.6991 -0.0966048 0.993959 0.0520903 -0.935988 -0.064281 -0.0584563 0.996218 -17.4118 
0.993384 0.0918519 0.0689282 -19.6192 -0.0954653 0.994121 0.0510939 -0.89459 -0.0638298 -0.0573361 0.996312 -16.2129 
0.993482 0.0912106 0.0683612 -19.5405 -0.0948803 0.994103 0.0525026 -0.857143 -0.0631693 -0.0586466 0.996278 -15.0156 
0.993828 0.0886894 0.0666343 -19.4478 -0.09235 0.99426 0.0540204 -0.817341 -0.0614608 -0.0598407 0.996314 -13.818 
0.994062 0.0870778 0.0652567 -19.3634 -0.0905561 0.994513 0.0523843 -0.774143 -0.0603372 -0.0579826 0.996493 -12.6265 
0.993991 0.0876525 0.0655697 -19.3132 -0.0910807 0.994523 0.0512578 -0.730348 -0.0607177 -0.0569219 0.996531 -11.434 
0.99374 0.0911261 0.0646294 -19.1641 -0.0945356 0.994172 0.0518152 -0.647258 -0.0595311 -0.0576006 0.996563 -9.05295 
0.993657 0.0922331 0.0643377 -19.0906 -0.0956394 0.994055 0.0520381 -0.601298 -0.0591555 -0.0578612 0.99657 -7.86584 
0.993387 0.0934489 0.066712 -19.0369 -0.0970314 0.993888 0.0526421 -0.560402 -0.0613849 -0.0587671 0.996383 -6.68165 
0.993035 0.0936827 0.0714507 -18.9028 -0.097436 0.993935 0.0509831 -0.486082 -0.0662411 -0.0575899 0.99614 -4.31969 
0.992784 0.0927352 0.0760327 -18.7428 -0.0963368 0.994324 0.045148 -0.414571 -0.0714144 -0.052147 0.996083 -1.97402 
0.992683 0.0911611 0.0791863 -18.6609 -0.0951561 0.994293 0.0482275 -0.380805 -0.074338 -0.0554097 0.995693 -0.799268 
0.992401 0.0916181 0.0821336 -18.556 -0.0958558 0.994178 0.0492215 -0.343289 -0.0771458 -0.0567205 0.995405 0.368431 
0.991916 0.0924976 0.0868729 -18.489 -0.0968134 0.9942 0.0468455 -0.311994 -0.0820359 -0.0548773 0.995117 1.53222 
0.991833 0.0907502 0.0896221 -18.3842 -0.0949405 0.994526 0.043647 -0.279261 -0.0851705 -0.0517993 0.995019 2.69128 
0.991576 0.0902879 0.092876 -18.2891 -0.0943161 0.994741 0.0399288 -0.252517 -0.0887825 -0.0483521 0.994877 3.84605 
0.99129 0.0892632 0.096826 -18.2024 -0.0933614 0.994882 0.0386463 -0.231128 -0.0928808 -0.0473495 0.994551 5.00177 
0.991028 0.0881616 0.100459 -18.0941 -0.0925692 0.994899 0.0400836 -0.207083 -0.0964125 -0.0490233 0.994133 6.1559 
0.990284 0.0882779 0.107445 -17.853 -0.0927965 0.994967 0.0377989 -0.162743 -0.103567 -0.0474021 0.993492 8.44895 
0.98964 0.0877895 0.1136 -17.6209 -0.0922446 0.995136 0.0345645 -0.114865 -0.110013 -0.0446854 0.992925 10.7393 
0.98938 0.0864929 0.116818 -17.4975 -0.0911936 0.9952 0.0355034 -0.0977198 -0.113186 -0.0457794 0.992519 11.8871 
0.989174 0.0852015 0.119484 -17.3541 -0.0901655 0.995248 0.0367646 -0.0796398 -0.115784 -0.0471399 0.992155 13.0343 
0.988743 0.0858161 0.122568 -17.2314 -0.0911126 0.995105 0.0382719 -0.0565689 -0.118684 -0.0490086 0.991722 14.1843 
0.988609 0.0839472 0.124918 -17.0756 -0.0894362 0.995229 0.0389917 -0.0308544 -0.121049 -0.0497198 0.991401 15.3298 
0.988135 0.0857247 0.127439 -16.9203 -0.0909905 0.995198 0.0360788 0.00777662 -0.123734 -0.0472464 0.99119 16.4694 
0.987572 0.0867223 0.131073 -16.6764 -0.0913092 0.995389 0.0293891 0.0429652 -0.12792 -0.040992 0.990937 18.7717 
0.987447 0.0861904 0.132362 -16.5092 -0.0906978 0.995473 0.0283991 0.058199 -0.129316 -0.0400476 0.990794 19.9288 
0.987203 0.0879135 0.133046 -16.1931 -0.0927441 0.995221 0.0305449 0.0969823 -0.129725 -0.0424933 0.990639 22.2464 
0.987712 0.0871846 0.129707 -15.866 -0.0921947 0.99519 0.0331251 0.133032 -0.126195 -0.0446764 0.990999 24.5989 
0.988384 0.0873956 0.124335 -15.5963 -0.092253 0.99516 0.0338508 0.187204 -0.120775 -0.0449278 0.991663 26.9843 
0.989309 0.0881228 0.116195 -15.3186 -0.0927082 0.99509 0.0346571 0.227659 -0.11257 -0.0450589 0.992622 29.3713 
0.990157 0.0887279 0.108242 -15.0729 -0.0932272 0.994949 0.0372302 0.277135 -0.104392 -0.0469548 0.993427 31.7892 
0.990944 0.0899405 0.0996986 -14.8452 -0.0941822 0.994803 0.0386788 0.328925 -0.0957017 -0.0477184 0.994266 34.2127 
0.991729 0.0916722 0.0898314 -14.6472 -0.0955022 0.994653 0.0392996 0.37906 -0.0857484 -0.0475536 0.995181 36.6488 
0.992068 0.0951109 0.0821834 -14.499 -0.0985852 0.994352 0.0392969 0.44634 -0.0779817 -0.0470873 0.995842 39.0965 
0.992106 0.0977496 0.0785593 -14.2875 -0.101041 0.994115 0.0390665 0.512837 -0.0742782 -0.0466958 0.996144 41.5464 
0.991851 0.101151 0.0774558 -14.1364 -0.104467 0.993723 0.0400181 0.584827 -0.0729217 -0.0477835 0.996192 44.0234 
0.991419 0.106057 0.0764207 -13.9604 -0.109513 0.993074 0.0425463 0.643048 -0.0713791 -0.0505503 0.996168 46.5012 
0.991503 0.10596 0.0754646 -13.7709 -0.109568 0.992943 0.0453806 0.719377 -0.0701234 -0.0532635 0.996115 48.9929 
0.992025 0.103102 0.0725068 -13.5788 -0.106543 0.993275 0.0453043 0.788074 -0.0673483 -0.052668 0.996338 51.4894 
0.992703 0.0970223 0.071611 -13.4057 -0.100668 0.993704 0.0491825 0.860925 -0.0663883 -0.0560326 0.996219 54.0067 
0.993441 0.0899551 0.0705863 -13.2257 -0.0934861 0.994443 0.0484188 0.941301 -0.0658385 -0.0547001 0.99633 56.5251 
0.993847 0.0862217 0.0695233 -13.0229 -0.0896124 0.994857 0.0472187 1.02397 -0.0650945 -0.0531583 0.996462 59.0526 
0.993546 0.0882773 0.0712233 -12.8492 -0.0919053 0.994543 0.0493734 1.10826 -0.0664761 -0.0556006 0.996238 61.5933 
0.99326 0.0907541 0.0720968 -12.7731 -0.0945239 0.99423 0.0507152 1.14984 -0.0670782 -0.0571882 0.996107 62.8648 
0.993365 0.0898586 0.0717745 -12.6226 -0.0934025 0.994488 0.0476411 1.21611 -0.0670979 -0.0540289 0.996282 65.4048 
0.993678 0.0870298 0.0709279 -12.4628 -0.0900975 0.995078 0.0412602 1.28087 -0.0669879 -0.0473898 0.996628 67.9327 
0.993754 0.086064 0.0710362 -12.301 -0.0888412 0.995362 0.0369032 1.33719 -0.0675307 -0.0429837 0.996791 70.455 
0.993693 0.0867721 0.071028 -12.1177 -0.0895718 0.995285 0.0372238 1.40415 -0.067463 -0.0433512 0.99678 72.9777 
0.993735 0.0867346 0.0704809 -11.9554 -0.0896116 0.995223 0.0387325 1.45982 -0.0667848 -0.0448058 0.996761 75.4993 
0.993729 0.0869366 0.0703242 -11.8883 -0.0897786 0.995225 0.0383107 1.49057 -0.0666577 -0.0443841 0.996788 76.7609 
0.993981 0.0859441 0.0679355 -11.7165 -0.088791 0.995245 0.0400554 1.5472 -0.0641699 -0.0458464 0.996885 79.2804 
0.9939 0.0872833 0.0674144 -11.5902 -0.090072 0.995152 0.0394936 1.60458 -0.0636404 -0.0453248 0.996943 81.7973 
0.993875 0.0884551 0.0662503 -11.4553 -0.0911272 0.995096 0.0384556 1.65784 -0.0625238 -0.0442573 0.997062 84.3172 
0.994106 0.0879251 0.0634163 -11.2734 -0.0903611 0.995236 0.0366214 1.71474 -0.0598942 -0.0421359 0.997315 86.8363 
0.994146 0.0885417 0.0619223 -11.1172 -0.0910113 0.995114 0.0382635 1.77053 -0.0582319 -0.0436751 0.997347 89.3563 
0.99413 0.0890701 0.0614116 -11.0357 -0.0915341 0.995056 0.0385451 1.80415 -0.0576748 -0.0439401 0.997368 90.6169 
0.99403 0.0908288 0.0604558 -10.959 -0.0932884 0.994868 0.0391828 1.82427 -0.0565866 -0.0445887 0.997402 91.8801 
0.993996 0.0913151 0.0602752 -10.8997 -0.0937549 0.994832 0.0389665 1.86413 -0.0564055 -0.0443837 0.997421 93.1411 
0.994151 0.0913014 0.0576866 -10.7591 -0.0935768 0.994885 0.0380532 1.91337 -0.0539172 -0.0432288 0.997609 95.6647 
0.994411 0.0897577 0.0555945 -10.6087 -0.0919111 0.995062 0.0374659 1.96591 -0.0519571 -0.0423662 0.99775 98.1912 
0.994884 0.084804 0.0549078 -10.4816 -0.0868586 0.995564 0.0361774 2.01306 -0.0515962 -0.0407615 0.997836 100.71 
0.995128 0.0826406 0.0537679 -10.3293 -0.0850493 0.995397 0.0441644 2.07015 -0.0498707 -0.0485222 0.997576 103.23 
0.994876 0.085269 0.0543278 -10.2405 -0.0875098 0.995348 0.0402918 2.13917 -0.0506394 -0.0448396 0.99771 105.736 
0.994895 0.0852909 0.0539413 -10.1868 -0.0874169 0.995433 0.0383616 2.16973 -0.050423 -0.0428811 0.997807 106.984 
0.994979 0.0848311 0.053107 -10.1113 -0.0869386 0.995461 0.0387152 2.19442 -0.0495817 -0.0431378 0.997838 108.228 
0.995034 0.0842158 0.053063 -9.97409 -0.0864794 0.995372 0.0419106 2.24989 -0.0492879 -0.0462914 0.997711 110.714 
0.995001 0.0832805 0.0551142 -9.85054 -0.0856339 0.995449 0.04181 2.30592 -0.0513814 -0.0463206 0.997604 113.183 
0.995044 0.0811171 0.0575077 -9.73334 -0.0834171 0.99576 0.0387878 2.35085 -0.0541175 -0.0433927 0.997591 115.638 
0.994759 0.0819785 0.0611127 -9.61574 -0.0844373 0.995673 0.0387963 2.39429 -0.0576678 -0.0437531 0.997377 118.072 
0.994634 0.0826824 0.0621915 -9.43259 -0.0852966 0.995527 0.0406222 2.45155 -0.0585545 -0.0457089 0.997237 120.482 
0.994701 0.0810732 0.0632189 -9.3821 -0.0837428 0.995652 0.0407832 2.46405 -0.0596376 -0.0458613 0.997166 121.683 
0.994697 0.0800921 0.0645191 -9.34254 -0.0828376 0.995717 0.0410624 2.47982 -0.0609539 -0.0461893 0.997071 122.877 
0.994579 0.080243 0.0661271 -9.19828 -0.0830552 0.995704 0.040932 2.53351 -0.0625585 -0.0462024 0.996971 125.239 
0.994472 0.0794227 0.0686818 -9.07521 -0.0823508 0.995764 0.040903 2.58118 -0.0651422 -0.0463329 0.9968 127.563 
0.994552 0.0781335 0.0689988 -8.95808 -0.0812146 0.995767 0.043035 2.61563 -0.0653443 -0.0484043 0.996688 129.829 
0.994559 0.0782236 0.068798 -8.84186 -0.0812524 0.995792 0.042384 2.657 -0.0651931 -0.0477434 0.99673 132.034 
0.994618 0.0788686 0.0671899 -8.70351 -0.0817845 0.995773 0.0418092 2.69701 -0.0636085 -0.0470793 0.996864 134.185 
0.994918 0.0778303 0.0638851 -8.5459 -0.0806354 0.995834 0.0425686 2.75276 -0.0603059 -0.0475036 0.997049 136.28 
0.995141 0.0765577 0.06191 -8.48658 -0.0793821 0.995849 0.0445247 2.77269 -0.0582443 -0.0492229 0.997088 137.316 
0.995122 0.0779244 0.0604905 -8.44522 -0.0807719 0.995664 0.0461467 2.79612 -0.0566322 -0.0508075 0.997101 138.336 
0.995432 0.0780096 0.055049 -8.34878 -0.0805935 0.995667 0.0463905 2.83776 -0.0511916 -0.0506152 0.997405 140.322 
0.995632 0.079074 0.0496399 -8.28178 -0.0814441 0.995536 0.0476913 2.878 -0.0456472 -0.0515259 0.997628 142.23 
0.995878 0.0792487 0.0441153 -8.22483 -0.0813204 0.995563 0.047335 2.92141 -0.0401683 -0.0507273 0.997904 144.047 
0.995991 0.0809576 0.0380497 -8.16807 -0.0827104 0.995465 0.0470021 2.96627 -0.0340719 -0.0499608 0.99817 145.773 
0.995992 0.0836455 0.0316872 -8.09906 -0.0850716 0.99528 0.0467036 3.00936 -0.0276311 -0.0492121 0.998406 147.415 
0.996059 0.0830462 0.031156 -8.06743 -0.0844916 0.99525 0.0483646 3.04487 -0.0269915 -0.0508064 0.998344 148.986 
0.996035 0.0833015 0.0312246 -8.01617 -0.0847495 0.995229 0.0483399 3.08399 -0.0270488 -0.0507945 0.998343 150.486 
0.995917 0.0843004 0.0322997 -7.98616 -0.0856782 0.995353 0.0439556 3.1251 -0.0284442 -0.0465435 0.998511 151.944 
0.995679 0.0859509 0.0351408 -7.94805 -0.0873988 0.995288 0.0419827 3.15598 -0.0313668 -0.0448726 0.9985 153.387 
0.995573 0.0854888 0.0390605 -7.91379 -0.0871064 0.995323 0.041778 3.17967 -0.0353062 -0.0449955 0.998363 154.819 
0.995414 0.0854851 0.0429368 -7.85763 -0.0872562 0.995333 0.0412207 3.20591 -0.0392126 -0.0447781 0.998227 156.236 
0.995253 0.0841979 0.0488004 -7.79285 -0.0862581 0.995397 0.0417696 3.23858 -0.0450588 -0.0457808 0.997935 157.638 
0.995131 0.0823491 0.0541498 -7.7172 -0.0846594 0.995531 0.0418508 3.26667 -0.0504615 -0.0462313 0.997655 159.023 
0.994891 0.081472 0.0596243 -7.63649 -0.0839702 0.995638 0.0406636 3.30255 -0.0560513 -0.0454625 0.997392 160.394 
0.994635 0.0825208 0.0623869 -7.5952 -0.085086 0.995585 0.0396393 3.31735 -0.0588404 -0.0447349 0.997265 161.082 
0.99427 0.0823362 0.0681804 -7.51026 -0.0851525 0.995585 0.0394805 3.35124 -0.0646287 -0.04506 0.996892 162.47 
0.993887 0.0825653 0.0732926 -7.41417 -0.085622 0.995541 0.0395867 3.38085 -0.0696973 -0.0456202 0.996525 163.873 
0.993616 0.0834208 0.0759479 -7.36945 -0.0864933 0.995524 0.0381018 3.39222 -0.0724295 -0.0444276 0.996384 164.576 
0.993491 0.0838602 0.0770907 -7.31699 -0.0868061 0.995586 0.0356858 3.40622 -0.0737577 -0.0421455 0.996385 165.282 
0.993498 0.082976 0.077948 -7.26538 -0.0858288 0.99573 0.0339852 3.42052 -0.0747953 -0.0404545 0.996378 165.995 
0.993466 0.0833179 0.077995 -7.21145 -0.0861414 0.995718 0.0335601 3.43385 -0.0748649 -0.0400594 0.996389 166.714 
0.993338 0.0839256 0.0789743 -7.17479 -0.0867235 0.995696 0.0326849 3.4496 -0.0758913 -0.0393161 0.996341 167.441 
0.993008 0.0865338 0.080293 -7.09215 -0.0893258 0.995493 0.0318521 3.47723 -0.0771749 -0.0388017 0.996262 168.919 
0.993112 0.0857144 0.079891 -7.02767 -0.0883303 0.995645 0.0297993 3.4925 -0.0769889 -0.0366509 0.996358 169.66 
0.9937 0.0786093 0.0798823 -6.89935 -0.081004 0.996343 0.0271883 3.5081 -0.0774529 -0.0334878 0.996433 171.17 
0.993477 0.0804273 0.0808396 -6.83934 -0.0831629 0.996052 0.0310573 3.52564 -0.0780226 -0.0375775 0.996243 171.941 
0.993394 0.0799275 0.0823424 -6.7423 -0.0834908 0.995674 0.0407755 3.54572 -0.0787271 -0.0473809 0.99577 173.506 
0.992969 0.0801886 0.0870809 -6.58877 -0.0832648 0.996004 0.0322826 3.58109 -0.0841442 -0.0393064 0.995678 175.089 
0.991921 0.0847472 0.0943955 -6.45644 -0.0877633 0.99574 0.0282642 3.62007 -0.0915981 -0.0363203 0.995133 176.708 
0.991666 0.0799838 0.101003 -6.28022 -0.0837339 0.995927 0.0334454 3.64636 -0.097917 -0.041624 0.994324 178.357 
0.99127 0.077009 0.10702 -6.11568 -0.0811646 0.996085 0.0350259 3.67559 -0.103904 -0.0434064 0.99364 180.027 
0.990598 0.080003 0.110976 -5.93256 -0.0838489 0.996014 0.030425 3.70331 -0.1081 -0.0394442 0.993357 181.689 
0.989648 0.0824614 0.11746 -5.77352 -0.0867632 0.995715 0.031985 3.72885 -0.114319 -0.0418451 0.992562 183.355 
0.988889 0.0833967 0.123061 -5.61211 -0.0880877 0.99556 0.0331751 3.74673 -0.119748 -0.0436466 0.991844 185.026 
0.988663 0.0795167 0.127366 -5.40328 -0.0842198 0.995934 0.0319682 3.76951 -0.124306 -0.0423325 0.991341 186.708 
0.988465 0.0766444 0.130622 -5.1803 -0.0815356 0.99614 0.0325102 3.79522 -0.127626 -0.0427855 0.990899 188.388 
0.988333 0.0760481 0.131966 -4.98523 -0.0810044 0.996181 0.0325965 3.81765 -0.128983 -0.042906 0.990718 190.08 
0.988493 0.075746 0.130933 -4.7724 -0.0807665 0.996171 0.0334609 3.85022 -0.127898 -0.0436509 0.990826 191.777 
0.988824 0.0763639 0.128047 -4.56583 -0.0810684 0.996197 0.031932 3.87958 -0.125122 -0.0419557 0.991254 193.476 
0.989123 0.0761583 0.12584 -4.45067 -0.0806509 0.99626 0.0309929 3.90096 -0.123009 -0.040805 0.991566 194.323 
0.989469 0.0775048 0.122246 -4.26361 -0.0818324 0.996171 0.0307792 3.91943 -0.119393 -0.0404588 0.992022 196.023 
0.990152 0.0761631 0.117468 -4.09107 -0.0805884 0.996188 0.0333872 3.93669 -0.114477 -0.042525 0.992515 197.708 
0.990876 0.0769132 0.110674 -3.92501 -0.08155 0.995945 0.0379914 3.96531 -0.107303 -0.0466703 0.99313 199.38 
0.992114 0.0750971 0.100349 -3.73899 -0.0794925 0.996011 0.0405396 4.00378 -0.0969044 -0.0481969 0.994126 201.018 
0.993017 0.0739904 0.0918832 -3.6149 -0.0780735 0.996077 0.0416636 4.04296 -0.08844 -0.0485463 0.994898 202.628 
0.99378 0.0741206 0.0831127 -3.48245 -0.0777768 0.996101 0.041647 4.07831 -0.0797017 -0.0478522 0.99567 204.171 
0.99467 0.0715375 0.0742505 -3.32526 -0.074765 0.996332 0.041636 4.1291 -0.0709996 -0.0469655 0.99637 205.632 
0.9954 0.071598 0.0636589 -3.23408 -0.0742575 0.996419 0.0404394 4.14639 -0.0605355 -0.0449805 0.997152 207.04 
0.99618 0.0731007 0.0477611 -3.15437 -0.0749478 0.996459 0.0380977 4.16627 -0.044807 -0.0415318 0.998132 208.354 
0.997143 0.0715865 0.0241192 -3.13859 -0.0724792 0.996629 0.0384281 4.19252 -0.021287 -0.0400664 0.99897 209.618 
0.997031 0.0760645 -0.0119384 -3.16281 -0.0754979 0.996247 0.0423228 4.22509 0.0151128 -0.0412958 0.999033 210.835 
0.994985 0.0803972 -0.05951 -3.25275 -0.0777373 0.995924 0.0457419 4.25511 0.0629449 -0.0408863 0.997179 211.991 
0.984663 0.0825709 -0.153692 -3.44395 -0.074745 0.995627 0.0560289 4.3046 0.157646 -0.0436819 0.986529 213.636 
0.959712 0.086222 -0.267428 -3.84308 -0.0697096 0.995062 0.0706549 4.37105 0.2722 -0.0491661 0.960984 215.139 
0.933204 0.0862622 -0.348841 -4.21367 -0.0622048 0.994883 0.0796095 4.42291 0.353923 -0.0525923 0.933795 216.05 
0.897285 0.0855451 -0.433083 -4.69348 -0.0527418 0.994792 0.0872236 4.47174 0.438289 -0.0554229 0.897124 216.881 
0.849206 0.0844955 -0.521258 -5.23508 -0.0410019 0.994686 0.0944397 4.55103 0.526467 -0.0588262 0.848158 217.686 
0.789223 0.085085 -0.608184 -5.87276 -0.0312076 0.994633 0.0986521 4.63954 0.613313 -0.0588786 0.787642 218.353 
0.713669 0.0828046 -0.695571 -6.5257 -0.0109911 0.99419 0.107077 4.71993 0.700397 -0.0687722 0.710433 218.983 
0.621774 0.087139 -0.778334 -7.25885 0.00220304 0.993593 0.112998 4.82232 0.783193 -0.0719742 0.617598 219.47 
0.517658 0.0979092 -0.849967 -8.04602 0.00611153 0.992982 0.118106 4.90436 0.855566 -0.0663329 0.513427 219.879 
0.406931 0.101032 -0.907854 -8.83001 0.0209323 0.992572 0.119842 5.00526 0.913219 -0.067771 0.401794 220.14 
0.291614 0.107791 -0.950443 -9.62464 0.0391385 0.991454 0.12445 5.06623 0.955735 -0.0734904 0.284903 220.357 
0.166797 0.115021 -0.979259 -10.4692 0.0534751 0.990655 0.125468 5.15188 0.98454 -0.0732938 0.159088 220.45 
0.0259054 0.12771 -0.991473 -11.3192 0.0748645 0.988773 0.129318 5.22988 0.996857 -0.0775762 0.0160536 220.596 
-0.108313 0.141999 -0.983923 -12.2382 0.0930737 0.986847 0.132175 5.31474 0.98975 -0.077261 -0.120105 220.463 
-0.236498 0.151756 -0.959708 -13.1694 0.108889 0.985645 0.129024 5.41628 0.965511 -0.0739882 -0.249627 220.136 
-0.35786 0.154747 -0.920864 -14.0906 0.123616 0.985344 0.117544 5.52497 0.925557 -0.0717691 -0.371744 219.711 
-0.465548 0.158078 -0.870791 -15.0094 0.134561 0.985123 0.106894 5.57064 0.874734 -0.0674099 -0.479893 219.124 
-0.553579 0.158524 -0.81757 -15.9061 0.139016 0.985532 0.0969623 5.65133 0.821112 -0.0599793 -0.567607 218.423 
-0.590723 0.161856 -0.790474 -16.3719 0.144061 0.98509 0.0940481 5.6913 0.79391 -0.0583202 -0.605233 217.995 
-0.629187 0.168732 -0.758718 -16.8516 0.153939 0.983868 0.0911453 5.74487 0.761858 -0.0594486 -0.645011 217.582 
-0.66966 0.175883 -0.72154 -17.3949 0.163165 0.982657 0.0881005 5.78681 0.724522 -0.0587324 -0.686745 217.17 
-0.703285 0.178147 -0.688225 -17.8344 0.16763 0.982351 0.0829829 5.82969 0.690862 -0.0570064 -0.720736 216.65 
-0.735104 0.174936 -0.654996 -18.2911 0.167783 0.983024 0.0742419 5.86876 0.656865 -0.0553216 -0.751976 216.086 
-0.760792 0.169477 -0.626476 -18.6231 0.165688 0.984034 0.0649933 5.87227 0.627489 -0.0543532 -0.776726 215.451 
-0.78826 0.16377 -0.593149 -19.0585 0.16333 0.985042 0.0549159 5.90373 0.59327 -0.0535909 -0.803218 214.843 
-0.834742 0.160581 -0.526707 -19.849 0.16332 0.985692 0.0416811 5.94137 0.525864 -0.0512287 -0.849024 213.486 
-0.875418 0.157452 -0.457004 -20.6021 0.161904 0.98636 0.0296957 5.97697 0.455446 -0.0479946 -0.888969 211.957 
-0.89353 0.160192 -0.419456 -20.9558 0.16504 0.985971 0.0249754 5.99244 0.417572 -0.0469109 -0.907432 211.138 
-0.909778 0.164734 -0.381008 -21.3205 0.169907 0.985251 0.0202815 5.99965 0.37873 -0.0462843 -0.924349 210.318 
-0.92357 0.167874 -0.344728 -21.5885 0.172368 0.984872 0.017811 6.00217 0.342503 -0.0429705 -0.938534 209.439 
-0.946684 0.170094 -0.273602 -22.136 0.174189 0.984667 0.00944315 6.0005 0.271013 -0.0387187 -0.961797 207.572 
-0.963573 0.168925 -0.207344 -22.5876 0.173908 0.984744 -0.00591302 5.99634 0.203182 -0.0417564 -0.97825 205.602 
-0.978772 0.16848 -0.116703 -23.0638 0.171865 0.984927 -0.0195033 5.94774 0.111658 -0.0391464 -0.992975 202.441 
-0.98425 0.164038 -0.065912 -23.2389 0.165962 0.98582 -0.02483 5.87163 0.0609043 -0.0353778 -0.997516 200.189 
-0.986726 0.160883 -0.0220825 -23.2945 0.161506 0.986412 -0.0301117 5.77715 0.016938 -0.0332785 -0.999303 197.849 
-0.9882 0.152988 0.00740125 -23.328 0.152618 0.987596 -0.0368942 5.68135 -0.0129538 -0.0353293 -0.999292 195.449 
-0.989001 0.146687 0.0189899 -23.2403 0.145965 0.98867 -0.0350065 5.5509 -0.0239097 -0.0318496 -0.999207 192.981 
-0.989976 0.140245 0.016699 -23.1604 0.139551 0.989514 -0.0372527 5.42905 -0.0217483 -0.0345489 -0.999166 190.46 
-0.990086 0.139904 0.0124738 -23.1247 0.139397 0.989618 -0.0350001 5.30751 -0.017241 -0.0329143 -0.999309 187.856 
-0.990777 0.135471 0.00296851 -23.0945 0.135312 0.990303 -0.03148 5.19874 -0.00720436 -0.030788 -0.9995 185.242 
-0.990716 0.135789 -0.00664128 -23.1138 0.135919 0.990363 -0.0265756 5.0846 0.00296861 -0.0272316 -0.999625 182.605 
-0.990765 0.134486 -0.0172557 -23.1267 0.134907 0.990515 -0.0260956 4.97217 0.0135825 -0.0281825 -0.999511 179.94 
-0.990772 0.133667 -0.0224705 -23.1715 0.134244 0.990594 -0.0264966 4.93185 0.0187174 -0.0292686 -0.999396 178.601 
-0.990618 0.13384 -0.0276033 -23.2091 0.134569 0.99055 -0.026504 4.87923 0.0237951 -0.0299699 -0.999268 177.262 
-0.990625 0.132661 -0.0326199 -23.2465 0.133443 0.990787 -0.0230919 4.81363 0.029256 -0.0272283 -0.999201 175.92 
-0.990243 0.133144 -0.0411195 -23.3667 0.134023 0.990788 -0.019398 4.71258 0.038158 -0.0247197 -0.998966 173.228 
-0.989901 0.133466 -0.0477855 -23.4786 0.134533 0.990711 -0.0198262 4.60992 0.0446954 -0.0260547 -0.998661 170.525 
-0.989715 0.133032 -0.0526005 -23.6243 0.134462 0.990613 -0.0246256 4.50269 0.0488308 -0.031445 -0.998312 167.818 
-0.989425 0.133708 -0.056221 -23.7654 0.135027 0.990633 -0.0203241 4.39441 0.0529769 -0.0277005 -0.998211 165.098 
-0.989196 0.135089 -0.0569403 -23.9046 0.136383 0.990465 -0.0194684 4.29311 0.0537674 -0.0270237 -0.998188 162.353 
-0.989177 0.135191 -0.057022 -23.9811 0.136491 0.990449 -0.019537 4.24237 0.0538361 -0.0271086 -0.998182 160.972 
-0.98869 0.13912 -0.0560219 -24.1156 0.140575 0.989805 -0.0229074 4.13139 0.0522638 -0.0305236 -0.998167 158.225 
-0.988511 0.141157 -0.0540364 -24.2506 0.142373 0.989624 -0.0193314 4.02463 0.0507469 -0.0268027 -0.998352 155.448 
-0.989034 0.138156 -0.0522012 -24.3896 0.139257 0.990092 -0.0180542 3.93076 0.0491897 -0.0251256 -0.998473 152.654 
-0.989536 0.134673 -0.0517938 -24.5168 0.135806 0.990553 -0.0190079 3.83381 0.0487446 -0.0258429 -0.998477 149.85 
-0.989355 0.135838 -0.0521897 -24.631 0.137142 0.990301 -0.0222601 3.72861 0.0486597 -0.0291806 -0.998389 147.04 
-0.989361 0.135854 -0.0520413 -24.7712 0.137078 0.990344 -0.0207061 3.61623 0.0487257 -0.0276196 -0.99843 144.218 
-0.98958 0.134484 -0.0514342 -24.905 0.135593 0.990588 -0.0186857 3.50254 0.0484372 -0.025465 -0.998502 141.376 
-0.989608 0.134367 -0.0512075 -25.0483 0.135549 0.990562 -0.0203332 3.39686 0.0479921 -0.027063 -0.998481 138.521 
-0.989387 0.136124 -0.0508266 -25.199 0.137189 0.99038 -0.0180829 3.29278 0.0478762 -0.0248638 -0.998544 135.648 
-0.989144 0.137897 -0.0507843 -25.2693 0.13901 0.990107 -0.0190634 3.24873 0.0476531 -0.025916 -0.998528 134.209 
-0.989038 0.138576 -0.0510018 -25.3276 0.139819 0.98994 -0.0216621 3.1951 0.0474869 -0.0285556 -0.998464 132.772 
-0.989039 0.138615 -0.050876 -25.3949 0.139843 0.989942 -0.0214101 3.14192 0.0473965 -0.0282901 -0.998475 131.327 
-0.989163 0.137825 -0.0505958 -25.524 0.139105 0.990017 -0.0227032 3.02026 0.0469616 -0.0294953 -0.998461 128.425 
-0.989433 0.135968 -0.0503397 -25.6614 0.137076 0.990374 -0.0192278 2.90339 0.0472407 -0.025925 -0.998547 125.507 
-0.98908 0.138594 -0.0501181 -25.7809 0.139738 0.989985 -0.0200724 2.81327 0.0468342 -0.0268566 -0.998542 122.607 
-0.988954 0.139376 -0.0504344 -25.9185 0.140443 0.98992 -0.0182562 2.69767 0.0473816 -0.0251377 -0.998561 119.683 
-0.988888 0.139351 -0.0517893 -25.9595 0.140304 0.989991 -0.0152312 2.63298 0.0491484 -0.0223282 -0.998542 118.22 
-0.989162 0.137368 -0.0518503 -26.0555 0.13831 0.990275 -0.0150293 2.58241 0.0492815 -0.0220379 -0.998542 116.763 
-0.989344 0.135412 -0.0535048 -26.1163 0.136374 0.990548 -0.0147464 2.52185 0.0510022 -0.021886 -0.998459 115.305 
-0.989405 0.134301 -0.0551358 -26.2587 0.135295 0.990697 -0.0146832 2.40868 0.0526509 -0.0219872 -0.998371 112.403 
-0.989255 0.134439 -0.0574551 -26.3932 0.135535 0.99065 -0.0155927 2.30225 0.0548216 -0.0232123 -0.998226 109.506 
-0.9896 0.131195 -0.0589902 -26.5378 0.132325 0.991083 -0.0156522 2.20037 0.0564107 -0.0232953 -0.998136 106.672 
-0.989348 0.132975 -0.0592289 -26.6343 0.134077 0.990857 -0.0150237 2.15511 0.0566896 -0.0228049 -0.998131 105.233 
-0.989613 0.130375 -0.0605755 -26.7062 0.131378 0.991249 -0.0128541 2.09803 0.0583696 -0.0206789 -0.998081 103.798 
-0.989413 0.131056 -0.0623379 -26.7861 0.132062 0.991165 -0.0122959 2.05091 0.0601757 -0.0203983 -0.997979 102.363 
-0.989316 0.130742 -0.0645043 -26.8675 0.131862 0.991177 -0.0134169 2.00337 0.062181 -0.0217793 -0.997827 100.935 
-0.988919 0.1324 -0.0671561 -27.0811 0.133523 0.990967 -0.0125076 1.9195 0.0648935 -0.0213359 -0.997664 98.1021 
-0.988424 0.133741 -0.0716281 -27.2878 0.134901 0.990791 -0.0115815 1.84649 0.0694196 -0.0211101 -0.997364 95.2909 
-0.988054 0.134364 -0.0754643 -27.4928 0.135483 0.99073 -0.00988596 1.75652 0.0734364 -0.019992 -0.997099 92.5339 
-0.987739 0.134126 -0.0798897 -27.6969 0.135089 0.990811 -0.00674363 1.66442 0.078251 -0.0174531 -0.996781 89.8388 
-0.987712 0.132948 -0.0821554 -27.7904 0.133984 0.990957 -0.00719715 1.62727 0.0804556 -0.0181162 -0.996594 88.5226 
-0.987467 0.133988 -0.0834086 -27.9078 0.135006 0.990822 -0.00666091 1.58955 0.0817506 -0.0178381 -0.996493 87.2233 
-0.987381 0.133807 -0.0847005 -28.1294 0.134623 0.990889 -0.00397733 1.50617 0.0833966 -0.0153298 -0.996399 84.6938 
-0.987396 0.13454 -0.0833507 -28.3769 0.135571 0.990744 -0.006806 1.45052 0.0816635 -0.0180201 -0.996497 82.2652 
-0.987273 0.136574 -0.081478 -28.6123 0.137575 0.990468 -0.00676764 1.35702 0.0797771 -0.0178908 -0.996652 79.9381 
-0.98746 0.135836 -0.0804463 -28.7839 0.136604 0.990617 -0.00409434 1.28306 0.0791354 -0.0150323 -0.996751 77.7157 
-0.987848 0.133852 -0.0789961 -28.9685 0.134606 0.99089 -0.00427508 1.20797 0.0777042 -0.0148565 -0.996866 75.6165 
-0.987798 0.134442 -0.0786103 -29.1284 0.135384 0.99077 -0.00675527 1.14311 0.0769766 -0.0173154 -0.996883 73.5919 
-0.987817 0.134728 -0.0778899 -29.2559 0.135588 0.990748 -0.00583534 1.08884 0.0763831 -0.0163252 -0.996945 71.6733 
-0.987974 0.133721 -0.0776229 -29.3737 0.134509 0.9909 -0.00498933 1.02755 0.0762493 -0.0153703 -0.99697 69.8572 
-0.988219 0.132557 -0.0765022 -29.4823 0.133347 0.991055 -0.00529474 0.954789 0.075116 -0.0154337 -0.997055 68.124 
-0.987646 0.137022 -0.07603 -29.6156 0.138153 0.990362 -0.00980567 0.892909 0.0739536 -0.0201883 -0.997057 66.4528 
-0.987919 0.134777 -0.0764881 -29.7138 0.13595 0.990662 -0.0103243 0.840013 0.0743824 -0.0205981 -0.997017 64.8491 
-0.987383 0.138827 -0.0761732 -29.865 0.1402 0.990038 -0.0129601 0.747972 0.0736152 -0.0234761 -0.99701 62.587 
-0.987185 0.139758 -0.0770282 -29.974 0.141029 0.989941 -0.0112853 0.688089 0.0746762 -0.0220039 -0.996965 61.1028 
-0.98665 0.143461 -0.0770786 -30.216 0.14492 0.989349 -0.0136543 0.615185 0.0742988 -0.0246422 -0.996932 58.9628 
-0.986343 0.14451 -0.0790199 -30.4392 0.146503 0.989008 -0.0199983 0.552872 0.0752613 -0.0313018 -0.996672 56.8715 
-0.986069 0.144011 -0.0832343 -30.5634 0.146086 0.989082 -0.0193606 0.442804 0.0795375 -0.0312503 -0.996342 54.0935 
-0.987563 0.132734 -0.0842665 -30.6988 0.135013 0.990601 -0.0219164 0.39234 0.0805655 -0.0330209 -0.996202 52.7369 
-0.987413 0.133653 -0.0845721 -30.8222 0.136915 0.989999 -0.0339957 0.338295 0.0791827 -0.0451469 -0.995837 51.3769 
-0.98862 0.12578 -0.0825269 -30.906 0.128659 0.991219 -0.0305258 0.224483 0.0779626 -0.0407962 -0.996121 49.295 
-0.989025 0.125194 -0.0784547 -30.9972 0.127664 0.991442 -0.0272813 0.152417 0.0743678 -0.0369978 -0.996544 47.8269 
-0.989623 0.124296 -0.0720842 -31.1054 0.126767 0.991455 -0.0307637 0.0954415 0.0676445 -0.0395824 -0.996924 46.3178 
-0.990633 0.119632 -0.0658371 -31.1742 0.121651 0.99219 -0.0275611 0.0179213 0.0620257 -0.0353121 -0.99745 44.7379 
-0.99086 0.122016 -0.0575162 -31.3121 0.12341 0.992127 -0.0213213 -0.0201774 0.0544618 -0.0282244 -0.998117 43.0913 
-0.991045 0.123662 -0.0503841 -31.4036 0.124943 0.991895 -0.023119 -0.0728662 0.0471168 -0.0292071 -0.998462 41.3796 
-0.990984 0.127034 -0.0425892 -31.4879 0.128271 0.991353 -0.0276813 -0.128614 0.0387045 -0.0328947 -0.998709 39.601 
-0.990979 0.129291 -0.0352836 -31.5457 0.130236 0.991144 -0.0259278 -0.20138 0.0316189 -0.030289 -0.999041 37.7379 
-0.990772 0.132903 -0.026611 -31.5937 0.133566 0.990726 -0.024924 -0.279394 0.0230518 -0.0282483 -0.999335 35.8138 
-0.990559 0.135809 -0.018691 -31.6191 0.136347 0.990164 -0.0313771 -0.355888 0.0142458 -0.0336293 -0.999333 33.8297 
-0.990515 0.136894 -0.0118722 -31.6587 0.137219 0.989982 -0.033273 -0.441895 0.00719839 -0.0345865 -0.999376 31.7766 
-0.990429 0.137696 -0.00945348 -31.6742 0.137941 0.98986 -0.0339142 -0.496828 0.00468775 -0.0348937 -0.99938 30.7197 
-0.990826 0.134784 -0.00984937 -31.6638 0.135071 0.990045 -0.0395829 -0.604744 0.00441617 -0.0405502 -0.999168 28.5662 
-0.990426 0.13767 -0.010143 -31.6911 0.137962 0.989686 -0.0385886 -0.712037 0.00472595 -0.0396185 -0.999204 26.3387 
-0.990254 0.138935 -0.00969243 -31.7152 0.13917 0.989796 -0.0305998 -0.817176 0.00534214 -0.0316505 -0.999485 24.0223 
-0.990455 0.137492 -0.00968806 -31.7549 0.137739 0.989926 -0.0327715 -0.850457 0.00508465 -0.0337931 -0.999416 22.8492 
-0.990667 0.135913 -0.0103747 -31.7771 0.13619 0.990107 -0.0337845 -0.952146 0.00568033 -0.0348821 -0.999375 20.4469 
-0.990815 0.134676 -0.0121439 -31.8043 0.135028 0.990207 -0.0354539 -1.05598 0.00725016 -0.036768 -0.999298 17.9805 
-0.991044 0.132681 -0.0150717 -31.8361 0.13309 0.990635 -0.0304956 -1.15711 0.0108844 -0.0322283 -0.999421 15.4492 
-0.991637 0.127354 -0.0208987 -31.8867 0.127959 0.991304 -0.0307054 -1.26201 0.0168065 -0.0331228 -0.99931 12.8568 
-0.991654 0.125962 -0.0274988 -31.95 0.127026 0.991044 -0.0411749 -1.37243 0.0220661 -0.0443243 -0.998773 10.2173 
-0.991555 0.126102 -0.0302845 -31.9913 0.127342 0.990916 -0.0432371 -1.43915 0.0245571 -0.0467285 -0.998606 8.87406 
-0.991291 0.127407 -0.0333178 -32.0049 0.12858 0.991053 -0.0358041 -1.50669 0.028458 -0.0397763 -0.998803 7.50289 
-0.991154 0.127567 -0.0366002 -32.1289 0.128657 0.99126 -0.0291567 -1.59968 0.0325609 -0.0336077 -0.998905 4.7385 
-0.991007 0.127125 -0.0417708 -32.2634 0.128479 0.991212 -0.0315038 -1.68121 0.0373988 -0.0365871 -0.99863 1.90177 
-0.990398 0.13075 -0.0449122 -32.4001 0.132196 0.990742 -0.0308834 -1.79464 0.0404584 -0.0365241 -0.998513 -1.01296 
-0.990028 0.132362 -0.0482248 -32.5507 0.133741 0.99066 -0.0265761 -1.91369 0.0442567 -0.0327607 -0.998483 -3.94932 
-0.989987 0.131769 -0.0506284 -32.5852 0.133044 0.990851 -0.0226797 -1.99083 0.0471767 -0.0291884 -0.99846 -5.42362 
-0.989865 0.131598 -0.0533822 -32.7212 0.13273 0.990984 -0.0182391 -2.1163 0.0505007 -0.0251397 -0.998408 -8.35388 
-0.989844 0.130284 -0.0568833 -32.8541 0.131597 0.991102 -0.0199705 -2.23743 0.0537754 -0.0272533 -0.998181 -11.2878 
-0.989912 0.128803 -0.0590324 -32.9856 0.130092 0.991329 -0.0185242 -2.35374 0.0561346 -0.026017 -0.998084 -14.2184 
-0.989798 0.128411 -0.0617273 -33.1254 0.129954 0.991284 -0.0216546 -2.46179 0.0584086 -0.0294554 -0.997858 -17.142 
-0.989684 0.129108 -0.0621097 -33.202 0.130586 0.991229 -0.0203329 -2.52276 0.0589398 -0.0282338 -0.997862 -18.609 
-0.989574 0.130273 -0.0614222 -33.3801 0.131347 0.991241 -0.0137567 -2.63127 0.0590921 -0.0216809 -0.998017 -21.5373 
-0.989857 0.12835 -0.060902 -33.5349 0.129655 0.991396 -0.0179756 -2.72806 0.0580709 -0.0256895 -0.997982 -24.444 
-0.990003 0.127984 -0.0592775 -33.705 0.129481 0.991335 -0.0221286 -2.84135 0.0559318 -0.0295827 -0.997996 -27.3553 
-0.99004 0.128365 -0.0578253 -33.838 0.129596 0.991403 -0.0180502 -2.96583 0.0550111 -0.0253643 -0.998164 -30.2548 
-0.990167 0.127555 -0.0574409 -33.9077 0.128591 0.991589 -0.0146963 -3.02392 0.0550832 -0.0219382 -0.998241 -31.7032 
-0.990113 0.128355 -0.0565864 -33.99 0.129397 0.991477 -0.0151394 -3.06914 0.0541609 -0.0223119 -0.998283 -33.1438 
-0.990024 0.128676 -0.0574006 -34.1354 0.130118 0.991252 -0.0221268 -3.19002 0.0540512 -0.0293749 -0.998106 -36 
-0.989642 0.131559 -0.0574572 -34.2971 0.132827 0.99096 -0.0188284 -3.29945 0.0544608 -0.0262653 -0.99817 -38.8689 
-0.989689 0.130985 -0.0579586 -34.4629 0.132274 0.991032 -0.0189758 -3.41658 0.0549533 -0.0264466 -0.998139 -41.7191 
-0.989873 0.12941 -0.05834 -34.5402 0.130737 0.991225 -0.01952 -3.47226 0.055302 -0.0269495 -0.998106 -43.143 
-0.989681 0.130487 -0.0592082 -34.6901 0.131935 0.991031 -0.0212181 -3.59147 0.0559085 -0.0288107 -0.99802 -45.9791 
-0.989133 0.134199 -0.060062 -34.8482 0.135611 0.990559 -0.0200787 -3.69917 0.0568004 -0.0280056 -0.997993 -48.8105 
-0.989252 0.13308 -0.0605846 -35.0224 0.134535 0.990695 -0.0205814 -3.79839 0.0572819 -0.028511 -0.997951 -51.6314 
-0.989601 0.130301 -0.06092 -35.1946 0.131742 0.991077 -0.0202627 -3.9146 0.0577362 -0.0280778 -0.997937 -54.4386 
-0.989551 0.131274 -0.0596232 -35.3868 0.132615 0.990984 -0.0190964 -4.02198 0.0565788 -0.0268038 -0.998038 -57.2066 
-0.989465 0.131817 -0.0598545 -35.474 0.133142 0.990921 -0.0187015 -4.08116 0.0568459 -0.0264736 -0.998032 -58.5897 
-0.989288 0.133066 -0.0600183 -35.6439 0.134297 0.990796 -0.0169402 -4.19826 0.0572117 -0.024819 -0.998054 -61.3675 
-0.98973 0.12889 -0.0618271 -35.7963 0.130556 0.991158 -0.0236841 -4.30901 0.0582278 -0.0315127 -0.997806 -64.112 
-0.990757 0.120749 -0.0618039 -35.9396 0.122358 0.992221 -0.022933 -4.43246 0.058554 -0.0302832 -0.997825 -66.8326 
-0.990672 0.121937 -0.060827 -36.126 0.123289 0.99219 -0.0189623 -4.53125 0.0580397 -0.0262847 -0.997968 -69.5598 
-0.989425 0.132553 -0.0588936 -36.3317 0.133671 0.990905 -0.015444 -4.61827 0.0563108 -0.023153 -0.998145 -72.2741 
-0.989039 0.13546 -0.0587606 -36.4062 0.136631 0.990487 -0.0163802 -4.6632 0.0559827 -0.0242292 -0.998138 -73.6347 
-0.988967 0.135613 -0.0596083 -36.4634 0.136946 0.990399 -0.0188657 -4.71294 0.0564775 -0.0268207 -0.998044 -74.9955 
-0.989265 0.132952 -0.0606517 -36.598 0.134467 0.990682 -0.0216102 -4.82237 0.0572134 -0.0295339 -0.997925 -77.7176 
-0.989463 0.131452 -0.0606929 -36.7769 0.132989 0.990873 -0.0220165 -4.91411 0.0572448 -0.0298561 -0.997914 -80.4586 
-0.989463 0.131379 -0.0608499 -36.9517 0.133037 0.99082 -0.0240238 -5.02418 0.057135 -0.0318659 -0.997858 -83.2084 
-0.989533 0.131053 -0.060411 -37.1228 0.132691 0.990868 -0.023947 -5.13483 0.056721 -0.0317123 -0.997886 -85.9667 
-0.989686 0.129904 -0.0603861 -37.1999 0.131509 0.991039 -0.0233945 -5.18845 0.0568059 -0.0310945 -0.997901 -87.3546 
-0.989797 0.129368 -0.0597095 -37.2984 0.130825 0.99118 -0.0211585 -5.23504 0.0564456 -0.0287542 -0.997992 -88.7461 
-0.98994 0.128308 -0.0596312 -37.4662 0.129956 0.991214 -0.0246058 -5.34017 0.0559501 -0.0321077 -0.997917 -91.5077 
-0.989792 0.130277 -0.0577897 -37.6357 0.131874 0.990958 -0.0247121 -5.44387 0.0540477 -0.0320808 -0.998023 -94.2875 
-0.990252 0.126407 -0.0585043 -37.7621 0.128324 0.991271 -0.0302579 -5.57322 0.0541688 -0.0374705 -0.997828 -97.0987 
-0.990098 0.12759 -0.0585332 -37.884 0.129439 0.991164 -0.0289631 -5.70807 0.0543207 -0.0362528 -0.997865 -99.9144 
-0.989531 0.132494 -0.0572167 -37.9935 0.134303 0.990516 -0.0290013 -5.75035 0.0528315 -0.036382 -0.99794 -101.329 
-0.989445 0.133349 -0.0567211 -38.07 0.135163 0.990386 -0.0294275 -5.82103 0.0522517 -0.0367835 -0.997956 -102.747 
-0.989571 0.132345 -0.0568689 -38.2303 0.13427 0.990445 -0.0314671 -5.94553 0.052161 -0.0387747 -0.997886 -105.588 
-0.989595 0.133269 -0.0542265 -38.367 0.134828 0.990523 -0.0261838 -6.09688 0.0502231 -0.0332226 -0.998185 -108.427 
-0.988784 0.139985 -0.0520616 -38.5212 0.141537 0.989553 -0.0274057 -6.21222 0.0476813 -0.034467 -0.998268 -111.258 
-0.98841 0.142939 -0.0511207 -38.6639 0.144386 0.989185 -0.0258049 -6.34322 0.0468793 -0.0328869 -0.998359 -114.104 
-0.987977 0.146074 -0.050637 -38.7401 0.147501 0.988729 -0.0256669 -6.39866 0.046317 -0.0328273 -0.998387 -115.521 
-0.987536 0.149089 -0.0504416 -38.8074 0.150484 0.988294 -0.0250787 -6.46179 0.0461122 -0.0323568 -0.998412 -116.934 
-0.986939 0.153669 -0.0483517 -38.9917 0.154913 0.987658 -0.0231095 -6.5764 0.0442037 -0.030298 -0.998563 -119.761 
-0.986095 0.159112 -0.0479652 -39.1329 0.160693 0.986515 -0.0310969 -6.70324 0.0423705 -0.0383721 -0.998365 -122.56 
-0.985929 0.160337 -0.0472837 -39.2877 0.161836 0.986368 -0.0297817 -6.83036 0.0418641 -0.0370149 -0.998437 -125.368 
-0.986033 0.159914 -0.0465517 -39.4363 0.161386 0.986442 -0.0297678 -6.96283 0.0411602 -0.0368648 -0.998472 -128.168 
-0.985904 0.160734 -0.0464577 -39.4805 0.162186 0.986323 -0.0293698 -7.02975 0.0411016 -0.0364906 -0.998488 -129.563 
-0.985942 0.160568 -0.0462254 -39.5441 0.161981 0.986378 -0.0286278 -7.0958 0.0409991 -0.035713 -0.998521 -130.964 
-0.985542 0.162865 -0.0467093 -39.6795 0.164417 0.985886 -0.0315527 -7.21194 0.0409112 -0.0387763 -0.99841 -133.743 
-0.985375 0.162963 -0.0497908 -39.8181 0.164615 0.985869 -0.0310668 -7.32166 0.0440245 -0.0388087 -0.998276 -136.54 
-0.98545 0.161863 -0.0518609 -39.9484 0.163644 0.985996 -0.0321214 -7.46951 0.0459353 -0.0401407 -0.998138 -139.335 
-0.985462 0.161247 -0.0535182 -40.0843 0.163026 0.986144 -0.0307141 -7.60272 0.047824 -0.0389925 -0.998094 -142.129 
-0.985463 0.161068 -0.0540359 -40.1667 0.162846 0.986187 -0.0302826 -7.66565 0.0484119 -0.0386419 -0.99808 -143.524 
-0.985312 0.16161 -0.0551583 -40.3102 0.163423 0.986097 -0.0300909 -7.79472 0.0495285 -0.0386631 -0.998024 -146.304 
-0.985038 0.163273 -0.0551618 -40.4474 0.16527 0.985669 -0.0337879 -7.93554 0.0488547 -0.0423989 -0.997906 -149.082 
-0.985052 0.163125 -0.0553489 -40.5755 0.165098 0.98572 -0.0331407 -8.08095 0.0491524 -0.0417833 -0.997917 -151.846 
-0.984597 0.16661 -0.0530029 -40.7206 0.168303 0.985302 -0.0292392 -8.21713 0.0473523 -0.0377094 -0.998166 -154.6 
-0.984214 0.169637 -0.0504581 -40.8645 0.171447 0.984607 -0.0339773 -8.35579 0.0439176 -0.0420918 -0.998148 -157.324 
-0.98432 0.169174 -0.0499473 -40.9351 0.171074 0.984579 -0.0365699 -8.42689 0.0429904 -0.0445412 -0.998082 -158.679 
-0.984515 0.168346 -0.0488804 -41.0514 0.169916 0.985004 -0.0299314 -8.59466 0.0431085 -0.0377734 -0.998356 -161.391 
-0.984081 0.171117 -0.048004 -41.1727 0.172548 0.984619 -0.0274196 -8.72707 0.0425737 -0.0352661 -0.998471 -164.086 
-0.984213 0.169908 -0.0495568 -41.3182 0.171541 0.984697 -0.0307631 -8.85364 0.0435715 -0.0387785 -0.998297 -166.763 
-0.98419 0.169836 -0.0502552 -41.454 0.171501 0.9847 -0.0308631 -8.97587 0.0442447 -0.038994 -0.998259 -169.396 
-0.983986 0.170743 -0.05118 -41.5952 0.172434 0.984543 -0.0306675 -9.1048 0.0451527 -0.0390016 -0.998218 -172.051 
-0.984125 0.169842 -0.0514922 -41.6813 0.171599 0.984653 -0.0318209 -9.16135 0.0452974 -0.0401517 -0.998166 -173.371 
-0.983778 0.171869 -0.0513989 -41.8178 0.173529 0.984379 -0.0297717 -9.27508 0.0454791 -0.038208 -0.998234 -175.993 
-0.983804 0.171222 -0.0530326 -41.9631 0.172922 0.9845 -0.029279 -9.41507 0.0471974 -0.0379753 -0.998163 -178.606 
-0.983875 0.170092 -0.0552995 -42.0945 0.171869 0.98469 -0.0290965 -9.54963 0.0495038 -0.0381315 -0.998046 -181.221 
-0.98368 0.170949 -0.0561316 -42.1699 0.172767 0.984528 -0.0292781 -9.60428 0.050258 -0.038498 -0.997994 -182.517 
-0.983994 0.168529 -0.0579039 -42.2065 0.170436 0.984921 -0.0297067 -9.66708 0.0520243 -0.0391002 -0.99788 -183.808 
-0.984031 0.167851 -0.0592441 -42.2718 0.169864 0.984989 -0.0307146 -9.73221 0.0531993 -0.0402875 -0.997771 -185.092 
-0.983784 0.169239 -0.0593975 -42.3551 0.171355 0.984673 -0.032515 -9.79056 0.0529843 -0.0421658 -0.997705 -186.377 
-0.983831 0.168845 -0.0597356 -42.4888 0.170773 0.984891 -0.0287504 -9.9292 0.0539786 -0.0384868 -0.9978 -188.928 
-0.983976 0.167896 -0.0600258 -42.6251 0.169943 0.984973 -0.0307749 -10.0515 0.0539569 -0.0404827 -0.997722 -191.467 
-0.983808 0.169024 -0.0596071 -42.7718 0.171017 0.984809 -0.0300594 -10.178 0.0536208 -0.0397665 -0.997769 -193.994 
-0.983889 0.168887 -0.0586569 -42.922 0.170761 0.9849 -0.0285227 -10.299 0.052954 -0.0380795 -0.997871 -196.499 
-0.983957 0.168064 -0.0598542 -42.9735 0.17 0.985022 -0.0288435 -10.3643 0.0541102 -0.038556 -0.99779 -197.747 
-0.984034 0.167653 -0.0597508 -43.043 0.169576 0.9851 -0.0286775 -10.4287 0.0540526 -0.0383519 -0.997801 -198.985 
-0.98419 0.166514 -0.0603532 -43.1223 0.168472 0.985282 -0.0289131 -10.4919 0.0546505 -0.0386238 -0.997758 -200.212 
-0.984478 0.164358 -0.0615586 -43.1965 0.166374 0.985631 -0.0291639 -10.548 0.0558808 -0.0389529 -0.997677 -201.431 
-0.984738 0.161634 -0.0645442 -43.3353 0.163641 0.986148 -0.0270949 -10.6699 0.0592707 -0.0372435 -0.997547 -203.844 
-0.984813 0.16032 -0.0666371 -43.4918 0.162417 0.986345 -0.0272978 -10.7868 0.0613508 -0.0377062 -0.997404 -206.218 
-0.984445 0.162296 -0.0672898 -43.6828 0.164524 0.985947 -0.028977 -10.9053 0.0616414 -0.0395971 -0.997313 -208.54 
-0.984351 0.162806 -0.0674358 -43.7481 0.164916 0.985939 -0.0269583 -10.9612 0.0620987 -0.0376577 -0.997359 -209.689 
-0.984137 0.164297 -0.0669371 -43.8214 0.166291 0.985751 -0.0253579 -11.0134 0.061817 -0.0360867 -0.997435 -210.823 
-0.983731 0.166871 -0.0665403 -43.8966 0.168813 0.985339 -0.0246887 -11.0695 0.0614449 -0.0355199 -0.997478 -211.936 
-0.983436 0.169074 -0.065322 -43.9908 0.171004 0.984949 -0.0251424 -11.122 0.060088 -0.0358962 -0.997547 -213.027 
-0.98371 0.167016 -0.0664896 -44.0404 0.168893 0.985351 -0.0236387 -11.1802 0.0615675 -0.0344832 -0.997507 -214.106 
-0.983478 0.168445 -0.0663176 -44.2655 0.17022 0.985159 -0.0220533 -11.2255 0.0616186 -0.0329775 -0.997555 -216.171 
-0.983523 0.16672 -0.0699096 -44.3838 0.168647 0.985418 -0.0225915 -11.3288 0.0651237 -0.0340093 -0.997297 -218.155 
-0.983023 0.168881 -0.0717287 -44.5125 0.170768 0.985087 -0.0210128 -11.4316 0.0671104 -0.0329051 -0.997203 -220.025 
-0.98267 0.172197 -0.0686134 -44.6694 0.174058 0.984487 -0.0220981 -11.5212 0.0637438 -0.0336578 -0.997399 -221.778 
-0.982522 0.178919 -0.0513749 -44.756 0.180439 0.983226 -0.0266182 -11.605 0.0457507 -0.035423 -0.998325 -223.414 
-0.982985 0.183353 -0.0110317 -44.7863 0.18362 0.982459 -0.0325411 -11.6866 0.00487172 -0.0340131 -0.99941 -224.945 
-0.982884 0.17925 0.0425214 -44.6621 0.177877 0.983459 -0.0341664 -11.7851 -0.0479424 -0.0260181 -0.998511 -226.37 
-0.972279 0.181183 0.147806 -44.3743 0.174793 0.983054 -0.0552412 -11.9464 -0.15531 -0.0278743 -0.987472 -228.278 
-0.95482 0.179176 0.237097 -44.0373 0.166666 0.983384 -0.071965 -12.0641 -0.246052 -0.0291976 -0.968817 -229.398 
-0.902756 0.178343 0.391439 -43.2112 0.152981 0.98362 -0.0953341 -12.2997 -0.40203 -0.0261808 -0.915252 -230.8 
-0.812619 0.172507 0.55668 -42.2791 0.129233 0.984746 -0.116509 -12.5343 -0.568287 -0.0227357 -0.822516 -232.034 
-0.679944 0.162814 0.71496 -41.1229 0.0989585 0.986492 -0.130537 -12.7839 -0.726556 -0.0180064 -0.686871 -233.019 
-0.517222 0.148175 0.842927 -39.8325 0.0573664 0.988686 -0.138597 -13.0333 -0.853927 -0.0233297 -0.51987 -233.713 
-0.331669 0.147569 0.931783 -38.4762 0.0275515 0.988784 -0.14679 -13.2756 -0.942993 -0.0230135 -0.332015 -234.142 
-0.133281 0.136298 0.981661 -37.0421 -0.00744653 0.990333 -0.138513 -13.4851 -0.99105 -0.0257711 -0.130978 -234.251 
0.0772612 0.102039 0.991776 -35.5682 -0.0348292 0.994418 -0.0995974 -13.6977 -0.996402 -0.0268478 0.0803839 -234.103 
0.28514 0.0858124 0.954637 -34.1062 -0.0579901 0.995704 -0.0721829 -13.8409 -0.95673 -0.0347772 0.288892 -233.551 
0.416783 0.0746827 0.905933 -33.1698 -0.065782 0.996484 -0.0518838 -13.8958 -0.906623 -0.0379698 0.42023 -232.989 
0.534833 0.0678469 0.84223 -32.3675 -0.073825 0.996711 -0.0334111 -13.9438 -0.841727 -0.0443083 0.538083 -232.219 
0.640899 0.0702598 0.764403 -31.5639 -0.0797872 0.996506 -0.0246974 -13.9832 -0.763467 -0.045161 0.644266 -231.386 
0.732051 0.0694408 0.677702 -30.7835 -0.0798752 0.996679 -0.0158439 -14.005 -0.676551 -0.042533 0.735166 -230.411 
0.81322 0.0672237 0.578061 -30.0563 -0.0834787 0.996508 0.00155267 -14.0151 -0.575938 -0.0495185 0.815992 -229.345 
0.880964 0.0660246 0.468554 -29.434 -0.0835414 0.996365 0.0166732 -13.985 -0.46575 -0.0538322 0.883277 -228.154 
0.927291 0.0716717 0.367417 -28.9533 -0.0879414 0.99574 0.0277094 -13.9497 -0.363866 -0.0580058 0.929644 -226.804 
0.955105 0.0805607 0.285105 -28.5735 -0.0941389 0.994971 0.0342223 -13.8989 -0.280914 -0.0595254 0.957885 -225.347 
0.972818 0.0783849 0.217902 -28.2635 -0.0900736 0.994953 0.0442214 -13.8442 -0.213336 -0.0626466 0.974968 -223.778 
0.983134 0.0831556 0.162887 -27.9966 -0.0924805 0.994432 0.0505144 -13.7729 -0.157779 -0.0647263 0.985351 -222.114 
0.987709 0.0929874 0.125634 -27.7769 -0.100166 0.993607 0.0520675 -13.6839 -0.11999 -0.0640118 0.990709 -220.359 
0.988409 0.101128 0.113231 -27.6107 -0.107551 0.992833 0.0521181 -13.5937 -0.107149 -0.0636921 0.992201 -218.531 
0.988732 0.0997478 0.111624 -27.4092 -0.106313 0.992839 0.0544829 -13.5058 -0.10539 -0.065736 0.992256 -216.603 
0.989471 0.0968904 0.107516 -27.1879 -0.103274 0.993105 0.0554768 -13.4146 -0.1014 -0.0659963 0.992654 -214.6 
0.990047 0.0961496 0.102769 -26.9576 -0.102332 0.993135 0.0566725 -13.3151 -0.0966148 -0.066625 0.993089 -212.533 
0.990543 0.0942572 0.099702 -26.7652 -0.100553 0.993114 0.0601131 -13.2022 -0.0933494 -0.0695699 0.9932 -210.387 
0.991011 0.0927857 0.0963734 -26.5679 -0.0986507 0.993432 0.0579785 -13.0943 -0.0903609 -0.0669646 0.993655 -208.169 
0.99095 0.0946985 0.0951314 -26.3857 -0.100473 0.993256 0.0578559 -12.9886 -0.089011 -0.0668905 0.993782 -205.888 
0.991033 0.0938829 0.0950727 -26.2033 -0.0995117 0.993443 0.0562954 -12.8833 -0.0891641 -0.0652515 0.993877 -203.546 
0.990886 0.0931543 0.0972966 -26.0016 -0.0989733 0.993468 0.0567897 -12.755 -0.0913709 -0.0659019 0.993634 -201.138 
0.990343 0.095839 0.100181 -25.7729 -0.10135 0.99352 0.051437 -12.6567 -0.0946019 -0.0610935 0.993639 -198.678 
0.990352 0.0928916 0.102826 -25.5124 -0.0981907 0.994023 0.0477222 -12.5383 -0.0977781 -0.0573584 0.993554 -196.153 
0.990645 0.0914265 0.101313 -25.247 -0.0967335 0.994115 0.04876 -12.4395 -0.0962593 -0.0581042 0.993659 -193.567 
0.990987 0.0921392 0.0972357 -25.003 -0.0968835 0.994267 0.0452436 -12.3437 -0.0925095 -0.0542563 0.994232 -190.926 
0.991555 0.091376 0.0920239 -24.7744 -0.0961452 0.994171 0.0487914 -12.2418 -0.0870291 -0.057227 0.994561 -188.211 
0.991401 0.0954076 0.0895599 -24.5072 -0.0999671 0.993838 0.047877 -12.1284 -0.0844402 -0.0564183 0.99483 -185.463 
0.991386 0.096851 0.0881663 -24.2965 -0.101159 0.993817 0.0457707 -12.0196 -0.0831882 -0.0542953 0.995054 -182.65 
0.991236 0.0993035 0.0871216 -24.0677 -0.103671 0.993495 0.0471229 -11.922 -0.0818754 -0.055742 0.995083 -179.776 
0.991073 0.100069 0.0880945 -23.8161 -0.104874 0.993141 0.0517044 -11.8063 -0.0823162 -0.0604817 0.994769 -176.838 
0.991223 0.0975098 0.0892633 -23.5841 -0.103125 0.99282 0.0606149 -11.6771 -0.0827118 -0.0692882 0.994162 -173.834 
0.990903 0.0997496 0.0903417 -23.3231 -0.10612 0.991978 0.068689 -11.5224 -0.0827653 -0.0776512 0.993539 -170.821 
0.991016 0.0985229 0.0904467 -23.0819 -0.105105 0.991913 0.0711463 -11.3684 -0.0827057 -0.0800135 0.993357 -167.819 
0.991205 0.0971088 0.089902 -22.9588 -0.103494 0.992213 0.0693055 -11.2988 -0.0824717 -0.0780002 0.993536 -166.324 
0.991301 0.0959304 0.0901053 -22.6875 -0.102168 0.992484 0.067365 -11.1537 -0.0829657 -0.0759849 0.993651 -163.333 
0.991493 0.0926137 0.0914523 -22.4316 -0.099109 0.992665 0.0692328 -10.9976 -0.0843696 -0.0777076 0.9934 -160.327 
0.991271 0.0937254 0.0927263 -22.1792 -0.100211 0.992644 0.0679413 -10.8495 -0.0856764 -0.0766404 0.993371 -157.335 
0.991214 0.0926728 0.0943746 -21.9253 -0.099588 0.992464 0.071403 -10.6874 -0.0870462 -0.0801742 0.992973 -154.344 
0.991389 0.0902934 0.0948427 -21.7775 -0.097395 0.992556 0.0731217 -10.6187 -0.0875343 -0.0817292 0.992803 -152.855 
0.991382 0.0924357 0.0928274 -21.4711 -0.0988892 0.992806 0.0675045 -10.46 -0.0859198 -0.0761024 0.993391 -149.889 
0.990988 0.0969694 0.0924058 -21.2374 -0.103367 0.992374 0.0671532 -10.3197 -0.0851893 -0.0760997 0.993454 -146.925 
0.991295 0.0952387 0.0909092 -20.9704 -0.101431 0.992644 0.0661076 -10.1682 -0.0839445 -0.0747531 0.993663 -143.968 
0.991655 0.091908 0.0904063 -20.7373 -0.0983228 0.992742 0.0692587 -10.0086 -0.0833847 -0.0775697 0.993494 -141.015 
0.992062 0.0911061 0.0866801 -20.4793 -0.0968689 0.993187 0.0647723 -9.86175 -0.0801884 -0.0726547 0.994128 -138.073 
0.992272 0.0904553 0.0849385 -20.2473 -0.0965241 0.992846 0.0702862 -9.717 -0.0779731 -0.0779416 0.993904 -135.138 
0.992484 0.0895831 0.083368 -20.034 -0.0954537 0.993018 0.0693143 -9.562 -0.0765765 -0.0767511 0.994105 -132.223 
0.992192 0.0928145 0.083307 -19.8255 -0.0986814 0.992703 0.0693065 -9.42235 -0.0762664 -0.0769862 0.994111 -129.316 
0.992433 0.0918486 0.0814909 -19.5683 -0.0975187 0.992869 0.0685608 -9.27979 -0.0746126 -0.0759888 0.994313 -126.423 
0.992534 0.0904119 0.0818598 -19.4605 -0.0961184 0.992998 0.0686785 -9.20802 -0.0750773 -0.076034 0.994275 -124.976 
0.992779 0.0871345 0.082442 -19.2299 -0.0928997 0.99329 0.0688855 -9.06304 -0.0758865 -0.0760469 0.994212 -122.09 
0.992577 0.0874845 0.0844771 -19.003 -0.093485 0.993164 0.0698966 -8.91178 -0.0777848 -0.0772751 0.993971 -119.216 
0.992426 0.0884175 0.0852872 -18.7672 -0.0942105 0.993331 0.0664701 -8.77101 -0.0788413 -0.0740016 0.994137 -116.35 
0.99181 0.092336 0.0882424 -18.5523 -0.0984886 0.992804 0.0681129 -8.62945 -0.0813181 -0.0762459 0.993768 -113.493 
0.991713 0.0922906 0.0893798 -18.4474 -0.0986546 0.992684 0.0696081 -8.55253 -0.0823017 -0.077849 0.993562 -112.067 
0.991348 0.0939407 0.0916734 -18.3511 -0.100448 0.992536 0.0691529 -8.47721 -0.0844929 -0.077763 0.993385 -110.646 
0.991276 0.0929099 0.0934881 -18.1094 -0.0992079 0.992933 0.065133 -8.34923 -0.0867759 -0.0738395 0.993488 -107.816 
0.990826 0.0942901 0.0968165 -17.8571 -0.10105 0.992592 0.06746 -8.21695 -0.0897384 -0.0766244 0.993013 -104.996 
0.990549 0.0959974 0.0979669 -17.5903 -0.101952 0.993115 0.057694 -8.09614 -0.0917539 -0.0671366 0.993516 -102.203 
0.99029 0.0964507 0.10011 -17.3374 -0.102219 0.993286 0.0541734 -7.99337 -0.0942132 -0.0638806 0.9935 -99.41 
0.990103 0.0969676 0.101458 -17.2133 -0.102801 0.993239 0.0539283 -7.9413 -0.0955424 -0.0638245 0.993377 -98.0185 
0.989546 0.0996612 0.104237 -17.1326 -0.105758 0.992887 0.0546809 -7.86911 -0.0980463 -0.0651332 0.993048 -96.6324 
0.989643 0.0979227 0.10497 -16.8435 -0.104238 0.992949 0.0564515 -7.76114 -0.0987021 -0.0668087 0.992872 -93.8693 
0.989808 0.0975913 0.103715 -16.5596 -0.103548 0.993175 0.0536804 -7.65939 -0.0977684 -0.0638728 0.993157 -91.1223 
0.989965 0.0980525 0.101758 -16.299 -0.104063 0.993019 0.0555326 -7.55656 -0.0956025 -0.0655646 0.993258 -88.3842 
0.99009 0.0989325 0.0996708 -16.045 -0.10499 0.992811 0.0574703 -7.45411 -0.0932686 -0.0673652 0.993359 -85.6569 
0.990471 0.0968051 0.0979565 -15.7905 -0.102424 0.993271 0.0540485 -7.34826 -0.0920652 -0.0635666 0.993722 -82.9395 
0.990322 0.0987466 0.0975283 -15.5222 -0.104331 0.99308 0.0539104 -7.24582 -0.09153 -0.0635638 0.993772 -80.2268 
0.990367 0.0999 0.0958827 -15.2649 -0.105413 0.992948 0.0542514 -7.15236 -0.0897868 -0.063836 0.993913 -77.513 
0.990295 0.100431 0.0960708 -15.0443 -0.106006 0.992855 0.054785 -7.05087 -0.0898823 -0.0644374 0.993866 -74.8054 
0.990268 0.100429 0.0963483 -14.8188 -0.105992 0.992875 0.0544546 -6.95355 -0.0901929 -0.0641367 0.993857 -72.1029 
0.990276 0.100574 0.0961116 -14.6972 -0.106112 0.992868 0.0543494 -6.90604 -0.08996 -0.0640196 0.993886 -70.7534 
0.9901 0.101695 0.096746 -14.4632 -0.107452 0.992617 0.0562659 -6.79884 -0.0903097 -0.0661044 0.993717 -68.0572 
0.99026 0.100222 0.0966471 -14.2329 -0.105887 0.992835 0.0553696 -6.69605 -0.0904054 -0.0650639 0.993777 -65.3668 
0.990499 0.0984974 0.0959687 -13.9833 -0.104113 0.993023 0.0553697 -6.59422 -0.0898453 -0.0648352 0.993843 -62.6749 
0.990445 0.0980973 0.0969286 -13.7374 -0.103832 0.993017 0.0559931 -6.48783 -0.090759 -0.0655224 0.993715 -59.985 
0.990443 0.0981555 0.0968961 -13.4849 -0.103765 0.9931 0.0546455 -6.38951 -0.0908637 -0.0641776 0.993793 -57.3011 
0.990366 0.0993172 0.0964948 -13.351 -0.104933 0.992959 0.0549717 -6.32965 -0.0903557 -0.0645677 0.993814 -55.9625 
0.990715 0.0973327 0.0949213 -13.2171 -0.102847 0.993174 0.0550285 -6.28578 -0.0889173 -0.0642799 0.993963 -54.6247 
0.990893 0.0965523 0.0938537 -12.9846 -0.102147 0.993149 0.0567503 -6.18935 -0.0877313 -0.0658204 0.993967 -51.9535 
0.990961 0.0955025 0.0942064 -12.7615 -0.101165 0.993219 0.057279 -6.08673 -0.0880973 -0.0662917 0.993904 -49.2944 
0.990824 0.0946544 0.0964792 -12.555 -0.100312 0.993403 0.0555686 -5.98115 -0.090583 -0.0647367 0.993783 -46.6491 
0.990732 0.0938431 0.0981982 -12.3393 -0.0997107 0.993403 0.0566476 -5.88638 -0.0922344 -0.0659141 0.993553 -44.0243 
0.990757 0.0929176 0.0988284 -12.2331 -0.0988225 0.993493 0.0566249 -5.83555 -0.0929238 -0.065868 0.993492 -42.7124 
0.990953 0.0907295 0.0988923 -12.0889 -0.0966287 0.993711 0.0565838 -5.77576 -0.0931366 -0.0656278 0.993488 -41.4115 
0.990969 0.0908843 0.0985973 -11.8282 -0.0969956 0.993531 0.0590607 -5.68284 -0.0925918 -0.0680908 0.993373 -38.8095 
0.991109 0.0923239 0.0958073 -11.5687 -0.0982733 0.993388 0.05935 -5.58053 -0.0896944 -0.0682377 0.993629 -36.217 
0.991029 0.0946235 0.0943857 -11.3537 -0.100896 0.992833 0.064049 -5.46786 -0.0876487 -0.0729975 0.993473 -33.6324 
0.991088 0.0947817 0.0935981 -11.1115 -0.101589 0.9923 0.0708503 -5.32625 -0.0861621 -0.0797274 0.993086 -31.0597 
0.991531 0.0922325 0.0914337 -10.8912 -0.0987763 0.992657 0.0698265 -5.18683 -0.084322 -0.0782666 0.99336 -28.5044 
0.99155 0.0942326 0.0891601 -10.7763 -0.100544 0.992526 0.0691593 -5.1309 -0.0819767 -0.0775394 0.993613 -27.2271 
0.991401 0.0964964 0.0883885 -10.6694 -0.102722 0.992326 0.0688238 -5.06534 -0.081069 -0.0773115 0.993706 -25.9573 
0.991651 0.0956213 0.0865202 -10.5599 -0.101652 0.99248 0.0682008 -4.99772 -0.0793481 -0.0764263 0.993913 -24.6902 
0.991494 0.0981661 0.0854565 -10.3684 -0.10412 0.992221 0.0682429 -4.87723 -0.0780926 -0.0765601 0.994002 -22.1611 
0.991495 0.0988644 0.084633 -10.2744 -0.104819 0.99209 0.0690641 -4.8176 -0.0771356 -0.0773478 0.994016 -20.8967 
0.991613 0.0994951 0.0824861 -10.0623 -0.105232 0.992093 0.068392 -4.68566 -0.0750292 -0.0764986 0.994243 -18.382 
0.991787 0.0979635 0.0822307 -9.89177 -0.103545 0.992393 0.0665935 -4.55454 -0.0750814 -0.0745611 0.994386 -15.8828 
0.991903 0.0973708 0.0815351 -9.78908 -0.102906 0.992453 0.0666847 -4.48959 -0.0744266 -0.0745352 0.994437 -14.6373 
0.991698 0.0993977 0.0815821 -9.68241 -0.105049 0.992128 0.0681672 -4.42375 -0.0741643 -0.0761714 0.994333 -13.3928 
0.991616 0.100134 0.0816795 -9.60593 -0.105711 0.992133 0.0670628 -4.36677 -0.0743217 -0.0751349 0.9944 -12.1515 
0.991142 0.105262 0.0809827 -9.48417 -0.11067 0.991699 0.0654608 -4.29974 -0.0734199 -0.0738432 0.994564 -10.9232 
0.99069 0.108887 0.0817146 -9.30892 -0.114382 0.99125 0.0658736 -4.17629 -0.0738269 -0.0746071 0.994476 -8.45024 
0.990458 0.109995 0.0830259 -9.23931 -0.115632 0.991068 0.0664365 -4.1202 -0.0749766 -0.075403 0.99433 -7.22039 
0.990169 0.109885 0.0865518 -9.06878 -0.116017 0.990826 0.0693125 -3.99679 -0.0781414 -0.0786725 0.993833 -4.78528 
0.990275 0.106429 0.0896066 -8.86371 -0.112309 0.991652 0.0633501 -3.88396 -0.0821163 -0.0727976 0.99396 -2.40491 
0.989924 0.10776 0.0918579 -8.7721 -0.113888 0.991411 0.0642915 -3.8293 -0.0841409 -0.0741052 0.993694 -1.2452 
0.989745 0.106372 0.095339 -8.68196 -0.113092 0.991249 0.0680887 -3.78127 -0.0872619 -0.0781726 0.993113 -0.0987644 
0.98926 0.107802 0.0987084 -8.58261 -0.114826 0.991023 0.0684707 -3.73181 -0.090441 -0.0790696 0.992758 1.01854 
0.988984 0.107431 0.10183 -8.48211 -0.114324 0.991351 0.0644425 -3.68213 -0.0940264 -0.0753742 0.992712 2.12094 
0.988761 0.107603 0.10379 -8.34911 -0.114127 0.991707 0.0590947 -3.63266 -0.0965705 -0.0702758 0.992842 3.21091 
0.988936 0.104436 0.105355 -8.21994 -0.110503 0.992436 0.053479 -3.59117 -0.0989726 -0.0645293 0.992996 4.29668 
0.988912 0.102406 0.107545 -8.11731 -0.108429 0.992758 0.0517225 -3.55773 -0.101469 -0.0628099 0.992854 5.38682 
0.989109 0.0988814 0.109022 -8.00861 -0.105224 0.99298 0.0540298 -3.51472 -0.102915 -0.0649131 0.99257 6.47389 
0.98889 0.0987265 0.111132 -7.78116 -0.105275 0.992939 0.0546779 -3.43636 -0.104949 -0.0657698 0.9923 8.64121 
0.988711 0.0987806 0.112662 -7.55082 -0.105151 0.993092 0.0520684 -3.36179 -0.106741 -0.0633272 0.992268 10.7895 
0.989135 0.0947336 0.112416 -7.40462 -0.10122 0.993427 0.0534583 -3.3316 -0.106613 -0.0642563 0.992222 11.8553 
0.988985 0.0959585 0.112697 -7.29878 -0.102661 0.993181 0.0552415 -3.30003 -0.106628 -0.0662026 0.992093 12.9242 
0.988996 0.0955478 0.112952 -7.20138 -0.102346 0.993172 0.0559939 -3.2515 -0.106831 -0.066938 0.992021 13.9872 
0.989479 0.0927047 0.111075 -7.07397 -0.0994783 0.993402 0.0570659 -3.21295 -0.105052 -0.0675151 0.992172 15.0424 
0.990029 0.0900425 0.108328 -6.96332 -0.0966488 0.993665 0.0573533 -3.17038 -0.102478 -0.0672513 0.992459 16.0979 
0.990731 0.0872277 0.104128 -6.84832 -0.0933634 0.99408 0.0555734 -3.1396 -0.098664 -0.0647801 0.99301 17.1459 
0.991145 0.0871374 0.100196 -6.75085 -0.092725 0.994305 0.052524 -3.11036 -0.0950482 -0.0613495 0.99358 18.1952 
0.991284 0.0893358 0.0968217 -6.68639 -0.0944321 0.994305 0.0493898 -3.06937 -0.0918581 -0.0581024 0.994076 19.2498 
0.991578 0.0912156 0.0919387 -6.5839 -0.0959776 0.994188 0.0487693 -3.03869 -0.0869559 -0.0571826 0.99457 20.3072 
0.992107 0.090902 0.0863716 -6.483 -0.0954587 0.994168 0.050171 -2.99571 -0.0813072 -0.0580199 0.994999 21.3664 
0.993477 0.0881387 0.0723591 -6.32283 -0.0921706 0.994256 0.0544079 -2.92362 -0.067148 -0.0607224 0.995894 23.4993 
0.994275 0.0891441 0.0589111 -6.21989 -0.0925284 0.994051 0.0574595 -2.83494 -0.0534384 -0.0625815 0.996608 25.6709 
0.99371 0.0981298 0.0539584 -6.09992 -0.101281 0.993099 0.0591402 -2.74518 -0.0477826 -0.0642331 0.99679 27.8615 
0.992486 0.106478 0.0602768 -6.01423 -0.109903 0.992325 0.0566814 -2.64515 -0.0537789 -0.0628801 0.996571 30.0776 
0.991022 0.11171 0.073455 -5.88835 -0.116009 0.991605 0.0571094 -2.54995 -0.0664586 -0.0651181 0.995662 32.318 
0.989447 0.113081 0.0905994 -5.69313 -0.118326 0.991463 0.0547675 -2.45408 -0.0836328 -0.0649098 0.99438 34.5814 
0.987734 0.112737 0.108037 -5.38952 -0.118811 0.99158 0.0515163 -2.36833 -0.10132 -0.0637203 0.992811 36.8586 
0.986306 0.108456 0.124248 -5.04966 -0.115169 0.992178 0.0481579 -2.29687 -0.118053 -0.0618079 0.991082 39.1646 
0.984489 0.106709 0.139266 -4.74285 -0.114379 0.992264 0.0482627 -2.22092 -0.133039 -0.0634433 0.989078 41.5054 
0.982878 0.10746 0.149675 -4.38291 -0.11588 0.992069 0.048693 -2.14745 -0.143256 -0.0652036 0.987535 43.8676 
0.981051 0.112236 0.157932 -4.00733 -0.121237 0.991437 0.0485311 -2.0508 -0.151132 -0.0667586 0.986257 46.2649 
0.980363 0.111935 0.162357 -3.60535 -0.121288 0.991414 0.0488573 -1.95061 -0.155494 -0.0675897 0.985522 48.6933 
0.981153 0.107092 0.16084 -3.19606 -0.1156 0.9923 0.0444766 -1.86713 -0.154838 -0.0622315 0.985978 51.1646 
0.982842 0.0980719 0.156217 -2.8061 -0.107002 0.993011 0.0498019 -1.78019 -0.150241 -0.065663 0.986466 53.6865 
0.98547 0.088153 0.145184 -2.42121 -0.0967827 0.993868 0.0534771 -1.67646 -0.139579 -0.0667513 0.987958 56.2522 
0.987697 0.083064 0.132494 -2.07887 -0.0908342 0.994417 0.0537111 -1.57285 -0.127293 -0.0650853 0.989727 58.8606 
0.989093 0.0834835 0.121351 -1.74295 -0.0908743 0.994247 0.0566941 -1.44522 -0.11592 -0.0671034 0.990989 61.5181 
0.989535 0.0852116 0.116447 -1.61228 -0.0925151 0.993973 0.0588159 -1.39169 -0.110733 -0.0689734 0.991454 62.8712 
0.9899 0.0869723 0.111953 -1.49423 -0.0939443 0.993853 0.0585759 -1.32855 -0.106171 -0.0685017 0.991986 64.2306 
0.991236 0.087576 0.0989006 -1.18592 -0.0932955 0.994131 0.0547597 -1.2188 -0.0935246 -0.0635068 0.993589 66.9696 
0.991586 0.0897529 0.0932782 -0.957041 -0.0944319 0.994421 0.0470118 -1.10517 -0.0885383 -0.0554247 0.99453 69.748 
0.991872 0.089205 0.0907308 -0.823895 -0.0937371 0.994488 0.0469725 -1.06043 -0.0860405 -0.0550955 0.994767 71.1539 
0.992468 0.0876236 0.0856145 -0.560937 -0.0920711 0.994524 0.0494529 -0.963588 -0.0808124 -0.056963 0.9951 73.9939 
0.9923 0.0916563 0.0833079 -0.301475 -0.0962138 0.993978 0.0524383 -0.856252 -0.078 -0.0600498 0.995143 76.8549 
0.99249 0.0906865 0.0820944 -0.219413 -0.0952753 0.993995 0.0538145 -0.800513 -0.0767212 -0.0612319 0.995171 78.2938 
0.99285 0.0907307 0.077566 0.0142617 -0.0953275 0.993769 0.0577652 -0.693093 -0.0718415 -0.0647464 0.995312 81.1761 
0.993066 0.0908032 0.0746686 0.192636 -0.0951365 0.993849 0.0566781 -0.573182 -0.0690628 -0.0633888 0.995596 84.0427 
0.993045 0.0920052 0.0734659 0.368472 -0.0961005 0.99389 0.0542983 -0.461758 -0.0680213 -0.0609808 0.995818 86.9104 
0.992973 0.0929368 0.0732568 0.557985 -0.0971344 0.993696 0.0559816 -0.348984 -0.0675922 -0.062704 0.995741 89.7756 
0.992956 0.0921533 0.0744789 0.64151 -0.0965097 0.993689 0.0571726 -0.294436 -0.0687402 -0.0639578 0.995582 91.2059 
0.992912 0.0923809 0.0747759 0.742384 -0.0967898 0.993634 0.0576522 -0.233284 -0.0689739 -0.0644811 0.995532 92.6337 
0.99271 0.0933263 0.0762759 0.814234 -0.0978454 0.99352 0.057822 -0.177489 -0.0703854 -0.0648637 0.995409 94.0605 
0.992494 0.0938357 0.0784296 0.996054 -0.0984263 0.993518 0.0568662 -0.0738399 -0.0725852 -0.0641589 0.995296 96.9001 
0.992204 0.0939106 0.0819237 1.21901 -0.0984587 0.99371 0.0533571 0.0466638 -0.0763976 -0.0610072 0.995209 99.7219 
0.99248 0.088564 0.0844978 1.43696 -0.0934808 0.994038 0.0561174 0.154303 -0.0790241 -0.0635943 0.994842 102.538 
0.992229 0.0881598 0.0878072 1.65218 -0.0934962 0.993892 0.0586313 0.265219 -0.0821019 -0.0663853 0.994411 105.339 
0.991933 0.0901814 0.0890881 1.76596 -0.0953364 0.993902 0.0554035 0.32271 -0.0835485 -0.0634499 0.994482 106.727 
0.991988 0.0887499 0.0899116 1.88472 -0.0938168 0.994136 0.0537822 0.377272 -0.0846111 -0.0617865 0.994497 108.114 
0.991874 0.0889104 0.0910042 2.01606 -0.0940871 0.994084 0.0542623 0.425364 -0.0856413 -0.0623836 0.994371 109.501 
0.992038 0.085634 0.0923419 2.23475 -0.0912087 0.994145 0.0579353 0.519612 -0.08684 -0.0658964 0.99404 112.269 
0.992403 0.0824822 0.0912817 2.49181 -0.0878107 0.994563 0.0559793 0.619023 -0.0861681 -0.0635695 0.99425 115.011 
0.992411 0.0833404 0.0904098 2.75259 -0.0884256 0.99463 0.0537746 0.730915 -0.0854427 -0.061361 0.994452 117.747 
0.992314 0.084639 0.0902757 2.98505 -0.0899127 0.994372 0.0560395 0.84279 -0.0850245 -0.0637257 0.994339 120.464 
0.992327 0.0839059 0.0908094 3.0626 -0.0892528 0.994405 0.0565087 0.894148 -0.0855599 -0.0641801 0.994264 121.818 
0.992428 0.0832082 0.0903528 3.17255 -0.0885894 0.99442 0.0572716 0.941647 -0.0850832 -0.0648422 0.994262 123.172 
0.992462 0.0827279 0.0904129 3.3638 -0.0880769 0.994489 0.0568607 1.03132 -0.0852107 -0.0643954 0.99428 125.865 
0.992716 0.0801718 0.0899271 3.57131 -0.0853938 0.994783 0.0558029 1.13357 -0.0849842 -0.0630757 0.994384 128.532 
0.992809 0.080691 0.0884246 3.69898 -0.0859073 0.994679 0.0568612 1.18161 -0.0833659 -0.0640486 0.994459 129.865 
0.992752 0.0813503 0.0884669 3.91775 -0.0865767 0.994617 0.0569345 1.28247 -0.0833591 -0.064181 0.994451 132.515 
0.99302 0.0800142 0.0866575 4.14082 -0.085248 0.994642 0.0584765 1.379 -0.0815142 -0.0654557 0.99452 135.115 
0.993196 0.079297 0.0852804 4.23847 -0.0846211 0.99456 0.0607373 1.42597 -0.0800002 -0.0675406 0.994504 136.392 
0.993471 0.0779308 0.0833142 4.36287 -0.083296 0.994532 0.0629845 1.47696 -0.0779502 -0.069513 0.994531 137.644 
0.993784 0.0767893 0.0806036 4.47579 -0.0821694 0.994451 0.0656968 1.51827 -0.0751115 -0.0719116 0.994579 138.874 
0.993958 0.0776114 0.0776123 4.64704 -0.0827275 0.994448 0.0650294 1.62234 -0.0721344 -0.0710572 0.994861 141.255 
0.994364 0.0778829 0.0719319 4.79741 -0.0826288 0.994423 0.0655422 1.71034 -0.0664261 -0.0711165 0.995254 143.532 
0.994863 0.0777541 0.0648263 4.91369 -0.0819826 0.99449 0.0653409 1.79963 -0.0593886 -0.0703199 0.995755 145.686 
0.994962 0.0807476 0.0594155 5.023 -0.0846167 0.99424 0.0657713 1.87995 -0.0537624 -0.0704675 0.996064 147.721 
0.99517 0.080077 0.0567918 5.11505 -0.0839181 0.994093 0.0688252 1.96002 -0.050945 -0.0732586 0.996011 149.627 
0.99523 0.0802826 0.0554233 5.16459 -0.0840524 0.99404 0.0694172 1.99519 -0.04952 -0.0737445 0.996047 150.528 
0.995214 0.0805976 0.0552479 5.15884 -0.0843685 0.993993 0.0697088 2.02174 -0.0492977 -0.0740364 0.996036 151.4 
0.995329 0.0803203 0.0535565 5.18842 -0.0839367 0.994073 0.0690944 2.06356 -0.0476894 -0.073267 0.996172 152.239 
0.995238 0.0830882 0.0509633 5.24496 -0.0863549 0.994099 0.0656514 2.12734 -0.0452077 -0.0697397 0.99654 153.834 
0.994647 0.0874006 0.0551147 5.3341 -0.0905829 0.994189 0.0581571 2.20024 -0.0497115 -0.0628383 0.996785 155.375 
0.994247 0.0856086 0.0643715 5.41901 -0.0893043 0.994377 0.056909 2.26147 -0.0591376 -0.0623302 0.996302 156.917 
0.993974 0.0822857 0.0724243 5.52427 -0.0865945 0.994524 0.0585099 2.32084 -0.0672132 -0.0644289 0.995656 158.446 
0.993373 0.0818488 0.0806945 5.6454 -0.0866654 0.994541 0.0581077 2.37476 -0.075498 -0.064716 0.995044 159.967 
0.992777 0.0811264 0.0883919 5.76843 -0.0864266 0.994576 0.0578783 2.43659 -0.083217 -0.0650997 0.994403 161.466 
0.992394 0.0795015 0.0939891 5.90055 -0.0853374 0.994557 0.0597899 2.49526 -0.088724 -0.067356 0.993776 162.952 
0.992129 0.0785709 0.0975008 6.02316 -0.0845712 0.994669 0.05901 2.55184 -0.0923446 -0.0667913 0.993484 164.428 
0.991848 0.0810413 0.0983373 6.16845 -0.0864968 0.994866 0.0525384 2.61086 -0.0935746 -0.060616 0.993765 165.899 
0.991894 0.0812762 0.0976795 6.24243 -0.0864896 0.994978 0.0503731 2.64142 -0.0930949 -0.058413 0.993942 166.641 
0.991886 0.0814427 0.0976199 6.30072 -0.0866568 0.994962 0.0504125 2.66815 -0.0930224 -0.0584628 0.993946 167.392 
0.991992 0.0807845 0.0970822 6.36755 -0.0859928 0.995004 0.0507119 2.6956 -0.0925005 -0.0586542 0.993984 168.144 
0.992018 0.0811175 0.0965371 6.42797 -0.0863319 0.994954 0.0511158 2.7223 -0.0919036 -0.059042 0.994016 168.902 
0.991997 0.0820773 0.0959461 6.49436 -0.0871194 0.994963 0.0495935 2.75367 -0.0913923 -0.0575553 0.99415 169.665 
0.992093 0.0804792 0.0963065 6.56121 -0.0852889 0.995251 0.046907 2.77871 -0.0920741 -0.05475 0.994246 170.429 
0.992226 0.0773956 0.0974594 6.61845 -0.0821468 0.995571 0.0457151 2.79533 -0.0934897 -0.0533656 0.994189 171.2 
0.992339 0.0752385 0.0979957 6.69996 -0.0802063 0.995633 0.0477768 2.82298 -0.0939731 -0.0552707 0.994039 171.976 
0.991944 0.0793198 0.0987741 6.78462 -0.0849693 0.994899 0.0543621 2.85286 -0.0939583 -0.0623169 0.993624 172.76 
0.991679 0.0777166 0.102626 6.92941 -0.0840063 0.994749 0.0584521 2.91246 -0.0975444 -0.066587 0.993001 174.344 
0.991042 0.0798198 0.107071 7.08522 -0.0853401 0.995195 0.0479999 2.97578 -0.102725 -0.0567073 0.993092 175.93 
0.990729 0.0789162 0.11058 7.2637 -0.0846869 0.995227 0.0484922 3.03247 -0.106225 -0.0574073 0.992684 177.543 
0.990695 0.0721935 0.115379 7.43964 -0.0786096 0.995545 0.0520563 3.08475 -0.111107 -0.0606418 0.991957 179.183 
0.989863 0.0765055 0.119659 7.62715 -0.0827477 0.995409 0.0480913 3.15252 -0.115431 -0.0575053 0.99165 180.831 
0.989402 0.0788559 0.121923 7.83505 -0.0846607 0.995474 0.0431783 3.21253 -0.117966 -0.0530427 0.9916 182.503 
0.989214 0.0772501 0.124453 8.07834 -0.0835506 0.995431 0.046221 3.26009 -0.120314 -0.0561206 0.991148 184.212 
0.988644 0.0789259 0.127885 8.26783 -0.0854185 0.995278 0.0460976 3.32255 -0.123643 -0.0564979 0.990717 185.998 
0.989149 0.073673 0.127107 8.51498 -0.0801657 0.995685 0.0467385 3.39273 -0.123116 -0.056421 0.990787 187.787 
0.989336 0.0709256 0.127215 8.74849 -0.0775043 0.995859 0.0475256 3.45451 -0.123318 -0.0568785 0.990736 189.615 
0.989549 0.0699325 0.126102 8.9836 -0.0767971 0.995771 0.0504167 3.51639 -0.122043 -0.0595741 0.990735 191.47 
0.989894 0.0693144 0.123714 9.20733 -0.0760565 0.995817 0.0506281 3.58114 -0.119688 -0.0595257 0.991026 193.33 
0.99013 0.0701398 0.121338 9.31711 -0.0766419 0.995816 0.0497711 3.6135 -0.117339 -0.0585794 0.991363 194.259 
0.990651 0.0726534 0.115469 9.56418 -0.0787395 0.995688 0.0490455 3.6732 -0.111407 -0.0576788 0.9921 196.109 
0.991115 0.0742496 0.110354 9.75251 -0.0803036 0.995441 0.0514614 3.73402 -0.106029 -0.059866 0.992559 197.966 
0.991256 0.076828 0.10728 9.93175 -0.0830244 0.995054 0.0545337 3.8153 -0.10256 -0.0629637 0.992732 199.818 
0.991616 0.0775721 0.103343 10.1073 -0.0835763 0.994977 0.0550895 3.88895 -0.0985508 -0.0632647 0.993119 201.653 
0.992021 0.0764587 0.100243 10.2947 -0.0821812 0.99514 0.0542525 3.96996 -0.0956079 -0.0620578 0.993483 203.472 
0.992145 0.0769047 0.0986589 10.4208 -0.0826003 0.995064 0.055002 4.0314 -0.093942 -0.0627192 0.9936 205.292 
0.992319 0.0790741 0.0951356 10.6016 -0.08463 0.994846 0.0558505 4.08024 -0.0902289 -0.0634729 0.993896 206.998 
0.992038 0.0846139 0.0932773 10.7526 -0.0896577 0.994652 0.0512722 4.12689 -0.0884401 -0.059227 0.994319 208.661 
0.992239 0.0839196 0.091752 10.8092 -0.0886929 0.994841 0.0492411 4.15314 -0.0871464 -0.0569968 0.994564 209.477 
0.992451 0.0830318 0.0902575 10.9352 -0.0876333 0.994983 0.0482688 4.18737 -0.0857968 -0.055814 0.994748 210.277 
0.991873 0.0881787 0.0917165 11.0752 -0.0927259 0.994603 0.0465519 4.24276 -0.0871166 -0.0546781 0.994696 211.903 
0.991218 0.0917991 0.095179 11.1939 -0.0963906 0.994334 0.0448126 4.30115 -0.0905259 -0.0535934 0.994451 213.527 
0.990954 0.091583 0.0980919 11.326 -0.0965724 0.994198 0.0473769 4.35208 -0.0931838 -0.0564213 0.994049 215.134 
0.991363 0.0874607 0.0977208 11.4437 -0.0928407 0.994326 0.0519279 4.39404 -0.0926247 -0.0605519 0.993858 216.735 
0.991608 0.0871736 0.0954665 11.5811 -0.0926656 0.994194 0.0546844 4.44976 -0.0901452 -0.063072 0.993929 218.321 
0.992217 0.0838796 0.0920357 11.7281 -0.0893255 0.994385 0.0567352 4.50802 -0.0867601 -0.0645147 0.994138 219.908 
