1 1.19763e-11 1.70464e-10 0 1.19763e-11 1 3.5625e-10 -1.11022e-16 1.70464e-10 3.5625e-10 1 2.22045e-16 
0.999996 0.0010846 0.00249679 0.00601325 -0.00108452 0.999999 -3.45039e-05 -0.0537326 -0.00249683 3.1796e-05 0.999997 2.39411 
0.999992 -0.000429544 0.00399012 0.0108144 0.000428501 1 0.000262193 -0.0963622 -0.00399023 -0.000260482 0.999992 4.77824 
0.999976 0.000183956 0.00687416 -0.024751 -0.000179767 1 -0.000610021 -0.145684 -0.00687427 0.000608771 0.999976 7.15841 
0.999972 5.57079e-05 0.00746304 -0.00307487 -4.82592e-05 1 -0.000998253 -0.168433 -0.00746309 0.000997865 0.999972 8.3513 
0.999979 -0.00154664 0.0062674 -0.0154318 0.00153795 0.999998 0.00139233 -0.209777 -0.00626954 -0.00138266 0.999979 10.7342 
0.999994 -0.00292884 0.00166728 -0.0207108 0.00292777 0.999996 0.000646252 -0.258758 -0.00166916 -0.000641367 0.999998 13.1175 
0.999999 -0.00134131 -0.000695882 -0.0432156 0.00134159 0.999999 0.00040408 -0.305041 0.000695339 -0.000405013 1 15.4999 
0.999999 -0.0012039 -0.00121879 -0.0700926 0.00120506 0.999999 0.000953155 -0.350411 0.00121764 -0.000954623 0.999999 17.8834 
0.999997 -0.00157705 -0.00181633 -0.100266 0.00157735 0.999999 0.000162373 -0.394063 0.00181608 -0.000165238 0.999998 20.2721 
0.999993 -0.00121805 -0.00362299 -0.109017 0.00121775 0.999999 -8.43332e-05 -0.437336 0.00362309 7.99207e-05 0.999993 22.6609 
0.999989 -0.00115231 -0.00463685 -0.126447 0.00115073 0.999999 -0.000344484 -0.462483 0.00463724 0.000339144 0.999989 23.8556 
0.999971 -0.000891628 -0.00757109 -0.116126 0.00088787 0.999999 -0.000499698 -0.497907 0.00757153 0.000492961 0.999971 26.2439 
0.99996 -0.0030615 -0.00837017 -0.164651 0.00307293 0.999994 0.00135348 -0.544711 0.00836598 -0.00137915 0.999964 28.6401 
0.999927 -0.00525161 -0.010874 -0.176421 0.00524623 0.999986 -0.000523576 -0.583761 0.0108766 0.00046649 0.999941 31.0282 
0.999906 -0.00608116 -0.0122623 -0.217002 0.00608041 0.999982 -9.88994e-05 -0.620875 0.0122627 2.43302e-05 0.999925 33.4257 
0.999873 -0.00755865 -0.0140275 -0.247169 0.00756537 0.999971 0.000426438 -0.67211 0.0140239 -0.000532507 0.999902 35.8125 
0.999841 -0.00903948 -0.0153785 -0.26163 0.00905103 0.999959 0.000681753 -0.701647 0.0153717 -0.000820836 0.999882 37.0094 
0.999803 -0.0109951 -0.0164956 -0.267138 0.0110089 0.999939 0.000748147 -0.70962 0.0164864 -0.000929599 0.999864 38.2059 
0.999827 -0.00944445 -0.0160437 -0.32912 0.00949353 0.99995 0.00298587 -0.757429 0.0160147 -0.00313767 0.999867 40.6007 
0.999831 -0.00851492 -0.0163031 -0.382371 0.0085583 0.99996 0.00259299 -0.796278 0.0162803 -0.00273208 0.999864 42.9973 
0.99988 -0.00555792 -0.0144871 -0.447417 0.00567222 0.999953 0.00786065 -0.839611 0.0144428 -0.00794188 0.999864 45.3998 
0.999929 -0.00458948 -0.0110316 -0.498764 0.00474406 0.99989 0.0140265 -0.860866 0.010966 -0.0140779 0.999841 47.8049 
0.999951 -0.0063499 -0.00765211 -0.529812 0.00645372 0.999886 0.0136206 -0.864567 0.00756475 -0.0136693 0.999878 50.2087 
0.999945 -0.00702309 -0.00782967 -0.530321 0.00711515 0.999905 0.0117932 -0.869292 0.0077461 -0.0118482 0.9999 51.4092 
0.999952 -0.00740173 -0.00642871 -0.564125 0.0074723 0.999911 0.011024 -0.865917 0.00634654 -0.0110716 0.999919 52.6102 
0.999924 -0.0094021 -0.00800809 -0.536477 0.0094868 0.999899 0.0106044 -0.878125 0.00790757 -0.0106796 0.999912 53.8138 
0.99991 -0.00876107 -0.0101935 -0.572701 0.0088664 0.999907 0.0103345 -0.903522 0.0101021 -0.0104239 0.999895 56.225 
0.999885 -0.00914198 -0.0120678 -0.583943 0.0092814 0.99989 0.0115484 -0.909309 0.0119609 -0.0116591 0.99986 57.4325 
0.99986 -0.00955498 -0.013706 -0.596413 0.00971834 0.999882 0.0119022 -0.919427 0.0135906 -0.0120337 0.999835 58.6375 
0.999846 -0.00900444 -0.015087 -0.623862 0.00918198 0.999889 0.0117397 -0.928416 0.0149796 -0.0118764 0.999817 59.8434 
0.999817 -0.0100083 -0.0162952 -0.649075 0.0101947 0.999883 0.0113989 -0.929321 0.0161792 -0.0115629 0.999802 61.0463 
0.999801 -0.0114817 -0.0163371 -0.664394 0.0116544 0.999877 0.0105159 -0.931772 0.0162143 -0.0107042 0.999811 62.2495 
0.999808 -0.011924 -0.0155249 -0.698414 0.0120724 0.999882 0.00949991 -0.940758 0.0154098 -0.00968551 0.999834 63.4507 
0.999791 -0.0129237 -0.0158591 -0.728369 0.0130955 0.999856 0.0107746 -0.950691 0.0157176 -0.0109801 0.999816 64.6508 
0.999773 -0.0136687 -0.0163708 -0.743253 0.0138728 0.999827 0.0124218 -0.965712 0.0161982 -0.012646 0.999789 65.8537 
0.999768 -0.0133351 -0.0169142 -0.764007 0.0135216 0.999848 0.0109637 -0.979846 0.0167655 -0.0111898 0.999797 67.0511 
0.999765 -0.0128164 -0.0174989 -0.795845 0.0129867 0.999869 0.00965351 -0.988343 0.0173728 -0.00987849 0.9998 68.2435 
0.999788 -0.0110224 -0.017388 -0.832721 0.0111873 0.999893 0.00941657 -0.988721 0.0172823 -0.0096091 0.999804 69.4366 
0.999788 -0.0112374 -0.0172451 -0.865117 0.0114006 0.999891 0.00939694 -0.992595 0.0171376 -0.00959156 0.999807 70.626 
0.999809 -0.00980226 -0.0169001 -0.897861 0.00996919 0.999902 0.00982171 -1.00281 0.0168022 -0.00998832 0.999809 71.8158 
0.999813 -0.0103763 -0.0163055 -0.934963 0.0105567 0.999884 0.0110185 -1.01623 0.0161893 -0.0111885 0.999806 73.0021 
0.999866 -0.0111346 -0.0120327 -0.97928 0.0112512 0.99989 0.00966731 -1.03813 0.0119238 -0.0098014 0.999881 75.3649 
0.999857 -0.0137491 -0.00986719 -0.978176 0.0137996 0.999892 0.00507711 -1.05386 0.00979632 -0.00521254 0.999938 76.5399 
0.999898 -0.0121995 -0.00741111 -0.989801 0.0122357 0.999913 0.00487003 -1.06776 0.00735106 -0.00496021 0.999961 77.7154 
0.999892 -0.0139485 -0.00466632 -0.996928 0.0139886 0.999865 0.00866281 -1.08818 0.00454485 -0.00872715 0.999952 78.8934 
0.999907 -0.0136165 -0.000865272 -1.02093 0.0136245 0.999858 0.00991657 -1.09763 0.000730119 -0.00992744 0.99995 80.0677 
0.99991 -0.0126042 0.004617 -1.05498 0.0125664 0.999888 0.00812243 -1.11254 -0.00471886 -0.00806368 0.999956 81.2341 
0.999878 -0.0129182 0.00876554 -1.06821 0.0128721 0.999903 0.00529638 -1.12364 -0.00883311 -0.0051829 0.999948 82.3981 
0.999829 -0.0145115 0.0114239 -1.04345 0.0144893 0.999893 0.00202549 -1.14068 -0.0114521 -0.00185962 0.999933 83.5562 
0.999751 -0.0166209 0.0148604 -1.02425 0.0166083 0.999862 0.000971825 -1.16075 -0.0148745 -0.000724777 0.999889 84.7164 
0.999713 -0.0149679 0.0186912 -1.00309 0.0149176 0.999885 0.00282687 -1.18357 -0.0187314 -0.00254723 0.999821 85.8743 
0.999646 -0.0164747 0.020877 -0.9334 0.0164142 0.999861 0.00306441 -1.19781 -0.0209245 -0.00272064 0.999777 87.0238 
0.999417 -0.0170525 0.0295802 -0.936758 0.0171002 0.999853 -0.00135786 -1.2326 -0.0295526 0.00186289 0.999561 89.3304 
0.999312 -0.0168048 0.0330709 -0.916573 0.0168736 0.999856 -0.00180298 -1.24786 -0.0330359 0.00235976 0.999451 90.4805 
0.999183 -0.0187175 0.0358106 -0.900477 0.0187433 0.999824 -0.000385925 -1.27866 -0.0357971 0.00105682 0.999359 91.6342 
0.999092 -0.0198245 0.0377202 -0.859886 0.0197836 0.999803 0.0014582 -1.30944 -0.0377417 -0.000710636 0.999287 92.7895 
0.99896 -0.020121 0.04091 -0.834264 0.0200075 0.999795 0.00318218 -1.32564 -0.0409656 -0.00236037 0.999158 93.9462 
0.998828 -0.0219261 0.0431521 -0.805779 0.0217571 0.999754 0.00438183 -1.35294 -0.0432375 -0.00343783 0.999059 95.1032 
0.998559 -0.0256404 0.0471502 -0.684239 0.0257338 0.999668 -0.00137348 -1.39108 -0.0470993 0.00258485 0.998887 97.4071 
0.998408 -0.0249517 0.0505934 -0.57525 0.0252137 0.999672 -0.00454639 -1.4491 -0.0504634 0.0058148 0.998709 99.7331 
0.998402 -0.0249433 0.0506981 -0.499705 0.0250722 0.999684 -0.00190732 -1.50132 -0.0506345 0.00317538 0.998712 102.093 
0.998512 -0.0249515 0.0484895 -0.413249 0.0249772 0.999688 7.53591e-05 -1.53058 -0.0484762 0.00113588 0.998824 104.467 
0.998784 -0.0251238 0.0424185 -0.301758 0.0251304 0.999684 0.00037785 -1.56735 -0.0424145 0.000688602 0.9991 106.863 
0.999127 -0.0237433 0.0343742 -0.217827 0.0237534 0.999718 0.000113995 -1.60315 -0.0343672 0.00070261 0.999409 109.275 
0.999364 -0.0255797 0.0248552 -0.120526 0.025536 0.999672 0.00207023 -1.65005 -0.0248999 -0.00143421 0.999689 111.686 
0.999588 -0.0236669 0.0162137 -0.0990812 0.0236304 0.999718 0.00243934 -1.67777 -0.0162669 -0.0020552 0.999866 114.124 
0.999746 -0.0214338 0.0069937 -0.109736 0.0214231 0.999769 0.00160596 -1.71403 -0.00702651 -0.00145572 0.999974 116.555 
0.999806 -0.0196123 -0.00180911 -0.1324 0.0196135 0.999807 0.000619315 -1.73602 0.00179662 -0.000654678 0.999998 119.008 
0.999813 -0.0185769 -0.00535755 -0.161678 0.0185795 0.999827 0.000444918 -1.77849 0.00534836 -0.000544375 0.999986 121.461 
0.999827 -0.0168405 -0.00789493 -0.17861 0.0168502 0.999857 0.00116021 -1.80769 0.00787427 -0.00129304 0.999968 123.943 
0.999835 -0.0149949 -0.0102827 -0.202737 0.015033 0.99988 0.00362872 -1.84398 0.0102271 -0.0037827 0.999941 126.424 
0.999822 -0.0150176 -0.0114257 -0.2575 0.0150934 0.999864 0.00657881 -1.87446 0.0113254 -0.00675009 0.999913 128.923 
0.999732 -0.0189425 -0.013299 -0.288995 0.0190212 0.999802 0.00581102 -1.88741 0.0131863 -0.00606242 0.999895 131.429 
0.999539 -0.026394 -0.0149983 -0.327038 0.0265348 0.999605 0.00927044 -1.90281 0.0147477 -0.00966414 0.999845 133.942 
0.99934 -0.0330262 -0.0150991 -0.367739 0.0331589 0.999413 0.00862529 -1.9306 0.0148054 -0.00912027 0.999849 136.465 
0.999168 -0.0378409 -0.0151938 -0.405167 0.0379519 0.999254 0.00709031 -1.94148 0.0149141 -0.00766105 0.999859 139 
0.999166 -0.038144 -0.0145732 -0.444221 0.0382828 0.999223 0.00936936 -1.96212 0.0142045 -0.00991945 0.99985 141.548 
0.999275 -0.0354097 -0.0139798 -0.47145 0.0355644 0.999307 0.0109766 -1.97914 0.0135814 -0.0114659 0.999842 142.823 
0.999316 -0.0345409 -0.0131948 -0.489962 0.0346378 0.999374 0.00718265 -1.98484 0.0129384 -0.00763477 0.999887 145.367 
0.999291 -0.0358238 -0.0116075 -0.541244 0.0358346 0.999357 0.000726587 -2.02075 0.011574 -0.00114202 0.999932 147.902 
0.999328 -0.0351232 -0.0104474 -0.571066 0.0350861 0.999377 -0.00371319 -2.07023 0.0105713 0.00334414 0.999939 150.432 
0.999362 -0.0342877 -0.0100391 -0.627327 0.0342583 0.999408 -0.00307958 -2.11844 0.0101388 0.00273369 0.999945 152.961 
0.999392 -0.0332416 -0.0105545 -0.684388 0.0332286 0.999447 -0.00140285 -2.16897 0.0105953 0.00105128 0.999943 155.49 
0.999475 -0.0308462 -0.00993543 -0.745246 0.0308251 0.999522 -0.00226702 -2.20099 0.0100006 0.00195957 0.999948 158.008 
0.999532 -0.0284618 -0.0112007 -0.736752 0.028453 0.999595 -0.000937152 -2.23906 0.0112228 0.00061802 0.999937 160.537 
0.999538 -0.0278518 -0.0121328 -0.799785 0.0278158 0.999608 -0.0031281 -2.29576 0.0122152 0.00278917 0.999922 163.057 
0.999504 -0.0285317 -0.0133274 -0.848029 0.028477 0.999585 -0.00427711 -2.34158 0.0134439 0.00389547 0.999902 165.582 
0.999513 -0.027831 -0.01412 -0.917088 0.0277582 0.9996 -0.00532412 -2.39429 0.0142626 0.00492958 0.999886 168.108 
0.99942 -0.0297127 -0.0166324 -0.947065 0.0296551 0.999553 -0.00369838 -2.45458 0.0167348 0.003203 0.999855 170.624 
0.999343 -0.0310268 -0.0187066 -0.932322 0.0309571 0.999513 -0.00400719 -2.46602 0.0188218 0.00342545 0.999817 171.887 
0.999351 -0.0309096 -0.018519 -0.979847 0.0308488 0.999518 -0.00355989 -2.4963 0.0186201 0.0029863 0.999822 173.151 
0.99933 -0.0309951 -0.0194426 -1.05907 0.0309015 0.999509 -0.00509701 -2.54505 0.0195911 0.00449279 0.999798 175.671 
0.999236 -0.032621 -0.0215359 -1.10179 0.0325032 0.999455 -0.00579969 -2.60582 0.0217133 0.00509527 0.999751 178.196 
0.999025 -0.0376236 -0.0230852 -1.12181 0.037463 0.999271 -0.00734845 -2.6625 0.0233448 0.00647644 0.999706 180.716 
0.99895 -0.0388233 -0.0243353 -1.17734 0.0388466 0.999245 0.000484854 -2.71668 0.0242981 -0.00142969 0.999704 183.236 
0.999059 -0.0356418 -0.0247263 -1.25023 0.0355654 0.999361 -0.00352247 -2.75954 0.0248361 0.00263975 0.999688 185.739 
0.999066 -0.0350339 -0.0253084 -1.2757 0.034911 0.999376 -0.00528076 -2.79015 0.0254776 0.00439229 0.999666 186.988 
0.999062 -0.0348571 -0.0257097 -1.30438 0.0347462 0.999385 -0.00474592 -2.82947 0.0258593 0.00384815 0.999658 188.234 
0.998985 -0.0365867 -0.0262629 -1.38167 0.0365625 0.99933 -0.00140155 -2.88301 0.0262966 0.000439889 0.999654 190.717 
0.999009 -0.0374456 -0.0240775 -1.46057 0.0374336 0.999299 -0.000947929 -2.94252 0.0240961 4.56816e-05 0.99971 193.186 
0.998953 -0.0392701 -0.0234608 -1.46335 0.0392208 0.999227 -0.00255532 -2.95779 0.023543 0.0016325 0.999721 194.417 
0.998983 -0.0393957 -0.0219188 -1.49244 0.0393143 0.999218 -0.00413341 -2.98092 0.0220645 0.00326749 0.999751 195.643 
0.99898 -0.040557 -0.0198726 -1.5448 0.0404941 0.999173 -0.0035553 -3.04696 0.0200004 0.00274694 0.999796 198.08 
0.999065 -0.0397349 -0.0170308 -1.60786 0.039722 0.99921 -0.00109531 -3.10361 0.0170608 0.000417787 0.999854 200.5 
0.999109 -0.0388206 -0.0165448 -1.59787 0.0388072 0.999246 -0.0011304 -3.12376 0.0165763 0.000487332 0.999862 201.7 
0.999117 -0.0398003 -0.0134459 -1.68216 0.0397962 0.999208 -0.000569221 -3.17724 0.0134579 3.3623e-05 0.999909 204.08 
0.999226 -0.0382071 -0.0093526 -1.76901 0.0382006 0.99927 -0.000868716 -3.2214 0.00937896 0.000510768 0.999956 206.426 
0.999144 -0.0400243 -0.0104957 -1.73725 0.0400229 0.999199 -0.000339807 -3.25621 0.0105009 -8.0551e-05 0.999945 208.722 
0.999183 -0.0390464 -0.0104048 -1.76852 0.0390572 0.999237 0.000839794 -3.28813 0.010364 -0.00124549 0.999946 209.851 
0.999151 -0.0394793 -0.0118161 -1.80105 0.0394751 0.99922 -0.000585132 -3.32404 0.01183 0.000118191 0.99993 212.054 
0.999163 -0.0392185 -0.0116291 -1.85614 0.0392022 0.99923 -0.00162672 -3.37496 0.0116839 0.00116947 0.999931 214.205 
0.999156 -0.0385502 -0.0142138 -1.89356 0.0385384 0.999257 -0.00110377 -3.42534 0.0142458 0.000555058 0.999898 216.306 
0.999117 -0.0390354 -0.0155087 -1.92718 0.0390405 0.999238 2.48248e-05 -3.43675 0.0154959 -0.000630272 0.99988 217.342 
0.998893 -0.0411805 -0.0227412 -1.93313 0.041228 0.999148 0.00162781 -3.47545 0.0226548 -0.00256358 0.99974 219.355 
0.998853 -0.0390926 -0.0276496 -1.98856 0.039131 0.999234 0.000850615 -3.50715 0.0275952 -0.0019316 0.999617 221.303 
0.99871 -0.0383649 -0.0332606 -2.05904 0.038413 0.999262 0.000809324 -3.55218 0.033205 -0.00208592 0.999446 223.163 
0.998384 -0.0390711 -0.0412741 -2.1147 0.0390908 0.999236 -0.00033031 -3.5974 0.0412555 -0.00128366 0.999148 224.933 
0.998219 -0.0371089 -0.0467056 -2.2091 0.0370787 0.999311 -0.00151408 -3.63632 0.0467296 -0.000220395 0.998908 226.617 
0.998165 -0.034025 -0.0500981 -2.2895 0.0340063 0.999421 -0.00122644 -3.67743 0.0501108 -0.000479456 0.998744 228.224 
0.998223 -0.0337834 -0.0490965 -2.38061 0.0338676 0.999426 0.000883899 -3.72616 0.0490385 -0.00254511 0.998794 229.76 
0.998348 -0.0325693 -0.0473335 -2.47587 0.0325285 0.999469 -0.00163299 -3.75932 0.0473616 9.06059e-05 0.998878 231.23 
0.998367 -0.0332025 -0.0464831 -2.51068 0.0330599 0.999446 -0.00383367 -3.77428 0.0465847 0.00229068 0.998912 231.957 
0.998541 -0.031624 -0.0437729 -2.58392 0.031406 0.999491 -0.00565716 -3.80781 0.0439295 0.00427417 0.999025 233.399 
0.998537 -0.033265 -0.0426199 -2.61039 0.0330429 0.999436 -0.00590544 -3.82564 0.0427924 0.00448852 0.999074 234.116 
0.998574 -0.0347956 -0.0404917 -2.64209 0.0345701 0.999383 -0.00625662 -3.85828 0.0406844 0.0048479 0.99916 235.538 
0.99875 -0.0351845 -0.0355069 -2.69573 0.0349888 0.999369 -0.00611871 -3.88902 0.0356998 0.00486872 0.999351 236.948 
0.998875 -0.0369081 -0.0297817 -2.73992 0.0367717 0.999311 -0.00511773 -3.91925 0.0299501 0.00401685 0.999543 238.342 
0.999071 -0.0365616 -0.0228185 -2.79054 0.0364514 0.999322 -0.00522469 -3.95211 0.022994 0.00438807 0.999726 239.723 
0.999168 -0.0370168 -0.0171358 -2.8185 0.0369149 0.999299 -0.00622763 -3.98354 0.0173543 0.00558988 0.999834 241.098 
0.999211 -0.0370885 -0.0142367 -2.83353 0.0369965 0.999293 -0.00666882 -4.0021 0.0144739 0.00613685 0.999876 241.791 
0.99928 -0.0369858 -0.00843565 -2.86048 0.0369424 0.999304 -0.00523576 -4.02957 0.00862342 0.00492036 0.999951 243.188 
0.99932 -0.0367424 -0.00305704 -2.88332 0.0367214 0.999303 -0.00666121 -4.06541 0.00329966 0.00654442 0.999973 244.597 
0.999294 -0.037521 -0.00208914 -2.86707 0.0375003 0.999254 -0.00921844 -4.07981 0.00243346 0.00913359 0.999955 245.304 
0.999227 -0.0392569 -0.00199322 -2.85236 0.0392333 0.999173 -0.0107252 -4.09873 0.00241261 0.0106387 0.99994 246.018 
0.999248 -0.0387471 -0.00164244 -2.85437 0.0387261 0.999186 -0.0113021 -4.11244 0.00207903 0.01123 0.999935 246.74 
0.999194 -0.0401111 -0.00150343 -2.85266 0.0400909 0.999128 -0.0116508 -4.13634 0.00196945 0.0115811 0.999931 247.468 
0.999203 -0.0398428 -0.00244808 -2.84357 0.0398111 0.999137 -0.0118392 -4.15802 0.00291767 0.0117323 0.999927 248.2 
0.999265 -0.0383147 -0.00140453 -2.86552 0.0382943 0.999189 -0.0124619 -4.17093 0.00188087 0.012399 0.999921 248.942 
0.999243 -0.0388838 -0.000763762 -2.87303 0.0388689 0.999142 -0.0143088 -4.19112 0.00131949 0.0142683 0.999897 249.687 
0.998977 -0.0452105 -0.00103787 -2.855 0.0451862 0.998833 -0.0170712 -4.19764 0.00180846 0.0170069 0.999854 250.436 
0.998858 -0.0477816 7.24396e-05 -2.85417 0.047775 0.998694 -0.0181304 -4.21223 0.000793955 0.0181132 0.999836 251.197 
0.998923 -0.0463926 0.000568188 -2.85878 0.0463959 0.998821 -0.0143022 -4.22548 9.59998e-05 0.0143132 0.999898 251.97 
0.999152 -0.0411578 0.000898129 -2.87127 0.0411639 0.999118 -0.00831671 -4.24194 -0.000555039 0.00834663 0.999965 252.753 
0.999043 -0.043739 0.000919288 -2.85412 0.0437432 0.999029 -0.00522455 -4.25317 -0.000689879 0.00525976 0.999986 253.538 
0.999024 -0.0440646 0.00300396 -2.8515 0.0440859 0.999 -0.00743594 -4.26862 -0.00267329 0.00756112 0.999968 254.333 
0.999054 -0.0427182 0.00815543 -2.86399 0.0428246 0.998993 -0.0133634 -4.28683 -0.00757636 0.0137 0.999877 255.128 
0.999137 -0.0396001 0.0125123 -2.86415 0.0398078 0.999066 -0.0168118 -4.30249 -0.0118349 0.0172954 0.99978 255.934 
0.999082 -0.0404411 0.0141183 -2.82704 0.040677 0.99903 -0.0168415 -4.31956 -0.0134235 0.0174004 0.999758 256.749 
0.998964 -0.041996 0.0175383 -2.81067 0.0422538 0.999 -0.014594 -4.33493 -0.0169079 0.0153199 0.99974 257.577 
0.998679 -0.0476482 0.0192467 -2.77012 0.0478744 0.998788 -0.0114654 -4.35395 -0.018677 0.0123717 0.999749 258.409 
0.998337 -0.0533482 0.0218228 -2.73969 0.0535676 0.998518 -0.00959716 -4.37818 -0.0212784 0.0107502 0.999716 259.242 
0.998369 -0.0506378 0.0263691 -2.75568 0.0508834 0.998666 -0.00872851 -4.40916 -0.0258919 0.010056 0.999614 260.08 
0.998401 -0.0480776 0.0297365 -2.75711 0.048405 0.998774 -0.0103897 -4.44407 -0.0292005 0.0118125 0.999504 260.914 
0.998407 -0.0462649 0.0323051 -2.74046 0.0466899 0.998831 -0.0125264 -4.46708 -0.0316878 0.0140147 0.9994 261.751 
0.998296 -0.0471537 0.0343799 -2.71198 0.0476076 0.998788 -0.0125052 -4.49425 -0.0337485 0.0141206 0.999331 262.588 
0.998207 -0.0458821 0.0384388 -2.71617 0.046309 0.998874 -0.010288 -4.5273 -0.0379235 0.0120496 0.999208 263.43 
0.998132 -0.0449557 0.0413695 -2.68925 0.0453533 0.998933 -0.00872396 -4.55167 -0.0409332 0.0105839 0.999106 264.272 
0.997975 -0.0465208 0.0433705 -2.63577 0.0469458 0.998858 -0.00883064 -4.5729 -0.0429102 0.0108488 0.99902 265.107 
0.997901 -0.0454515 0.0461312 -2.59584 0.0459257 0.998902 -0.00927357 -4.59309 -0.045659 0.0113727 0.998892 265.95 
0.997682 -0.047244 0.0489838 -2.56613 0.0477515 0.998816 -0.00924135 -4.6227 -0.0484892 0.011559 0.998757 266.794 
0.99734 -0.0524545 0.0506072 -2.52234 0.0529634 0.998558 -0.00876766 -4.64074 -0.0500743 0.0114247 0.99868 267.638 
0.997184 -0.0558603 0.050044 -2.44223 0.056414 0.99836 -0.00972083 -4.64778 -0.0494189 0.0125166 0.9987 268.479 
0.996966 -0.0595148 0.0501618 -2.38694 0.0600847 0.998144 -0.00993085 -4.66428 -0.0494776 0.0129147 0.998692 269.324 
0.996954 -0.0594045 0.0505298 -2.34758 0.0599771 0.998151 -0.0098906 -4.68241 -0.0498488 0.0128911 0.998674 270.176 
0.997035 -0.0573011 0.0513643 -2.32812 0.0578454 0.998283 -0.00917286 -4.7114 -0.0507505 0.0121168 0.998638 271.03 
0.997178 -0.0547882 0.0513333 -2.29885 0.0553101 0.99843 -0.00880084 -4.74075 -0.0507705 0.0116152 0.998643 271.885 
0.99712 -0.0582265 0.048598 -2.22741 0.0587771 0.998221 -0.00997772 -4.76248 -0.0479305 0.0128054 0.998769 272.727 
0.997208 -0.0569927 0.0482502 -2.19618 0.0575852 0.99828 -0.0109793 -4.78795 -0.0475414 0.0137271 0.998775 273.58 
0.99719 -0.0589318 0.0462503 -2.14236 0.0595526 0.998151 -0.0121587 -4.80443 -0.0454483 0.0148788 0.998856 274.427 
0.997242 -0.0597744 0.0440021 -2.10507 0.0604051 0.998087 -0.0131444 -4.82407 -0.0431322 0.0157661 0.998945 275.278 
0.997363 -0.0588177 0.0425138 -2.05789 0.0594579 0.998133 -0.0139516 -4.84063 -0.0416138 0.0164426 0.998998 276.128 
0.997478 -0.0583754 0.0403634 -2.01526 0.0589682 0.998166 -0.0136535 -4.86564 -0.0394924 0.0159992 0.999092 276.976 
0.997655 -0.0573836 0.0372927 -1.98855 0.0578769 0.998248 -0.0122864 -4.89702 -0.0365223 0.0144159 0.999229 277.824 
0.997853 -0.056354 0.033365 -1.95674 0.0567258 0.998337 -0.0103016 -4.91823 -0.032729 0.0121721 0.99939 278.668 
0.997923 -0.0579054 0.0282341 -1.93183 0.0581892 0.998262 -0.00933313 -4.93452 -0.0276446 0.0109567 0.999558 279.506 
0.998116 -0.0582707 0.019188 -1.94226 0.0584305 0.99826 -0.00787821 -4.98606 -0.0186955 0.00898454 0.999785 281.163 
0.998094 -0.0611514 0.00835709 -1.88215 0.0612159 0.998095 -0.00769396 -5.03657 -0.00787067 0.00819088 0.999935 282.772 
0.998112 -0.0612608 0.00445569 -1.89552 0.0612975 0.998082 -0.00864453 -5.05082 -0.00391758 0.00890133 0.999953 283.556 
0.998095 -0.0616849 0.000893074 -1.92047 0.0616905 0.998053 -0.00922974 -5.06933 -0.000321999 0.00926725 0.999957 284.323 
0.998065 -0.0620449 -0.00419509 -1.90243 0.0620015 0.998028 -0.00978125 -5.08064 0.00479369 0.00950222 0.999943 285.072 
0.998111 -0.0610917 -0.00649252 -1.94708 0.0610257 0.998087 -0.00991862 -5.10776 0.00708604 0.00950367 0.99993 285.797 
0.998173 -0.0589533 -0.0132514 -2.00904 0.0587787 0.998184 -0.0131986 -5.14187 0.0140054 0.0123955 0.999825 287.191 
0.998075 -0.0551965 -0.028294 -2.01383 0.054713 0.998347 -0.0175884 -5.1921 0.029218 0.0160065 0.999445 288.507 
0.997049 -0.0559381 -0.0525677 -2.08671 0.0549422 0.998285 -0.0202036 -5.25036 0.0536077 0.0172558 0.998413 289.77 
0.99479 -0.0512599 -0.0881174 -2.24559 0.049624 0.998554 -0.0206579 -5.31599 0.089049 0.0161775 0.995896 290.976 
0.989532 -0.0479033 -0.136134 -2.39635 0.045199 0.998716 -0.0228884 -5.37819 0.137055 0.0164957 0.990426 292.126 
0.979992 -0.0465327 -0.193521 -2.63504 0.0426529 0.998798 -0.0241692 -5.42282 0.194413 0.0154314 0.980798 293.21 
0.964258 -0.0490583 -0.260384 -3.0114 0.0443393 0.998729 -0.0239701 -5.47164 0.261229 0.0115681 0.965208 294.218 
0.941241 -0.0476649 -0.334354 -3.43955 0.0425557 0.998839 -0.0225938 -5.51968 0.335043 0.00703755 0.942177 295.146 
0.909073 -0.0461193 -0.414076 -3.86802 0.0402106 0.998927 -0.0229799 -5.57029 0.414692 0.00424016 0.909952 296.029 
0.865357 -0.046989 -0.498949 -4.33971 0.0397975 0.998894 -0.0250485 -5.61904 0.499574 0.00181895 0.866269 296.864 
0.810757 -0.047 -0.583493 -4.93829 0.038676 0.998894 -0.0267205 -5.66226 0.584103 -0.000903318 0.811679 297.628 
0.743027 -0.0467356 -0.667628 -5.57332 0.0364018 0.998904 -0.0294129 -5.72252 0.668271 -0.00244829 0.743914 298.297 
0.660554 -0.0484408 -0.749214 -6.30257 0.0420131 0.998738 -0.0275325 -5.77427 0.749602 -0.0132901 0.661755 298.843 
0.563211 -0.0429921 -0.825194 -7.08485 0.0379425 0.998938 -0.0261476 -5.8315 0.825442 -0.0165833 0.564244 299.261 
0.456147 -0.0317292 -0.889339 -7.91049 0.0231004 0.99945 -0.0238093 -5.89323 0.889605 -0.00968355 0.456629 299.588 
0.340703 -0.0264681 -0.939798 -8.71185 0.0181248 0.999603 -0.0215817 -5.94936 0.939996 -0.00968069 0.341048 299.831 
0.225562 -0.0216044 -0.973989 -9.53682 0.0155034 0.999707 -0.0185845 -5.94792 0.974105 -0.0109081 0.225831 299.9 
0.16663 -0.0200858 -0.985815 -9.95002 0.0125707 0.999755 -0.0182451 -5.93721 0.985939 -0.00935221 0.166842 299.874 
0.0395361 -0.011725 -0.999149 -10.8182 0.00745284 0.999907 -0.011439 -5.94363 0.99919 -0.00699424 0.0396198 299.816 
-0.0942237 0.00154917 -0.99555 -11.692 0.00957571 0.999954 0.000649731 -5.95531 0.995505 -0.00947187 -0.0942342 299.706 
-0.225171 0.0124097 -0.97424 -12.6085 0.00695997 0.999914 0.0111281 -5.95536 0.974294 -0.00427497 -0.225238 299.413 
-0.352107 0.01945 -0.935757 -13.5206 0.00868652 0.999809 0.0175128 -5.95307 0.935919 -0.0019621 -0.352209 299.029 
-0.41114 0.0193917 -0.911366 -13.9906 0.00822384 0.999812 0.0175636 -5.94098 0.911535 -0.000273808 -0.411223 298.768 
-0.467703 0.0196217 -0.883668 -14.4419 0.0081136 0.999807 0.0179062 -5.93099 0.883848 0.00120506 -0.467772 298.495 
-0.518829 0.0185256 -0.854677 -14.906 0.00573941 0.999818 0.0181875 -5.9147 0.854859 0.00453089 -0.518841 298.163 
-0.565445 0.0190225 -0.824567 -15.3538 0.0045018 0.99979 0.0199778 -5.92073 0.824774 0.00758429 -0.565412 297.816 
-0.606984 0.0199983 -0.794462 -15.8127 0.00373982 0.999744 0.0223083 -5.91291 0.794705 0.0105697 -0.606904 297.442 
-0.644796 0.0229294 -0.764011 -16.2861 0.00564803 0.999666 0.0252352 -5.89538 0.764334 0.0119564 -0.64471 297.023 
-0.681952 0.0296655 -0.730795 -16.7431 0.0125011 0.999504 0.0289077 -5.87385 0.73129 0.0105779 -0.681985 296.581 
-0.71789 0.0366628 -0.69519 -17.216 0.0186221 0.999266 0.0334689 -5.86674 0.695907 0.011081 -0.718046 296.088 
-0.782301 0.0374795 -0.621772 -18.1026 0.020869 0.999205 0.0339736 -5.84629 0.62255 0.0136019 -0.782461 294.998 
-0.809472 0.0354378 -0.586088 -18.5146 0.0212757 0.999292 0.0310373 -5.84073 0.586773 0.0126544 -0.809653 294.399 
-0.834207 0.0302626 -0.550621 -18.9105 0.0181188 0.999458 0.0274805 -5.83175 0.551154 0.0129478 -0.834303 293.761 
-0.855841 0.0251695 -0.516626 -19.2748 0.0147678 0.999597 0.0242351 -5.80885 0.517028 0.013112 -0.855868 293.057 
-0.8772 0.0264047 -0.479398 -19.6646 0.0161119 0.999543 0.0255722 -5.8066 0.479855 0.0147079 -0.877225 292.357 
-0.896176 0.0229923 -0.443102 -20.0119 0.0128094 0.999581 0.0259606 -5.80144 0.443513 0.0175894 -0.896095 291.584 
-0.91352 0.0213226 -0.406235 -20.3224 0.0117819 0.999593 0.0259726 -5.78504 0.406624 0.0189403 -0.913399 290.795 
-0.929211 0.0227674 -0.368848 -20.6226 0.0135926 0.999531 0.0274537 -5.76969 0.3693 0.0204967 -0.929084 289.953 
-0.956141 0.026402 -0.291715 -21.2018 0.0177636 0.999323 0.032222 -5.73064 0.292368 0.0256268 -0.955963 288.23 
-0.975377 0.0255635 -0.219056 -21.618 0.0182243 0.999205 0.0354594 -5.68733 0.219789 0.0305941 -0.975068 286.338 
-0.988421 0.0198112 -0.150437 -21.9526 0.0153631 0.999411 0.0306732 -5.62479 0.150956 0.0280068 -0.988144 284.345 
-0.995972 0.0183397 -0.0877677 -22.1639 0.0155071 0.99934 0.0328475 -5.56659 0.0883121 0.0313541 -0.995599 282.247 
-0.999306 0.0188369 -0.0321425 -22.2697 0.0177764 0.999298 0.0329665 -5.50445 0.032741 0.0323722 -0.998939 280.04 
-0.999797 0.0126433 0.0156883 -22.2386 0.0132119 0.999239 0.0366904 -5.44184 -0.0152125 0.0368902 -0.999204 277.743 
-0.998609 0.00497076 0.052484 -22.1427 0.0067963 0.999376 0.0346617 -5.37551 -0.0522789 0.0349702 -0.99802 275.367 
-0.997292 -0.00468771 0.0733965 -21.9594 -0.00201784 0.999335 0.036408 -5.31678 -0.0735184 0.0361613 -0.996638 272.93 
-0.996964 -0.0101437 0.0771992 -21.7401 -0.00736372 0.999317 0.0362107 -5.23464 -0.0775138 0.0355323 -0.996358 270.429 
-0.997362 -0.0133784 0.0713491 -21.483 -0.010862 0.999309 0.0355404 -5.14629 -0.0717753 0.0346716 -0.996818 267.862 
-0.997693 -0.0150671 0.0661878 -21.3247 -0.0126359 0.999235 0.0369969 -5.07862 -0.0666946 0.0360752 -0.997121 265.238 
-0.998275 -0.0151843 0.0567056 -21.2077 -0.0128984 0.999098 0.0404625 -4.9961 -0.0572689 0.0396613 -0.997571 262.582 
-0.998815 -0.016219 0.0458868 -21.0601 -0.0143028 0.999024 0.0417829 -4.93836 -0.0465197 0.0410771 -0.998072 259.922 
-0.999198 -0.0190452 0.035224 -20.9182 -0.0176352 0.999047 0.0399171 -4.87684 -0.0359506 0.0392639 -0.998582 257.253 
-0.999399 -0.0190727 0.0289598 -20.8475 -0.0179378 0.99908 0.0389549 -4.83943 -0.0296762 0.038412 -0.998821 255.914 
-0.999531 -0.0187493 0.0242311 -20.8246 -0.0177374 0.998988 0.0413212 -4.7972 -0.0249814 0.040872 -0.998852 254.568 
-0.999733 -0.0177198 0.0148145 -20.7855 -0.0170603 0.998907 0.0435155 -4.72883 -0.0155694 0.0432512 -0.998943 251.871 
-0.999831 -0.0164073 0.0082787 -20.759 -0.016044 0.998981 0.042183 -4.6666 -0.00896238 0.042043 -0.999076 249.172 
-0.999879 -0.01521 0.0032325 -20.7206 -0.0150837 0.999237 0.0360222 -4.57904 -0.00377793 0.0359691 -0.999346 246.484 
-0.99989 -0.0148268 -0.000259243 -20.7293 -0.0148255 0.99911 0.0394794 -4.50624 -0.000326342 0.0394789 -0.99922 243.748 
-0.999893 -0.0146083 -0.000251974 -20.7299 -0.0146067 0.999099 0.0398389 -4.47577 -0.000330231 0.0398383 -0.999206 242.374 
-0.99987 -0.0161026 -0.000444449 -20.7309 -0.0161075 0.999061 0.040231 -4.44517 -0.000203794 0.0402329 -0.99919 241.005 
-0.999887 -0.0150009 0.000136273 -20.7137 -0.0149833 0.999079 0.0402069 -4.41196 -0.000739285 0.0402003 -0.999191 239.621 
-0.999938 -0.0108255 0.00259218 -20.7194 -0.0107215 0.999248 0.03726 -4.36651 -0.00299359 0.0372299 -0.999302 236.86 
-0.999954 -0.00825382 0.00481839 -20.711 -0.00804891 0.999123 0.041101 -4.29621 -0.00515341 0.0410603 -0.999143 234.091 
-0.999936 -0.008729 0.00717386 -20.6815 -0.0084186 0.999073 0.0422149 -4.19948 -0.00753571 0.0421518 -0.999083 231.303 
-0.999849 -0.0153644 0.00813394 -20.6739 -0.0150179 0.999043 0.0410715 -4.11815 -0.0087572 0.0409431 -0.999123 228.518 
-0.999823 -0.0170176 0.00802619 -20.629 -0.0167047 0.999155 0.0375604 -4.05056 -0.00865859 0.0374196 -0.999262 225.728 
-0.999858 -0.0134194 0.0101531 -20.6016 -0.0130146 0.999157 0.0389368 -3.98661 -0.0106671 0.0387992 -0.99919 222.908 
-0.999831 -0.0153757 0.0100835 -20.5807 -0.0149526 0.999056 0.0407791 -3.91955 -0.010701 0.0406214 -0.999117 220.054 
-0.999849 -0.0130151 0.0114805 -20.5466 -0.0125535 0.999145 0.0394023 -3.84413 -0.0119835 0.0392523 -0.999157 217.205 
-0.999876 -0.0116804 0.0105813 -20.4901 -0.0112337 0.999082 0.0413367 -3.76461 -0.0110545 0.0412127 -0.999089 214.33 
-0.999871 -0.0122239 0.0103729 -20.4763 -0.0117987 0.999126 0.0401038 -3.73015 -0.010854 0.0399762 -0.999142 212.888 
-0.999866 -0.0127867 0.0101926 -20.4466 -0.0123935 0.99921 0.0377491 -3.70162 -0.0106672 0.0376178 -0.999235 211.447 
-0.999854 -0.013412 0.010582 -20.3993 -0.0130001 0.99919 0.0380721 -3.6462 -0.011084 0.037929 -0.999219 208.551 
-0.999842 -0.0140835 0.01088 -20.3523 -0.0136606 0.999184 0.0380118 -3.57346 -0.0114065 0.0378572 -0.999218 205.637 
-0.99985 -0.012842 0.0116521 -20.2981 -0.0123669 0.999124 0.0399668 -3.49446 -0.0121552 0.0398167 -0.999133 202.715 
-0.999871 -0.0104485 0.0122155 -20.2709 -0.00996777 0.999198 0.0387752 -3.41535 -0.0126109 0.0386484 -0.999173 199.794 
-0.999887 -0.0102763 0.0109636 -20.2339 -0.00979444 0.999021 0.0431377 -3.3513 -0.0113962 0.0430254 -0.999009 196.86 
-0.999886 -0.0117523 0.00946347 -20.1986 -0.0113327 0.999001 0.0432325 -3.31656 -0.00996209 0.0431203 -0.99902 195.399 
-0.999908 -0.0108012 0.00820101 -20.1576 -0.0104385 0.999018 0.0430526 -3.27058 -0.00865797 0.0429631 -0.999039 193.946 
-0.999932 -0.0102637 0.00557307 -20.1224 -0.0100156 0.999031 0.0428646 -3.19148 -0.00600762 0.0428059 -0.999065 191.036 
-0.999945 -0.0091466 0.00509332 -20.0923 -0.00892646 0.999091 0.0416835 -3.12344 -0.00546995 0.0416357 -0.999118 188.138 
-0.999943 -0.0101522 0.00320657 -20.0479 -0.0100108 0.999092 0.0414004 -3.05168 -0.00362397 0.0413659 -0.999137 185.251 
-0.999908 -0.0133219 0.00240896 -20.0232 -0.0132078 0.999014 0.0423925 -3.0262 -0.00297133 0.0423568 -0.999098 183.809 
-0.999934 -0.0113894 0.00138673 -20.008 -0.0113176 0.998973 0.0438662 -2.98404 -0.00188491 0.0438476 -0.999036 182.37 
-0.999942 -0.0107722 0.000800425 -20.0065 -0.0107264 0.998968 0.0441435 -2.94614 -0.00127512 0.0441323 -0.999025 180.934 
-0.999937 -0.0110679 -0.00192396 -19.9759 -0.0111398 0.999029 0.0426148 -2.90688 0.00145043 0.0426336 -0.99909 179.503 
-0.999938 -0.00970033 -0.00541694 -19.9895 -0.00992466 0.999024 0.0430487 -2.84477 0.00499406 0.0430998 -0.999058 176.657 
-0.999913 -0.00862058 -0.010026 -19.9703 -0.00905278 0.998995 0.0438925 -2.78417 0.0096376 0.0439794 -0.998986 173.844 
-0.999904 -0.00745275 -0.0117229 -19.9815 -0.00796183 0.999 0.0439961 -2.75306 0.0113832 0.0440852 -0.998963 172.453 
-0.999877 -0.00732756 -0.0138796 -19.995 -0.00794497 0.998957 0.0449637 -2.71391 0.0135356 0.0450684 -0.998892 171.073 
-0.999812 -0.00684834 -0.0181453 -20.0537 -0.00769092 0.998876 0.0467802 -2.64037 0.0178045 0.0469109 -0.99874 168.364 
-0.999769 -0.00658146 -0.0204495 -20.0712 -0.00752651 0.998891 0.0464857 -2.61796 0.0201209 0.0466289 -0.99871 167.044 
-0.999694 -0.00826354 -0.0233248 -20.1485 -0.00940031 0.998752 0.0490555 -2.55775 0.0228903 0.0492597 -0.998524 164.464 
-0.99968 -0.0091693 -0.0235562 -20.2006 -0.0102704 0.998839 0.0470551 -2.48996 0.0230974 0.047282 -0.998615 161.968 
-0.999701 -0.00900802 -0.02274 -20.2864 -0.0100623 0.998859 0.0466814 -2.43999 0.0222936 0.0468962 -0.998651 159.575 
-0.999684 -0.00963545 -0.0232288 -20.2892 -0.0107305 0.998814 0.0474864 -2.38632 0.0227437 0.0477207 -0.998602 157.288 
-0.999671 -0.0103648 -0.0234702 -20.2833 -0.0115121 0.998718 0.0492863 -2.35606 0.0229293 0.0495403 -0.998509 156.18 
-0.999623 -0.012736 -0.0243295 -20.2652 -0.0139414 0.99865 0.0500382 -2.33649 0.0236594 0.0503586 -0.998451 155.1 
-0.999651 -0.0123959 -0.0233471 -20.2972 -0.0135323 0.998699 0.0491606 -2.31759 0.0227073 0.0494593 -0.998518 154.05 
-0.999585 -0.0164056 -0.0236855 -20.2862 -0.0175236 0.998704 0.0477912 -2.2969 0.0228708 0.0481864 -0.998576 153.048 
-0.999655 -0.0144315 -0.0219684 -20.2934 -0.0154469 0.998786 0.0467774 -2.24383 0.0212667 0.0471005 -0.998664 151.08 
-0.999726 -0.0118103 -0.0202053 -20.3437 -0.0127718 0.998759 0.0481379 -2.2099 0.0196117 0.0483828 -0.998636 149.223 
-0.99977 -0.0102886 -0.0188153 -20.3541 -0.0111987 0.99874 0.0489182 -2.17283 0.0182883 0.0491176 -0.998626 147.446 
-0.999811 -0.0104328 -0.0164117 -20.4251 -0.0111844 0.998861 0.0463938 -2.15356 0.015909 0.0465686 -0.998788 145.74 
-0.99989 -0.00421226 -0.0142191 -20.493 -0.00483347 0.999022 0.0439408 -2.12822 0.0140201 0.0440047 -0.998933 144.095 
-0.999895 -0.00481925 -0.0136931 -20.5221 -0.00541013 0.999041 0.0434476 -2.10458 0.0134706 0.0435171 -0.998962 142.511 
-0.999885 -0.0015535 -0.0150932 -20.4206 -0.00217447 0.999148 0.0412132 -2.05883 0.0150163 0.0412413 -0.999036 140.992 
-0.999811 -0.00261762 -0.0192884 -20.2806 -0.00343711 0.999087 0.0425763 -2.0395 0.0191593 0.0426345 -0.998907 139.508 
-0.999836 0.00149849 -0.0180716 -20.384 0.000774485 0.999199 0.0400038 -1.98638 0.0181171 0.0399832 -0.999036 138.071 
-0.99981 0.002856 -0.0192635 -20.4031 0.00214143 0.999312 0.0370134 -1.96286 0.019356 0.0369651 -0.999129 136.65 
-0.999781 0.00398304 -0.020566 -20.4054 0.00332245 0.999481 0.0320551 -1.93236 0.020683 0.0319798 -0.999274 135.247 
-0.999834 0.000821913 -0.0181844 -20.551 0.000311416 0.999606 0.0280584 -1.90582 0.0182003 0.0280481 -0.999441 133.876 
-0.999812 0.00608815 -0.0183877 -20.5847 0.00550374 0.999483 0.0316681 -1.86986 0.018571 0.031561 -0.999329 132.487 
-0.999803 -0.0021826 -0.01972 -20.5256 -0.00275439 0.999575 0.0290152 -1.85289 0.0196483 0.0290638 -0.999384 131.124 
-0.99983 0.00207191 -0.0183215 -20.5163 0.00176073 0.999854 0.0169845 -1.8419 0.0183541 0.0169493 -0.999688 129.771 
-0.99983 -0.00554722 -0.0175634 -20.5024 -0.005839 0.999845 0.0166056 -1.83218 0.0174685 0.0167053 -0.999708 128.366 
-0.99985 -0.00867879 -0.0149631 -20.4786 -0.00901721 0.999702 0.0227002 -1.80662 0.0147616 0.0228317 -0.99963 126.922 
-0.999917 -0.0081387 -0.010005 -20.4533 -0.00836396 0.999708 0.0226827 -1.79743 0.00981751 0.0227645 -0.999693 125.435 
-0.999912 -0.0127634 -0.00369467 -20.4282 -0.0128402 0.999685 0.0215447 -1.76875 0.00341852 0.0215902 -0.999761 123.895 
-0.999891 -0.0145616 0.00234661 -20.386 -0.0144847 0.999445 0.0299885 -1.75339 -0.00278199 0.0299513 -0.999547 122.275 
-0.999878 -0.0134859 0.00783739 -20.3377 -0.0132234 0.99938 0.0326375 -1.72052 -0.00827268 0.0325299 -0.999437 120.622 
-0.999805 -0.010731 0.0165877 -20.3 -0.0102418 0.999518 0.0292951 -1.69109 -0.016894 0.0291195 -0.999433 118.869 
-0.999661 -0.00589209 0.0253423 -20.2761 -0.00515966 0.99957 0.0288704 -1.64595 -0.0255015 0.0287298 -0.999262 117.054 
-0.999408 -0.00394788 0.0341702 -20.2085 -0.00280698 0.999439 0.0333726 -1.60819 -0.0342828 0.0332569 -0.998859 115.164 
-0.999272 -0.00338493 0.0379909 -20.1753 -0.00213819 0.999459 0.0328096 -1.58555 -0.0380814 0.0327044 -0.998739 114.198 
-0.998942 -0.000524171 0.0459746 -20.0692 0.000730424 0.999628 0.0272678 -1.53702 -0.0459718 0.0272726 -0.99857 112.216 
-0.998615 -0.000371476 0.0526116 -19.9445 0.00101676 0.999652 0.0263573 -1.50758 -0.0526031 0.0263743 -0.998267 110.158 
-0.998549 -0.000922426 0.0538472 -19.8626 0.000501181 0.999651 0.0264184 -1.50761 -0.0538528 0.0264071 -0.9982 109.105 
-0.998476 -0.00250344 0.0551274 -19.7358 -0.00136117 0.999784 0.0207483 -1.47458 -0.0551674 0.0206417 -0.998264 106.945 
-0.998535 0.0012133 0.0540967 -19.5901 0.00239815 0.999759 0.0218429 -1.45282 -0.0540571 0.0219407 -0.998297 104.712 
-0.998613 0.00104337 0.0526356 -19.458 0.00260458 0.999558 0.0296009 -1.41828 -0.0525814 0.0296969 -0.998175 102.401 
-0.998711 -0.000287842 0.0507495 -19.297 0.00101698 0.99967 0.0256833 -1.36173 -0.0507401 0.0257018 -0.998381 100.045 
-0.998715 -0.000730162 0.0506703 -19.1709 0.000532899 0.99969 0.0249091 -1.32348 -0.0506728 0.0249041 -0.998405 97.6176 
-0.998783 0.00189217 0.049293 -19.034 0.00324178 0.999622 0.0273138 -1.28047 -0.0492227 0.0274404 -0.998411 95.1246 
-0.998922 -4.42798e-05 0.0464134 -18.9315 0.00129736 0.999582 0.0288757 -1.25524 -0.0463952 0.0289048 -0.998505 93.8525 
-0.999052 -0.00189455 0.0434902 -18.8424 -0.000718946 0.999634 0.0270311 -1.22303 -0.0435255 0.0269742 -0.998688 92.5699 
-0.999212 -0.00174245 0.0396501 -18.7546 -0.000638379 0.999612 0.0278411 -1.20202 -0.0396832 0.0277938 -0.998826 91.2679 
-0.999283 -0.00132582 0.0378396 -18.6917 -0.000347492 0.999666 0.0258495 -1.18103 -0.0378612 0.0258179 -0.998949 89.9562 
-0.999373 0.000569516 0.0354052 -18.6415 0.00115885 0.999861 0.0166272 -1.16157 -0.0353909 0.0166578 -0.999235 88.6348 
-0.999451 0.00150187 0.0331049 -18.6123 0.00196779 0.999899 0.0140459 -1.14631 -0.0330804 0.0141033 -0.999353 87.291 
-0.999537 0.00310899 0.0302553 -18.5709 0.0037557 0.999765 0.0213417 -1.13551 -0.0301819 0.0214455 -0.999314 85.9199 
-0.999604 0.00433917 0.0277876 -18.5195 0.00511054 0.999602 0.0277489 -1.11406 -0.0276562 0.0278799 -0.999229 84.5349 
-0.999683 0.00317628 0.0249894 -18.473 0.00387792 0.999598 0.0280796 -1.08735 -0.0248901 0.0281676 -0.999293 83.1397 
-0.985392 0.0568871 0.160518 -5170.9 0.060534 0.998005 0.0179175 313.714 -0.159179 0.0273726 -0.98687 10529.8 
-0.985849 0.0598236 0.1566 -5170.43 0.0634164 0.997824 0.0180433 313.762 -0.15518 0.027719 -0.987497 10526.9 
-0.986261 0.0610793 0.15349 -5169.97 0.0651774 0.997635 0.0218067 313.787 -0.151795 0.0315112 -0.98791 10524 
-0.986637 0.0591189 0.15183 -5169.73 0.0635964 0.997667 0.0248013 313.799 -0.15001 0.0341257 -0.988095 10522.6 
-0.987429 0.0543906 0.148413 -5169.26 0.0592975 0.997824 0.0288372 313.815 -0.146521 0.0372752 -0.988505 10519.7 
-0.987742 0.0556293 0.145848 -5168.82 0.0601964 0.997819 0.0270871 313.838 -0.144023 0.0355346 -0.988936 10516.8 
-0.988129 0.0535245 0.144002 -5168.37 0.0582004 0.997899 0.0284539 313.861 -0.142177 0.0364971 -0.989168 10513.9 
-0.98843 0.054163 0.14168 -5167.9 0.058265 0.997989 0.0249632 313.904 -0.140043 0.0329294 -0.989598 10511 
-0.988546 0.054147 0.140869 -5167.45 0.0589958 0.997793 0.0304718 313.93 -0.138908 0.0384335 -0.989559 10508.1 
-0.987997 0.0545461 0.144525 -5167.27 0.0594878 0.997775 0.0300914 315.29 -0.142562 0.0383277 -0.989043 10494.1 
-0.987756 0.054312 0.146248 -5166.83 0.0583589 0.998019 0.0235212 315.321 -0.144681 0.0317681 -0.988968 10491.3 
-0.987641 0.0543115 0.147021 -5166.61 0.058278 0.99804 0.0228043 315.335 -0.145494 0.0310906 -0.98887 10489.8 
-0.987627 0.053768 0.147318 -5166.38 0.0579434 0.998027 0.0241963 315.347 -0.145726 0.032433 -0.988793 10488.4 
-0.987315 0.0563664 0.148434 -5166.16 0.0610546 0.997763 0.0272158 315.361 -0.146568 0.0359332 -0.988548 10487 
-0.987122 0.0553577 0.150083 -5165.97 0.0605713 0.997701 0.030389 315.378 -0.148055 0.0390884 -0.988206 10485.5 
-0.987071 0.0545674 0.150709 -5165.77 0.0597204 0.997768 0.0298766 315.402 -0.148743 0.0384908 -0.988127 10484.1 
-0.987345 0.0525906 0.149616 -5165.34 0.0566001 0.99814 0.0226654 315.422 -0.148145 0.0308468 -0.988484 10481.2 
-0.987134 0.0554629 0.149971 -5164.92 0.0600304 0.997855 0.0260987 315.438 -0.148201 0.0347657 -0.988346 10478.4 
-0.98701 0.0579377 0.149847 -5164.72 0.0626482 0.997673 0.0269042 315.45 -0.14794 0.0359424 -0.988343 10477 
-0.987205 0.0564502 0.14913 -5164.51 0.0609187 0.997815 0.0255641 315.469 -0.147361 0.0343218 -0.988487 10475.6 
-0.987306 0.0551553 0.148948 -5164.3 0.0594665 0.997926 0.0246436 315.484 -0.14728 0.0331882 -0.988538 10474.1 
-0.987479 0.055746 0.147574 -5164.06 0.0598731 0.997925 0.0236697 315.498 -0.145949 0.0322091 -0.988768 10472.7 
-0.987508 0.056219 0.147198 -5163.85 0.0601948 0.997929 0.0226927 315.502 -0.145617 0.0312697 -0.988847 10471.3 
-0.987453 0.0578663 0.146932 -5163.64 0.0618384 0.99783 0.0226071 315.512 -0.145305 0.0314095 -0.988888 10469.9 
-0.987449 0.0598208 0.146169 -5163.19 0.0640842 0.99764 0.0246314 315.522 -0.14435 0.0336894 -0.988953 10467.1 
-0.987798 0.0574116 0.144775 -5162.75 0.0614733 0.997826 0.0237357 315.531 -0.143098 0.0323459 -0.98918 10464.4 
-0.989917 0.0609792 0.127848 -5163.26 0.0629466 0.997952 0.0114013 312.621 -0.126891 0.0193339 -0.991728 10467.9 
-0.989982 0.0627094 0.126504 -5162.85 0.0648813 0.997807 0.0131177 312.604 -0.125404 0.0211941 -0.991879 10465.2 
-0.989866 0.0644539 0.126538 -5162.67 0.0667528 0.997671 0.0140078 312.587 -0.12534 0.0223126 -0.991863 10463.8 
-0.990005 0.0631499 0.126108 -5162.49 0.0655231 0.997742 0.014756 312.576 -0.124891 0.0228714 -0.991907 10462.4 
-0.99014 0.0625066 0.125362 -5162.12 0.0639836 0.997921 0.00778688 312.556 -0.124614 0.0157312 -0.992081 10459.7 
-0.990783 0.0542435 0.124124 -5161.73 0.055668 0.998417 0.00803459 312.526 -0.123492 0.0148703 -0.992234 10457 
-0.990807 0.0531238 0.124413 -5161.55 0.0548233 0.998443 0.010274 312.513 -0.123673 0.0170002 -0.992177 10455.6 
-0.990674 0.0552087 0.124564 -5161.38 0.0571736 0.998289 0.0122525 312.506 -0.123674 0.01926 -0.992136 10454.3 
-0.990029 0.0635502 0.125714 -5161.1 0.0660861 0.997684 0.0161017 312.5 -0.124399 0.0242491 -0.991936 10451.6 
-0.990009 0.0643298 0.125477 -5160.91 0.0667546 0.997653 0.0152117 312.494 -0.124204 0.0234358 -0.99198 10450.2 
-0.990073 0.0642016 0.125037 -5160.54 0.0660393 0.997761 0.0106037 312.482 -0.124076 0.0187558 -0.992095 10447.5 
-0.990358 0.0625002 0.123633 -5160.13 0.0642857 0.997876 0.0105014 312.464 -0.122715 0.018348 -0.992272 10444.8 
-0.990459 0.0621378 0.123005 -5159.79 0.0636073 0.997943 0.0080519 312.448 -0.122252 0.0157991 -0.992373 10442.1 
-0.990283 0.0639254 0.1235 -5159.43 0.0654554 0.99782 0.008367 312.419 -0.122696 0.0163695 -0.992309 10439.4 
-0.990581 0.0604665 0.122852 -5159.09 0.0619548 0.998044 0.00832728 312.398 -0.122108 0.0158601 -0.99239 10436.6 
-0.990489 0.0606454 0.123504 -5158.93 0.0624809 0.997985 0.0110401 312.382 -0.122585 0.0186517 -0.992283 10435.2 
-0.990725 0.0585118 0.122642 -5158.74 0.0602997 0.998121 0.0109151 312.367 -0.121773 0.0182091 -0.992391 10433.9 
-0.990967 0.0562008 0.121759 -5158.34 0.0574682 0.998323 0.00691988 312.356 -0.121166 0.0138546 -0.992536 10431.1 
-0.990961 0.0547001 0.122493 -5157.98 0.0557796 0.998429 0.00539841 312.335 -0.122005 0.0121822 -0.992455 10428.3 
-0.990868 0.0557 0.122792 -5157.79 0.0563512 0.998409 0.00183421 312.321 -0.122494 0.00873693 -0.992431 10426.9 
-0.990805 0.056225 0.123064 -5157.62 0.0567794 0.998386 0.00099966 312.304 -0.122809 0.00797794 -0.992398 10425.5 
-0.990756 0.0573631 0.122929 -5157.43 0.0582012 0.9983 0.00323502 312.272 -0.122535 0.0103597 -0.99241 10424.1 
-0.990504 0.060027 0.123686 -5157.28 0.0609519 0.998134 0.00370401 312.263 -0.123233 0.0112078 -0.992314 10422.7 
-0.990286 0.0632866 0.123807 -5157.08 0.0641487 0.997936 0.0029859 312.252 -0.123363 0.010899 -0.992302 10421.3 
-0.990195 0.0642821 0.124021 -5156.88 0.0651294 0.997873 0.00278533 312.241 -0.123578 0.0108355 -0.992276 10419.9 
-0.990137 0.0636321 0.124817 -5156.52 0.0644168 0.997921 0.00225726 312.206 -0.124414 0.0102753 -0.992177 10417.1 
-0.989774 0.0659307 0.126496 -5156.17 0.0672302 0.997719 0.00602694 312.167 -0.12581 0.0144697 -0.991949 10414.2 
-0.989215 0.0716455 0.127748 -5155.79 0.0728945 0.997327 0.00512222 312.145 -0.12704 0.0143791 -0.991793 10411.4 
-0.988984 0.0734675 0.128505 -5155.6 0.0748733 0.997174 0.00613603 312.127 -0.127691 0.0156901 -0.99169 10410 
-0.988728 0.0768134 0.128521 -5155.4 0.0782678 0.996912 0.00629742 312.107 -0.12764 0.0162855 -0.991687 10408.6 
-0.988146 0.0820736 0.129738 -5155.23 0.08363 0.996475 0.00658524 312.093 -0.12874 0.0173571 -0.991526 10407.2 
-0.987883 0.0855869 0.12947 -5155.01 0.0873395 0.996147 0.00790957 312.077 -0.128294 0.0191216 -0.991552 10405.8 
-0.987452 0.0892396 0.130285 -5154.84 0.0911483 0.995799 0.00874898 312.062 -0.128956 0.0205144 -0.991438 10404.4 
-0.986798 0.0958988 0.130508 -5154.5 0.0968108 0.995303 0.000646328 312.021 -0.129833 0.0132724 -0.991447 10401.6 
-0.98658 0.0980642 0.130553 -5154.11 0.0991466 0.995071 0.00180125 311.993 -0.129733 0.0147209 -0.99144 10398.8 
-0.986316 0.0998065 0.13122 -5153.75 0.100882 0.994897 0.00155363 311.962 -0.130396 0.0147701 -0.991352 10396.1 
-0.986388 0.0995132 0.130905 -5153.55 0.100603 0.994925 0.00172356 311.939 -0.130069 0.0148695 -0.991393 10394.7 
-0.986046 0.101099 0.132255 -5153.38 0.102311 0.99475 0.00238094 311.925 -0.13132 0.0158788 -0.991213 10393.3 
-0.986333 0.10012 0.130853 -5153.03 0.100964 0.99489 -0.000181749 311.88 -0.130202 0.0130322 -0.991402 10390.5 
-0.985998 0.103625 0.13065 -5152.66 0.104602 0.994514 0.000615086 311.84 -0.12987 0.0142727 -0.991428 10387.7 
-0.985849 0.105666 0.130139 -5152.46 0.106508 0.994312 -0.000488127 311.82 -0.12945 0.0133796 -0.991496 10386.4 
-0.985671 0.107766 0.129764 -5152.1 0.108745 0.99407 0.000461562 311.771 -0.128945 0.0145662 -0.991545 10383.6 
-0.985732 0.107773 0.129298 -5151.93 0.108837 0.994059 0.00116778 311.738 -0.128404 0.0152234 -0.991605 10382.2 
-0.986192 0.105394 0.127739 -5151.73 0.106487 0.994313 0.00174459 311.71 -0.126829 0.0153231 -0.991806 10380.8 
-0.986321 0.10531 0.126807 -5151.54 0.106398 0.994322 0.00181749 311.681 -0.125896 0.0152847 -0.991926 10379.4 
-0.985747 0.109423 0.127787 -5151.21 0.110376 0.99389 0.000382418 311.647 -0.126964 0.0144817 -0.991802 10376.7 
-0.98569 0.109495 0.128162 -5150.85 0.110072 0.99392 -0.00259248 311.599 -0.127667 0.0115517 -0.99175 10374 
-0.984799 0.114037 0.131024 -5150.54 0.115064 0.993358 0.000275767 311.543 -0.130122 0.0153477 -0.991379 10371.2 
-0.984403 0.115556 0.132655 -5150.37 0.116904 0.99314 0.0023978 311.519 -0.131468 0.0178684 -0.991159 10369.9 
-0.983817 0.118713 0.134207 -5150.2 0.120017 0.99277 0.00163935 311.489 -0.133042 0.0177199 -0.990952 10368.5 
-0.983732 0.119051 0.134527 -5150.02 0.119829 0.992792 -0.00232848 311.475 -0.133835 0.0138297 -0.990907 10367.2 
-0.983654 0.118342 0.135721 -5149.85 0.118772 0.992909 -0.00494996 311.446 -0.135345 0.0112509 -0.990735 10365.8 
-0.983473 0.119215 0.136266 -5149.45 0.120543 0.992707 0.00150709 311.38 -0.135093 0.0179081 -0.990671 10363.1 
-0.983276 0.120711 0.136368 -5149.06 0.122388 0.992474 0.00395099 311.343 -0.134864 0.0205747 -0.99065 10360.5 
-0.983585 0.119241 0.135435 -5148.87 0.12062 0.992697 0.0019958 311.318 -0.134208 0.0182992 -0.990784 10359.1 
-0.984386 0.115906 0.132476 -5148.49 0.116892 0.993145 -0.000335342 311.257 -0.131607 0.0151553 -0.991186 10356.5 
-0.984287 0.116657 0.132551 -5148.32 0.117763 0.993042 0.000501217 311.247 -0.131571 0.0161029 -0.991176 10355.2 
-0.984479 0.116234 0.131495 -5148.12 0.117521 0.993068 0.00204386 311.22 -0.130346 0.0174657 -0.991315 10353.9 
-0.984471 0.11706 0.130817 -5147.94 0.118184 0.992991 0.00083726 311.198 -0.129802 0.0162847 -0.991406 10352.6 
-0.984657 0.116541 0.129883 -5147.75 0.117494 0.993073 -0.000321494 311.183 -0.129021 0.014944 -0.991529 10351.2 
-0.984312 0.119511 0.129799 -5147.39 0.120735 0.992683 0.00157617 311.158 -0.128661 0.0172228 -0.991539 10348.7 
-0.984608 0.119231 0.127793 -5147.04 0.120464 0.992716 0.00193347 311.095 -0.126632 0.0172982 -0.991799 10346.1 
-0.984402 0.121239 0.127492 -5146.72 0.122448 0.992474 0.00165673 311.054 -0.126331 0.017242 -0.991838 10343.5 
-0.984666 0.120252 0.126379 -5146.53 0.121422 0.9926 0.00156991 311.027 -0.125255 0.0168911 -0.991981 10342.2 
-0.98443 0.121406 0.127112 -5146.41 0.122477 0.992471 0.000615875 311.012 -0.12608 0.0161746 -0.991888 10340.9 
-0.984501 0.12164 0.126341 -5146.23 0.122575 0.992459 -0.000380589 310.983 -0.125434 0.0151115 -0.991987 10339.6 
-0.983913 0.125755 0.126891 -5146.09 0.126493 0.991965 -0.00225874 310.962 -0.126156 0.0138284 -0.991914 10338.4 
-0.984118 0.125194 0.125853 -5145.73 0.126361 0.991983 0.00130197 310.918 -0.124682 0.0171843 -0.992048 10335.8 
-0.983599 0.127607 0.127473 -5145.44 0.128589 0.991698 -0.000530926 310.869 -0.126482 0.0158694 -0.991842 10333.3 
-0.983366 0.12896 0.127907 -5145.11 0.130065 0.991505 0.000288455 310.819 -0.126783 0.0169198 -0.991786 10330.8 
-0.982485 0.131165 0.132361 -5136.9 0.132443 0.99119 0.000859479 308.286 -0.131082 0.0183747 -0.991201 10303.9 
-0.982362 0.131982 0.132461 -5136.72 0.133247 0.991083 0.000692022 308.258 -0.131188 0.0183298 -0.991188 10302.6 
-0.982718 0.13855 0.12276 -5136.49 0.140361 0.990081 0.00618908 307.922 -0.120685 0.0233129 -0.992417 10306.7 
-0.983092 0.137017 0.121474 -5136.31 0.138749 0.99031 0.00587092 307.9 -0.119493 0.022626 -0.992577 10305.5 
-0.983594 0.135122 0.11952 -5135.97 0.136851 0.990571 0.00633892 307.866 -0.117537 0.0225914 -0.992812 10303.1 
-0.984244 0.132207 0.117409 -5135.67 0.134094 0.990934 0.00828409 307.826 -0.11525 0.0238974 -0.993049 10300.7 
-0.984455 0.13281 0.114931 -5135.41 0.134347 0.990918 0.00569452 307.791 -0.113131 0.0210466 -0.993357 10298.3 
-0.984112 0.135065 0.115241 -5135.29 0.136626 0.990606 0.00572327 307.776 -0.113386 0.0213773 -0.993321 10297.2 
-0.984357 0.133576 0.114882 -5135.14 0.135344 0.990769 0.00769414 307.759 -0.112794 0.0231224 -0.993349 10296 
-0.984393 0.133309 0.114891 -5134.98 0.135308 0.990756 0.00974326 307.737 -0.11253 0.0251369 -0.99333 10294.9 
-0.984181 0.135124 0.114586 -5134.85 0.137174 0.990495 0.0101609 307.736 -0.112124 0.0257185 -0.993361 10293.8 
-0.984059 0.136221 0.114334 -5134.73 0.138211 0.990356 0.00962713 307.719 -0.111919 0.0252758 -0.993396 10292.7 
-0.984307 0.13472 0.113979 -5134.6 0.136822 0.990537 0.0107946 307.713 -0.111447 0.0262201 -0.993424 10291.7 
-0.984418 0.135015 0.11266 -5134.35 0.137353 0.990434 0.0132184 307.691 -0.109798 0.0284866 -0.993546 10289.6 
-0.984966 0.134263 0.108702 -5134.09 0.136378 0.990581 0.0122243 307.674 -0.106037 0.0268651 -0.993999 10287.6 
-0.985 0.135049 0.107412 -5133.98 0.137249 0.990447 0.0133325 307.654 -0.104585 0.0278748 -0.994125 10286.7 
-0.984922 0.136181 0.106695 -5133.78 0.138397 0.990283 0.0136047 307.633 -0.103805 0.0281658 -0.994199 10284.8 
-0.9827 0.144114 0.116323 -5133.62 0.146293 0.989187 0.0103758 307.622 -0.11357 0.0272136 -0.993157 10283.2 
-0.977167 0.153212 0.147212 -5133.43 0.155683 0.987793 0.00534683 307.603 -0.144596 0.0281432 -0.98909 10281.6 
-0.968412 0.154619 0.195629 -5133.17 0.158317 0.987383 0.00331341 307.559 -0.192648 0.0341801 -0.980672 10280.1 
-0.955004 0.15318 0.253975 -5132.79 0.158269 0.987396 -0.000399008 307.517 -0.250835 0.0398154 -0.967211 10278.8 
-0.932686 0.15543 0.325482 -5132.35 0.159062 0.987145 -0.0156006 307.446 -0.323723 0.0372213 -0.945419 10277.6 
-0.898074 0.156215 0.411168 -5131.84 0.157449 0.987037 -0.0311051 307.383 -0.410697 0.0368032 -0.911029 10276.6 
-0.816456 0.155205 0.556157 -5130.9 0.150915 0.987076 -0.0539122 307.247 -0.557337 0.0399156 -0.829327 10275.2 
-0.739865 0.151828 0.655399 -5130.18 0.142112 0.987489 -0.0683314 307.141 -0.657574 0.0425844 -0.752185 10274.5 
-0.593425 0.14421 0.791865 -5128.89 0.123936 0.988457 -0.0871345 306.94 -0.79529 0.046433 -0.604448 10273.6 
-0.47555 0.133734 0.869464 -5127.99 0.103195 0.990033 -0.0958367 306.816 -0.873615 0.0441493 -0.484612 10273.2 
-0.350177 0.126459 0.928108 -5127.05 0.0820957 0.991175 -0.104077 306.677 -0.933079 0.0397483 -0.357468 10272.9 
-0.217328 0.124827 0.968084 -5126.11 0.0667283 0.991369 -0.112849 306.545 -0.973815 0.0400733 -0.223782 10272.7 
-0.0819004 0.125684 0.988684 -5125.18 0.0472763 0.99139 -0.122112 306.412 -0.995519 0.0367403 -0.0871371 10272.7 
0.0562226 0.114266 0.991858 -5124.23 0.0265451 0.992907 -0.115892 306.273 -0.998065 0.0328447 0.0527906 10272.8 
0.19592 0.0915809 0.976334 -5123.27 0.0122594 0.995323 -0.0958222 306.147 -0.980543 0.0307428 0.193881 10273.1 
0.331884 0.0723214 0.940544 -5122.34 -0.00600637 0.997199 -0.0745584 306.019 -0.943301 0.0190955 0.331389 10273.5 
0.460891 0.066038 0.884996 -5121.48 -0.018311 0.997723 -0.0649136 305.93 -0.887268 0.0137129 0.461051 10274.1 
0.524051 0.0608457 0.849511 -5121.06 -0.0214281 0.998071 -0.0582676 305.899 -0.851418 0.0123317 0.524343 10274.4 
0.582853 0.0558475 0.810656 -5120.64 -0.0260974 0.998407 -0.0500183 305.864 -0.812158 0.00799733 0.583382 10274.8 
0.641575 0.051428 0.765334 -5120.22 -0.0295769 0.998667 -0.042313 305.836 -0.76649 0.00451074 0.64224 10275.1 
0.694838 0.0485089 0.717528 -5119.82 -0.0320606 0.99882 -0.0364791 305.796 -0.718451 0.00234269 0.695574 10275.5 
0.783776 0.0519974 0.618863 -5119.18 -0.0400419 0.998646 -0.033195 305.736 -0.619751 0.00123702 0.784798 10276.5 
0.858999 0.0509313 0.509437 -5118.49 -0.0415809 0.998693 -0.0297324 305.699 -0.510285 0.00435725 0.859994 10277.5 
0.889465 0.0507855 0.454172 -5118.23 -0.0449223 0.998709 -0.0236984 305.678 -0.454789 0.000676422 0.890599 10278.1 
0.941024 0.0482294 0.334884 -5117.84 -0.0470418 0.998825 -0.0116617 305.66 -0.335053 -0.00477961 0.942187 10279.4 
0.974358 0.0513425 0.219068 -5117.58 -0.0524102 0.998625 -0.000938576 305.641 -0.218815 -0.0105669 0.975709 10280.8 
0.990939 0.0606877 0.119824 -5117.41 -0.0614515 0.998106 0.00268624 305.652 -0.119434 -0.0100253 0.992791 10282.2 
0.996825 0.0662333 0.0441831 -5117.4 -0.0666871 0.997734 0.00887405 305.65 -0.0434952 -0.0117923 0.998984 10283.8 
0.997838 0.0649269 0.0101548 -5117.41 -0.0650568 0.997796 0.0130339 305.654 -0.00928617 -0.0136664 0.999863 10284.6 
0.996748 0.0656208 -0.0467786 -5114.11 -0.0647424 0.9977 0.0200538 306.411 0.0479869 -0.01696 0.998704 10294.1 
0.993408 0.0761462 -0.085683 -5112.84 -0.0744791 0.996969 0.0224925 307.781 0.087136 -0.0159627 0.996069 10306.5 
0.991628 0.0833744 -0.0985992 -5113.74 -0.0815657 0.99642 0.0222422 309.228 0.100101 -0.0140137 0.994879 10316.8 
0.991351 0.0850604 -0.0999351 -5117.7 -0.0829613 0.99624 0.0249834 308.816 0.101684 -0.0164766 0.99468 10331.9 
0.991141 0.0827979 -0.103843 -5117.91 -0.0805297 0.996417 0.0258552 308.849 0.105611 -0.0172637 0.994258 10333.9 
0.990729 0.0819622 -0.108348 -5118.14 -0.0794896 0.996471 0.0269534 308.889 0.110175 -0.018091 0.993748 10336 
0.990404 0.0813554 -0.111719 -5118.4 -0.0784395 0.99646 0.0302593 308.934 0.113785 -0.0212058 0.993279 10338.1 
0.990066 0.0813049 -0.114714 -5118.67 -0.0786218 0.996519 0.0277311 308.978 0.116569 -0.0184366 0.993011 10340.3 
0.989703 0.0813709 -0.117754 -5118.93 -0.0786662 0.996523 0.027445 309.027 0.119577 -0.0178992 0.992664 10342.6 
0.989863 0.0803452 -0.117118 -5119.74 -0.077845 0.996632 0.0257751 310.039 0.118794 -0.0163968 0.992784 10352.1 
0.989853 0.0814397 -0.116445 -5119.87 -0.0788741 0.996533 0.0264809 310.062 0.118197 -0.0170277 0.992844 10353.3 
0.990094 0.0811498 -0.114581 -5120.15 -0.0788765 0.99659 0.024244 310.123 0.116158 -0.0149661 0.993118 10355.8 
0.990583 0.0792253 -0.111666 -5120.44 -0.0776714 0.996813 0.0182047 310.149 0.112752 -0.00936002 0.993579 10358.2 
0.990983 0.0763545 -0.110104 -5120.61 -0.0749011 0.997041 0.0172826 310.165 0.111098 -0.00887986 0.99377 10359.5 
0.991072 0.0739837 -0.110913 -5120.93 -0.0724289 0.997211 0.0179873 310.192 0.111935 -0.00979334 0.993667 10362.1 
0.990585 0.0738582 -0.115269 -5121.23 -0.0726981 0.997252 0.0142423 310.216 0.116004 -0.00572839 0.993232 10364.7 
0.989992 0.0746994 -0.119733 -5121.59 -0.0731167 0.997169 0.0175637 310.225 0.120706 -0.00863341 0.992651 10367.4 
0.989664 0.0745317 -0.122512 -5121.94 -0.0730322 0.99719 0.0166915 310.251 0.123412 -0.00757168 0.992327 10370.2 
0.989568 0.0730599 -0.124169 -5122.12 -0.0716432 0.997304 0.0158427 310.253 0.124991 -0.00678161 0.992135 10371.6 
0.989488 0.071782 -0.125543 -5122.3 -0.0705249 0.997406 0.0144357 310.273 0.126254 -0.00543005 0.991983 10373 
0.989334 0.0732444 -0.125909 -5122.3 -0.0718722 0.997295 0.0154131 311.799 0.126698 -0.00619935 0.991922 10383.2 
0.989426 0.0719063 -0.125956 -5122.51 -0.0704231 0.997386 0.0161951 311.813 0.126791 -0.0071537 0.991904 10384.7 
0.98944 0.0739337 -0.124666 -5122.72 -0.0720637 0.99721 0.0194499 311.825 0.125756 -0.0102607 0.992008 10386.1 
0.989535 0.0744085 -0.123628 -5123.11 -0.0719692 0.997116 0.0240878 311.834 0.125063 -0.0149384 0.992036 10389.1 
0.989675 0.0740362 -0.12273 -5123.31 -0.0708969 0.99704 0.0297578 311.858 0.12457 -0.0207493 0.991994 10390.6 
0.98965 0.0750613 -0.122303 -5123.71 -0.0709207 0.996763 0.0378698 311.927 0.12475 -0.028804 0.99177 10393.6 
0.989705 0.0785193 -0.119664 -5123.01 -0.0742353 0.996444 0.0398543 313.607 0.122367 -0.0305607 0.992014 10405.5 
0.989786 0.0779974 -0.119334 -5123.22 -0.0739816 0.996546 0.0377263 313.637 0.121864 -0.0285124 0.992137 10407 
0.989956 0.0778044 -0.11804 -5123.61 -0.0740927 0.996619 0.0355196 313.689 0.120405 -0.0264169 0.992373 10410 
0.990159 0.0768697 -0.116945 -5123.97 -0.0729355 0.996629 0.0375637 313.735 0.119438 -0.0286646 0.992428 10413 
0.990394 0.0771216 -0.114771 -5126.21 -0.0735088 0.996666 0.0353903 314.682 0.117118 -0.0266137 0.992761 10425.7 
0.990519 0.0765145 -0.114096 -5126.39 -0.0727605 0.996673 0.0367179 314.721 0.116525 -0.0280681 0.992791 10427.2 
0.990597 0.0774186 -0.112804 -5126.59 -0.0734602 0.996541 0.0388415 314.751 0.115421 -0.0301897 0.992858 10428.7 
0.990595 0.0776999 -0.112623 -5126.76 -0.0735981 0.99648 0.0401381 314.79 0.115345 -0.0314718 0.992827 10430.1 
0.990616 0.0753552 -0.114027 -5127.16 -0.0717724 0.996799 0.0352122 314.827 0.116315 -0.0266978 0.992853 10433.1 
0.99012 0.0795539 -0.115473 -5127.51 -0.0760317 0.996505 0.0346 314.89 0.117822 -0.0254786 0.992708 10436.1 
0.989929 0.0815066 -0.115749 -5127.69 -0.0778652 0.996326 0.0356473 314.919 0.118229 -0.0262755 0.992639 10437.6 
0.990036 0.0790646 -0.116526 -5127.87 -0.0755866 0.99656 0.0339774 314.93 0.118812 -0.024831 0.992606 10439 
0.990023 0.0772804 -0.117826 -5128.25 -0.073334 0.996603 0.0374748 314.973 0.120322 -0.0284602 0.992327 10442 
0.989897 0.0772108 -0.118925 -5128.44 -0.0734071 0.99665 0.0360458 314.994 0.12131 -0.0269516 0.992249 10443.4 
0.98986 0.0757108 -0.120186 -5128.64 -0.0722538 0.996844 0.0328719 315.02 0.122295 -0.0238547 0.992207 10444.9 
0.989623 0.0761679 -0.121841 -5129.04 -0.0719831 0.996667 0.0383927 315.079 0.124359 -0.0292238 0.991807 10447.8 
0.989393 0.0759527 -0.123824 -5129.43 -0.0718141 0.996711 0.0375574 315.133 0.126269 -0.0282667 0.991593 10450.7 
0.989126 0.0780331 -0.124662 -5129.81 -0.0738515 0.996552 0.0378265 315.168 0.127184 -0.0282087 0.991478 10453.6 
0.989076 0.0783144 -0.124878 -5130.18 -0.0742508 0.996558 0.0368765 315.212 0.127336 -0.0272014 0.991487 10456.5 
0.989197 0.0783938 -0.123868 -5130.38 -0.0743462 0.996547 0.0369752 315.236 0.126338 -0.0273667 0.99161 10457.9 
0.989171 0.0789672 -0.123713 -5130.57 -0.0748964 0.996496 0.0372246 315.255 0.126219 -0.0275558 0.99162 10459.4 
0.9894 0.0782943 -0.122298 -5130.94 -0.0740612 0.996499 0.0387907 315.3 0.124906 -0.029322 0.991735 10462.2 
0.989591 0.077267 -0.121403 -5131.13 -0.0731066 0.996586 0.0383642 315.33 0.123953 -0.0290895 0.991862 10463.6 
0.98968 0.0783999 -0.119949 -5131.48 -0.0747675 0.996604 0.0344966 315.389 0.122246 -0.0251723 0.992181 10466.5 
0.989673 0.0812994 -0.118055 -5131.86 -0.0775104 0.996329 0.0363469 315.429 0.120577 -0.026821 0.992342 10469.3 
0.989835 0.0824944 -0.115849 -5131.91 -0.0785294 0.996172 0.0383901 316.174 0.118573 -0.0289023 0.992525 10476.2 
0.989932 0.0830416 -0.114623 -5132.08 -0.0791159 0.996126 0.0383916 316.196 0.117367 -0.0289366 0.992667 10477.6 
0.990359 0.0815645 -0.11197 -5132.44 -0.0781996 0.996353 0.0341288 316.245 0.114345 -0.0250438 0.993125 10480.4 
0.990485 0.0842568 -0.108814 -5132.76 -0.0807357 0.996072 0.0363763 316.294 0.111452 -0.0272449 0.993396 10483.3 
0.990573 0.085623 -0.106925 -5133.08 -0.0832775 0.996181 0.0262194 316.335 0.108761 -0.0170678 0.993921 10486 
0.990803 0.0853166 -0.105022 -5133.41 -0.0833886 0.99626 0.0226217 316.354 0.10656 -0.013656 0.994213 10488.8 
0.990917 0.0851066 -0.104116 -5133.58 -0.0832095 0.996279 0.0224385 316.365 0.105639 -0.0135713 0.994312 10490.2 
0.990991 0.0837693 -0.104496 -5133.73 -0.0816622 0.996364 0.0242903 316.368 0.106151 -0.015538 0.994229 10491.6 
0.99117 0.0833789 -0.103103 -5134.02 -0.0811533 0.996373 0.0256024 316.393 0.104864 -0.0170092 0.994341 10494.4 
0.991251 0.0820791 -0.103362 -5134.34 -0.0801135 0.99652 0.0230335 316.404 0.104893 -0.0145513 0.994377 10497.1 
0.9909 0.0829241 -0.106023 -5134.63 -0.0807084 0.996423 0.0250282 316.42 0.107719 -0.0162435 0.994049 10499.9 
0.990563 0.0833409 -0.108807 -5134.92 -0.080863 0.99636 0.0269979 316.437 0.110661 -0.0179447 0.993696 10502.6 
0.99152 0.0801537 -0.102293 -5135.64 -0.0779534 0.996635 0.0253351 317.197 0.10398 -0.0171462 0.994432 10509.5 
0.991733 0.0774646 -0.102295 -5135.79 -0.0754152 0.996869 0.0237582 317.207 0.103815 -0.0158472 0.99447 10510.8 
0.99165 0.0777751 -0.10287 -5136.09 -0.0757626 0.996853 0.0233345 317.232 0.104361 -0.015346 0.994421 10513.5 
0.991437 0.0781405 -0.104629 -5136.34 -0.0761576 0.996835 0.0228212 317.255 0.106081 -0.0146575 0.994249 10516.2 
0.991289 0.0790585 -0.105336 -5136.64 -0.0770235 0.996758 0.0232555 317.266 0.106833 -0.0149396 0.994165 10518.9 
0.991304 0.0788436 -0.105353 -5136.96 -0.0768996 0.996787 0.0223946 317.296 0.10678 -0.0140983 0.994183 10521.6 
0.991368 0.0775622 -0.105702 -5137.11 -0.0756285 0.996889 0.022187 317.301 0.107094 -0.0140014 0.99415 10523 
0.991426 0.077656 -0.105089 -5137.28 -0.0756469 0.99687 0.0229772 317.316 0.106544 -0.0148305 0.994197 10524.3 
0.99136 0.0794759 -0.104352 -5137.61 -0.0774765 0.996727 0.0230822 317.339 0.105845 -0.0147979 0.994273 10527 
0.99129 0.0799892 -0.104621 -5137.89 -0.0780484 0.996695 0.0225219 317.35 0.106077 -0.0141602 0.994257 10529.7 
0.9913 0.0800371 -0.104487 -5138.18 -0.078058 0.996686 0.0229012 317.364 0.105974 -0.014546 0.994263 10532.4 
0.991318 0.0803596 -0.104069 -5138.49 -0.0783715 0.996657 0.0230601 317.373 0.105575 -0.0147039 0.994303 10535.1 
0.991255 0.0818529 -0.103504 -5138.79 -0.0799764 0.99655 0.0221588 317.402 0.104961 -0.0136871 0.994382 10537.7 
0.991176 0.0821507 -0.10403 -5139.1 -0.0803135 0.996533 0.0217344 317.407 0.105455 -0.0131876 0.994337 10540.4 
0.991119 0.0823028 -0.104448 -5139.38 -0.0801565 0.996479 0.0245904 317.412 0.106104 -0.0159999 0.994226 10543.1 
0.991248 0.0812439 -0.10405 -5139.68 -0.0792532 0.996586 0.0231329 317.43 0.105574 -0.0146842 0.994303 10545.7 
0.991393 0.0797507 -0.103822 -5139.98 -0.0777442 0.996702 0.0232384 317.442 0.105333 -0.0149669 0.994324 10548.4 
0.991546 0.078338 -0.103442 -5140.26 -0.0762651 0.996802 0.0238507 317.449 0.104979 -0.01576 0.99435 10551 
0.991819 0.0752801 -0.103087 -5140.41 -0.0731814 0.99703 0.023997 317.456 0.104588 -0.0162566 0.994383 10552.3 
0.991793 0.0749228 -0.103605 -5140.69 -0.0725719 0.997017 0.0262822 317.467 0.105265 -0.0185477 0.994271 10554.9 
0.991532 0.0758382 -0.105422 -5140.99 -0.0735105 0.996961 0.0257984 317.49 0.107058 -0.0178303 0.994093 10557.5 
0.991177 0.077722 -0.107367 -5141.26 -0.0748568 0.996729 0.0304693 317.507 0.109384 -0.0221633 0.993752 10560.1 
0.990795 0.0807734 -0.108629 -5141.54 -0.0771115 0.996317 0.0375052 317.551 0.111258 -0.0287834 0.993375 10562.6 
0.990584 0.0811766 -0.110245 -5141.85 -0.0775917 0.996319 0.0364344 317.602 0.112797 -0.0275372 0.993236 10565.2 
0.990562 0.0823045 -0.109601 -5142.03 -0.0789231 0.996271 0.0348477 317.631 0.112061 -0.0258688 0.993365 10566.5 
0.989967 0.083848 -0.113733 -5140.82 -0.080439 0.996171 0.0342475 319.061 0.116169 -0.0247553 0.992921 10580.1 
0.989729 0.0849331 -0.114989 -5140.96 -0.0815976 0.996105 0.0334182 319.084 0.11738 -0.0236921 0.992804 10581.3 
0.989692 0.0855586 -0.11485 -5141.13 -0.0821265 0.996032 0.0342985 319.099 0.117328 -0.0245127 0.992791 10582.6 
0.989544 0.0855512 -0.116123 -5141.29 -0.0819908 0.996015 0.0351068 319.118 0.118664 -0.0252186 0.992614 10583.9 
0.98937 0.0861914 -0.117124 -5141.44 -0.0825765 0.995956 0.0353824 319.131 0.1197 -0.0253346 0.992487 10585.1 
0.989244 0.0866827 -0.11782 -5141.61 -0.083122 0.995931 0.0348167 319.156 0.120358 -0.0246488 0.992424 10586.4 
0.989311 0.0846706 -0.118717 -5141.92 -0.0812243 0.99613 0.0335824 319.194 0.121101 -0.0235808 0.99236 10588.9 
0.989332 0.0831295 -0.11963 -5142.06 -0.0796202 0.996251 0.0338296 319.218 0.121994 -0.0239437 0.992242 10590.1 
0.989322 0.0834937 -0.119459 -5142.24 -0.079786 0.99618 0.0354988 319.239 0.121966 -0.0255886 0.992204 10591.3 
0.989257 0.0844267 -0.119342 -5142.41 -0.0809114 0.996141 0.0340085 319.267 0.121753 -0.023987 0.992271 10592.6 
0.988986 0.0877879 -0.119163 -5142.57 -0.0844436 0.995887 0.0328399 319.276 0.121556 -0.0224156 0.992331 10593.8 
0.988735 0.089708 -0.119815 -5142.73 -0.0862924 0.99571 0.0334074 319.289 0.122298 -0.022692 0.992234 10595 
0.988569 0.0917173 -0.119665 -5142.89 -0.088307 0.99553 0.0335082 319.313 0.122203 -0.0225579 0.992249 10596.3 
0.988495 0.0933846 -0.118986 -5143.03 -0.090005 0.995378 0.0334792 319.334 0.121563 -0.0223846 0.992331 10597.5 
0.988886 0.0937109 -0.115423 -5144.01 -0.0901292 0.995284 0.0358799 319.98 0.11824 -0.0250782 0.992668 10603.9 
0.989069 0.0953321 -0.112488 -5144.17 -0.0916813 0.995093 0.0372056 320.004 0.115483 -0.0264859 0.992956 10605.1 
0.989662 0.0896258 -0.111966 -5144.3 -0.0861315 0.995645 0.0356757 320.019 0.114676 -0.0256631 0.993071 10606.3 
0.990154 0.0853949 -0.110922 -5144.43 -0.0823026 0.996088 0.0321723 320.03 0.113235 -0.0227264 0.993308 10607.4 
0.990202 0.0877419 -0.10863 -5144.57 -0.0845916 0.99586 0.0332849 320.041 0.1111 -0.0237696 0.993525 10608.6 
0.99059 0.0867695 -0.105843 -5144.69 -0.0832782 0.99584 0.0369793 320.061 0.108611 -0.0278169 0.993695 10609.7 
0.990758 0.0890053 -0.102356 -5143.08 -0.0855169 0.995612 0.0379876 320.249 0.105288 -0.0288833 0.994022 10614.4 
0.991028 0.0897181 -0.0990675 -5143.2 -0.0867191 0.995646 0.0341837 320.262 0.101703 -0.0252859 0.994493 10615.5 
0.991377 0.0884728 -0.0966659 -5143.31 -0.0860626 0.995872 0.0288326 320.279 0.0988178 -0.0202647 0.994899 10616.6 
0.992292 0.0784805 -0.0959009 -5141.66 -0.0763459 0.996749 0.025734 320.429 0.0976088 -0.018214 0.995058 10621.4 
0.992698 0.0750799 -0.0944139 -5141.74 -0.0731234 0.997034 0.0240197 320.43 0.0959373 -0.0169404 0.995243 10622.5 
0.992878 0.0753609 -0.0922693 -5141.86 -0.073223 0.996968 0.0263454 320.439 0.0939749 -0.0194015 0.995386 10623.6 
0.992949 0.076393 -0.0906444 -5141.97 -0.0741536 0.996859 0.0278264 320.452 0.0924854 -0.0209086 0.995494 10624.7 
0.992997 0.0768294 -0.089745 -5142.17 -0.074898 0.996885 0.0246991 320.467 0.0913631 -0.0178045 0.995658 10626.8 
0.992979 0.077548 -0.089321 -5142.27 -0.0756429 0.996833 0.0245249 320.471 0.09094 -0.0175962 0.995701 10627.9 
0.993061 0.0773327 -0.0886023 -5142.37 -0.0752922 0.996819 0.0261505 320.469 0.0903427 -0.019298 0.995724 10629 
0.993321 0.0741809 -0.0883782 -5144.59 -0.0719433 0.997009 0.0282454 322.312 0.0902091 -0.0216985 0.995686 10638.3 
0.993345 0.0737937 -0.0884357 -5144.7 -0.0714695 0.997016 0.0291705 322.325 0.0903244 -0.0226559 0.995655 10639.4 
0.99338 0.0712128 -0.0901391 -5144.78 -0.0687438 0.997177 0.0302094 322.332 0.0920359 -0.0238129 0.995471 10640.5 
0.99326 0.0690928 -0.0930676 -5144.9 -0.0665199 0.99732 0.0304731 322.339 0.0949237 -0.0240769 0.995193 10641.5 
0.993062 0.0668252 -0.0967547 -5145.02 -0.0643739 0.997526 0.0282426 322.362 0.0984027 -0.0218181 0.994907 10642.6 
0.990999 0.105398 -0.0825406 -5144.47 -0.105621 0.994405 0.00167512 323.774 0.0822553 0.00705799 0.996586 10656.5 
0.990444 0.108285 -0.085411 -5144.61 -0.108845 0.994057 -0.00191815 323.78 0.0846957 0.0111964 0.996344 10657.6 
0.989944 0.108333 -0.0909604 -5144.69 -0.108994 0.99404 -0.00230747 323.758 0.0901683 0.0121984 0.995852 10658.6 
0.989431 0.108558 -0.0961349 -5144.79 -0.109122 0.994028 -0.000613222 323.743 0.0954942 0.0110972 0.995368 10659.7 
0.988303 0.107067 -0.108597 -5145.08 -0.107319 0.994218 0.00353884 323.716 0.108348 0.00815708 0.99408 10661.8 
0.985162 0.119964 -0.122742 -5151.42 -0.119565 0.992769 0.0106374 323.925 0.12313 0.00419601 0.992382 10694.7 
0.983514 0.128436 -0.127297 -5151.73 -0.127942 0.991708 0.0120853 323.933 0.127793 0.0044005 0.991791 10696.9 
0.983138 0.135771 -0.122499 -5151.99 -0.135595 0.990716 0.00981257 323.916 0.122694 0.00696318 0.99242 10699.1 
0.98423 0.137623 -0.111137 -5152.26 -0.137339 0.990471 0.0102407 323.904 0.111488 0.00518428 0.993752 10701.3 
0.985804 0.139166 -0.0939282 -5152.49 -0.139074 0.990253 0.0075597 323.89 0.0940648 0.00561058 0.99555 10703.5 
0.987498 0.138346 -0.0755508 -5152.68 -0.138459 0.990361 0.0037578 323.875 0.0753424 0.0067499 0.997135 10705.8 
0.989411 0.132588 -0.0590399 -5152.77 -0.132856 0.991135 -0.000622809 323.851 0.0584339 0.00846004 0.998255 10708.2 
0.990443 0.130346 -0.0450823 -5152.85 -0.130526 0.991444 -0.0010652 323.814 0.0445577 0.00693943 0.998983 10710.5 
0.990537 0.133192 -0.033124 -5152.97 -0.133319 0.991072 -0.00164191 323.793 0.0326096 0.00604243 0.99945 10712.9 
0.990068 0.138472 -0.024323 -5153.05 -0.138558 0.990353 -0.00187146 323.761 0.0238292 0.00522302 0.999702 10715.3 
0.987803 0.153445 -0.0264465 -5151.5 -0.153771 0.988048 -0.0107808 324.457 0.0244762 0.014716 0.999592 10729.6 
0.98884 0.146406 -0.0275761 -5151.61 -0.146863 0.989038 -0.0153392 324.405 0.025028 0.019218 0.999502 10732.1 
0.990215 0.135588 -0.0330241 -5151.69 -0.135972 0.990666 -0.00965838 324.332 0.0314063 0.0140542 0.999408 10734.6 
0.990587 0.131648 -0.0374989 -5151.74 -0.13199 0.991228 -0.00678982 324.307 0.0362761 0.0116754 0.999274 10735.9 
0.990904 0.127319 -0.0435829 -5151.81 -0.127684 0.991799 -0.00569508 324.281 0.0425004 0.0112081 0.999034 10737.2 
0.990861 0.12258 -0.0562904 -5151.96 -0.123063 0.992385 -0.00519688 324.233 0.0552248 0.0120767 0.998401 10739.9 
0.990153 0.122847 -0.0671223 -5152.16 -0.123228 0.992377 -0.00154982 324.189 0.0664203 0.00980589 0.997744 10742.5 
0.980906 0.181097 -0.0709065 -5153.2 -0.183085 0.982838 -0.0225713 325.543 0.065602 0.0351222 0.997228 10751.4 
0.980265 0.182725 -0.0754424 -5153.33 -0.184875 0.982504 -0.0225162 325.499 0.0700082 0.0360193 0.996896 10752.8 
0.978833 0.185115 -0.0872828 -5152.66 -0.187942 0.981854 -0.0253023 325.225 0.0810152 0.0411709 0.995862 10766.6 
0.978147 0.184935 -0.095016 -5152.93 -0.188671 0.981523 -0.0318862 325.105 0.0873635 0.0491161 0.994965 10769.3 
0.977778 0.185227 -0.0981906 -5153.22 -0.189119 0.981437 -0.0318575 324.996 0.090467 0.0497193 0.994658 10772.2 
0.977188 0.187778 -0.0992094 -5153.57 -0.191448 0.98108 -0.0287897 324.894 0.0919264 0.0471264 0.99465 10775 
0.976617 0.189607 -0.101332 -5153.87 -0.193118 0.980832 -0.0259557 324.779 0.0944685 0.0449179 0.994514 10777.9 
0.976466 0.188919 -0.104038 -5154.22 -0.192157 0.981119 -0.0219381 324.67 0.0979292 0.0414134 0.994331 10780.7 
0.976003 0.188961 -0.108221 -5154.54 -0.192437 0.98105 -0.0225423 324.566 0.10191 0.0428271 0.993871 10783.6 
0.975683 0.190496 -0.108415 -5154.92 -0.194269 0.980623 -0.0252695 324.465 0.1015 0.0457165 0.993785 10786.4 
0.975534 0.191673 -0.107679 -5155.24 -0.195279 0.980456 -0.0239144 324.358 0.100991 0.0443568 0.993898 10789.3 
0.975897 0.189943 -0.107452 -5155.41 -0.193434 0.980845 -0.0229622 324.304 0.101033 0.0431937 0.993945 10790.7 
0.975927 0.190416 -0.10634 -5155.59 -0.193812 0.980781 -0.0224791 324.244 0.100016 0.042548 0.994076 10792.1 
0.976068 0.190345 -0.105166 -5155.76 -0.193706 0.980799 -0.0226347 324.197 0.0988386 0.0424643 0.994197 10793.5 
0.97571 0.193106 -0.103442 -5156.08 -0.196569 0.980189 -0.0243055 324.082 0.0966995 0.0440486 0.994338 10796.3 
0.976498 0.189761 -0.102184 -5156.39 -0.193422 0.980741 -0.0271 323.962 0.095074 0.0462278 0.994396 10799.2 
0.977418 0.18634 -0.0996586 -5156.69 -0.189596 0.981564 -0.024177 323.815 0.0933162 0.0425259 0.994728 10802 
0.977543 0.187177 -0.0968207 -5156.96 -0.190105 0.98152 -0.0218796 323.698 0.0909361 0.0397943 0.995061 10804.7 
0.977596 0.187137 -0.096365 -5157.11 -0.19031 0.981411 -0.0247775 323.636 0.0899369 0.0425616 0.995038 10806.1 
0.977728 0.186977 -0.0953238 -5157.26 -0.190262 0.981374 -0.0265455 323.581 0.088585 0.0440908 0.995092 10807.5 
0.978126 0.185274 -0.0945631 -5157.39 -0.188492 0.981724 -0.0262393 323.52 0.0879735 0.0434897 0.995173 10808.9 
0.97863 0.183237 -0.0933133 -5157.69 -0.186074 0.982276 -0.0225942 323.392 0.0875193 0.0394745 0.99538 10811.7 
0.979325 0.17855 -0.0950905 -5157.94 -0.18162 0.983061 -0.0246053 323.283 0.0890865 0.041367 0.995164 10814.4 
0.979512 0.176704 -0.0965974 -5158.07 -0.17994 0.983339 -0.0258154 323.228 0.0904263 0.0426683 0.994989 10815.8 
0.979531 0.175735 -0.098161 -5158.34 -0.178936 0.983549 -0.0247493 323.11 0.0921969 0.0418073 0.994863 10818.5 
0.979527 0.176115 -0.0975158 -5158.65 -0.179133 0.983555 -0.0230337 322.994 0.0918556 0.0400304 0.994967 10821.2 
0.97923 0.177745 -0.0975444 -5158.77 -0.180729 0.983273 -0.0225905 322.944 0.0918975 0.0397504 0.994975 10822.5 
0.978911 0.17935 -0.097809 -5159.06 -0.18238 0.982961 -0.0228974 322.826 0.0920358 0.0402529 0.994942 10825.2 
0.979174 0.177774 -0.0980505 -5159.37 -0.180892 0.983215 -0.0238119 322.715 0.0921716 0.0410525 0.994897 10827.9 
0.979198 0.177384 -0.0985177 -5159.5 -0.180451 0.983313 -0.0230812 322.66 0.0927795 0.0403788 0.994868 10829.2 
0.979418 0.174993 -0.100589 -5159.77 -0.178064 0.983765 -0.0223425 322.543 0.0950462 0.039794 0.994677 10831.8 
0.979621 0.172634 -0.102664 -5160.05 -0.175593 0.98425 -0.020452 322.436 0.0975167 0.0380624 0.994506 10834.4 
0.979401 0.173402 -0.103469 -5160.2 -0.176219 0.984174 -0.0186613 322.396 0.098596 0.0365101 0.994458 10835.7 
0.979476 0.172243 -0.104689 -5160.35 -0.17488 0.984452 -0.0164865 322.35 0.100221 0.0344561 0.994368 10837 
0.979009 0.173481 -0.106982 -5160.64 -0.176018 0.984278 -0.0146734 322.28 0.102755 0.0331962 0.994153 10839.4 
0.978551 0.173841 -0.110533 -5160.92 -0.176443 0.984209 -0.0141323 322.184 0.106331 0.033332 0.993772 10841.7 
0.990174 0.0742801 -0.118485 -5165.11 -0.0717787 0.997101 0.0252475 321.399 0.120017 -0.0164947 0.992635 10854.6 
0.989354 0.076148 -0.124014 -5165.4 -0.0736184 0.996977 0.0248608 321.401 0.125532 -0.0154664 0.991969 10856.7 
0.988792 0.0796232 -0.126296 -5165.68 -0.0768751 0.996689 0.0264932 321.396 0.127987 -0.0164872 0.991639 10858.7 
0.988596 0.0802482 -0.127426 -5165.98 -0.0771903 0.996601 0.028765 321.387 0.129301 -0.0186009 0.991431 10860.5 
0.988004 0.0793852 -0.132463 -5166.5 -0.0762529 0.996679 0.028562 322.622 0.134291 -0.0181186 0.990776 10872.2 
0.987508 0.081496 -0.134856 -5166.73 -0.0788518 0.996577 0.0248429 322.625 0.136419 -0.013899 0.990554 10873.8 
0.987568 0.082825 -0.133598 -5166.85 -0.080758 0.996516 0.0208266 322.628 0.134858 -0.00977857 0.990817 10874.6 
0.988556 0.0833522 -0.125735 -5167.05 -0.0819536 0.996503 0.0162642 322.624 0.126651 -0.00577368 0.991931 10876.1 
0.989796 0.0804474 -0.117612 -5170.04 -0.0788608 0.996721 0.0180897 324.34 0.118682 -0.00863013 0.992895 10887 
0.990709 0.0808136 -0.109381 -5170.22 -0.0792174 0.996679 0.0188682 324.335 0.110542 -0.010028 0.993821 10888.5 
0.991649 0.0817843 -0.0997173 -5170.39 -0.0804174 0.996605 0.0176581 324.335 0.100823 -0.00949162 0.994859 10890 
0.992074 0.0811025 -0.0959805 -5170.47 -0.0797417 0.996654 0.0179358 324.335 0.097114 -0.01014 0.995222 10890.8 
0.992406 0.0806212 -0.092905 -5170.53 -0.0792157 0.996682 0.0187244 324.335 0.0941063 -0.0112226 0.995499 10891.5 
0.9926 0.0807009 -0.0907319 -5170.42 -0.0792475 0.996664 0.0195149 324.726 0.0920041 -0.0121803 0.995684 10898.1 
0.992614 0.0815908 -0.0897757 -5170.5 -0.0802731 0.996607 0.0181976 324.723 0.0909558 -0.0108566 0.995796 10898.9 
0.992699 0.0810251 -0.0893495 -5170.57 -0.0799614 0.996679 0.0154271 324.718 0.0903027 -0.00816992 0.995881 10899.6 
0.99268 0.0805652 -0.0899727 -5170.62 -0.0798346 0.99674 0.0116952 324.717 0.0906216 -0.00442669 0.995876 10900.3 
0.992738 0.0804829 -0.0894039 -5170.71 -0.079961 0.996754 0.00940954 324.72 0.0898709 -0.00219238 0.995951 10901.1 
0.99281 0.0792724 -0.0896859 -5170.79 -0.0787297 0.99685 0.00957797 324.714 0.0901627 -0.00244816 0.995924 10901.8 
0.992936 0.0778268 -0.0895555 -5169.73 -0.0770969 0.996956 0.0115862 324.39 0.0901846 -0.00459993 0.995914 10905.5 
0.992797 0.0785083 -0.0905017 -5169.8 -0.0777524 0.996902 0.0118535 324.388 0.091152 -0.00473136 0.995826 10906.2 
0.99287 0.0784927 -0.0897091 -5169.91 -0.077883 0.996909 0.0102823 324.387 0.090239 -0.00322222 0.995915 10907 
0.993168 0.0765022 -0.0881184 -5170 -0.0761293 0.997069 0.00759047 324.384 0.0884408 -0.000830216 0.996081 10907.7 
0.993398 0.0746133 -0.0871403 -5170.07 -0.0743639 0.997212 0.006109 324.381 0.0873532 0.000411427 0.996177 10908.5 
0.993389 0.0765632 -0.0855342 -5170.15 -0.0761578 0.997064 0.00799673 324.38 0.0858953 -0.00142977 0.996303 10909.3 
0.99306 0.0803304 -0.0859028 -5170.2 -0.0793915 0.996741 0.0142965 324.387 0.0867713 -0.00737732 0.996201 10910.1 
0.993222 0.080515 -0.0838294 -5170.29 -0.0791814 0.996677 0.0191192 324.382 0.0850902 -0.0123518 0.996297 10910.9 
0.993648 0.0776596 -0.0814443 -5170.37 -0.0764024 0.996906 0.0184453 324.379 0.0826248 -0.0121056 0.996507 10911.6 
0.993796 0.0779452 -0.079336 -5170.43 -0.0772174 0.99694 0.0122046 324.38 0.0800445 -0.00600281 0.996773 10912.4 
0.993962 0.0793192 -0.0758179 -5170.5 -0.0789675 0.996848 0.00763002 324.383 0.0761841 -0.0015968 0.997092 10913.2 
0.993961 0.0815222 -0.0734537 -5170.57 -0.0812567 0.996671 0.00660035 324.375 0.0737473 -0.000591876 0.997277 10914 
0.994135 0.0810188 -0.0716303 -5170.62 -0.0806318 0.99671 0.00828236 324.372 0.0720656 -0.00245811 0.997397 10914.9 
0.994553 0.0769507 -0.0703061 -5170.66 -0.0764104 0.997023 0.0103461 324.364 0.0708929 -0.00491766 0.997472 10915.7 
0.994998 0.073628 -0.0675177 -5170.72 -0.0730307 0.997266 0.0112756 324.366 0.0681633 -0.00628837 0.997654 10916.5 
0.995117 0.0734421 -0.0659495 -5170.76 -0.0729196 0.997285 0.010298 324.359 0.0665267 -0.00543872 0.99777 10917.3 
0.995029 0.0759064 -0.0644569 -5170.83 -0.0755796 0.997112 0.00749586 324.353 0.0648397 -0.00258698 0.997892 10918.2 
0.9951 0.075424 -0.0639354 -5170.88 -0.0753046 0.997151 0.00427787 324.341 0.0640759 0.000557724 0.997945 10919 
0.995219 0.0746648 -0.0629561 -5167.69 -0.0746723 0.997206 0.00223724 325.503 0.0629472 0.00247453 0.998014 10929.1 
0.995277 0.0763613 -0.0599416 -5167.77 -0.0763215 0.997079 0.00295654 325.507 0.0599923 0.00163226 0.998198 10930 
0.995314 0.0777896 -0.0574334 -5167.82 -0.0776492 0.99697 0.00467461 325.496 0.057623 -0.000193047 0.998338 10930.9 
0.995534 0.0749429 -0.0574086 -5167.84 -0.0748015 0.997188 0.00461095 325.492 0.0575927 -0.000296105 0.99834 10931.7 
0.99547 0.0758008 -0.0573964 -5167.88 -0.075684 0.997123 0.00421001 325.488 0.0575504 0.000153057 0.998343 10932.6 
0.995514 0.0758752 -0.0565189 -5167.96 -0.0757798 0.997117 0.00383081 325.489 0.0566466 0.000469361 0.998394 10933.5 
0.995496 0.0764521 -0.0560529 -5168.02 -0.0763114 0.997073 0.00465026 325.485 0.0562443 -0.000351851 0.998417 10934.4 
0.995661 0.0741412 -0.05623 -5168.07 -0.0739803 0.997247 0.00494061 325.477 0.0564415 -0.000759261 0.998406 10935.4 
0.995817 0.0712571 -0.0571985 -5168.09 -0.0710498 0.997457 0.00565237 325.466 0.0574558 -0.00156478 0.998347 10936.3 
0.996001 0.0683485 -0.0575322 -5168.13 -0.068091 0.997658 0.00642639 325.46 0.0578367 -0.00248327 0.998323 10937.2 
0.996085 0.0660497 -0.058759 -5167.06 -0.0656568 0.997805 0.00859452 325.713 0.0591977 -0.00470294 0.998235 10941.4 
0.996039 0.0649556 -0.0607281 -5167.11 -0.0645078 0.997874 0.00930828 325.701 0.0612036 -0.00535397 0.998111 10942.4 
0.995977 0.0637274 -0.0630016 -5167.16 -0.0633022 0.997956 0.00872404 325.699 0.0634288 -0.0047008 0.997975 10943.3 
0.995738 0.0655348 -0.064893 -5167.24 -0.0651782 0.997845 0.00759951 325.697 0.0652512 -0.00333751 0.997863 10944.2 
0.995526 0.0664773 -0.0671519 -5167.32 -0.0661627 0.997785 0.00690087 325.697 0.0674619 -0.00242705 0.997719 10945.2 
0.995269 0.0676506 -0.0697306 -5167.4 -0.0673547 0.997707 0.00658904 325.687 0.0700165 -0.00186118 0.997544 10946.1 
0.994917 0.0697479 -0.0726375 -5167.48 -0.0693858 0.997562 0.00750054 325.672 0.0729835 -0.0024224 0.99733 10947 
0.994745 0.069059 -0.0755842 -5167.56 -0.0685915 0.997606 0.00876602 325.667 0.0760086 -0.00353552 0.997101 10948 
0.99454 0.0686101 -0.0786256 -5167.63 -0.0679576 0.997628 0.0109475 325.65 0.0791902 -0.00554454 0.996844 10948.9 
0.994358 0.0690234 -0.0805456 -5167.7 -0.0682148 0.997589 0.0127518 325.635 0.0812316 -0.00718541 0.996669 10949.8 
0.994025 0.0689477 -0.0846157 -5172.03 -0.0679965 0.997586 0.0140758 327.221 0.085382 -0.00823815 0.996314 10961.5 
0.993922 0.0671359 -0.0872471 -5172.09 -0.0661466 0.997709 0.0141846 327.217 0.0879995 -0.00832726 0.996086 10962.4 
0.993677 0.0705664 -0.0873296 -5175.71 -0.069611 0.997477 0.0139416 328.851 0.0880931 -0.00777439 0.996082 10969.8 
0.993679 0.0674099 -0.089767 -5171.9 -0.066393 0.997692 0.0142695 329.655 0.0905217 -0.00821943 0.995861 10976.9 
0.993564 0.066776 -0.0914966 -5171.99 -0.0656533 0.997726 0.0152294 329.648 0.0923055 -0.00912431 0.995689 10977.8 
0.993405 0.0687433 -0.0917694 -5168.4 -0.06749 0.99758 0.0166942 329.83 0.092695 -0.0103906 0.99564 10988.2 
0.993315 0.0703393 -0.0915306 -5168.52 -0.0691082 0.997472 0.0165551 329.81 0.0924637 -0.0101189 0.995665 10989.1 
0.992933 0.0732831 -0.093346 -5168.68 -0.0725099 0.9973 0.0116523 329.803 0.0939479 -0.00480139 0.995566 10990.7 
0.992686 0.0770884 -0.092908 -5168.84 -0.0766394 0.997024 0.00839584 329.792 0.0932787 -0.00121401 0.995639 10992.3 
0.992223 0.0837462 -0.0920852 -5169.02 -0.0834252 0.996487 0.00733675 329.75 0.0923761 0.000402533 0.995724 10994 
0.992183 0.0879739 -0.0885121 -5169.21 -0.0877965 0.996121 0.00590303 329.732 0.0886881 0.00191416 0.996058 10995.6 
0.992395 0.0872737 -0.0868026 -5169.34 -0.0868416 0.996184 0.00874804 329.711 0.0872348 -0.00114343 0.996187 10997.2 
0.992544 0.0831847 -0.0890889 -5164.84 -0.082282 0.996514 0.0137638 334.781 0.0899232 -0.00633075 0.995929 11010.5 
0.992263 0.0835749 -0.0918161 -5163.04 -0.0823726 0.99646 0.0168146 336.383 0.0928964 -0.00912142 0.995634 11024.6 
0.992064 0.083125 -0.094334 -5164.15 -0.0817926 0.996488 0.0179107 337.952 0.0954916 -0.0100527 0.995379 11036.1 
