1 1.19763e-11 1.70464e-10 5.55111e-17 1.19763e-11 1 3.5625e-10 0 1.70464e-10 3.5625e-10 1 2.22045e-16 
0.999754 -0.0080102 0.0206713 0.0541807 0.00800831 0.999968 0.000174444 -0.0200812 -0.020672 -8.85798e-06 0.999786 0.879235 
0.999789 -0.0134262 -0.0155588 0.057859 0.0133453 0.999897 -0.00528982 -0.0433315 0.0156282 0.00508107 0.999865 2.16198 
0.997237 -0.00450796 -0.0741536 -0.030863 0.00401261 0.999969 -0.0068277 -0.0708538 0.0741821 0.00651129 0.997224 3.24715 
0.991085 -0.00626009 -0.133084 -0.193124 0.00565728 0.999972 -0.00490715 -0.0948039 0.133111 0.00411051 0.991093 4.41836 
0.984582 -0.00488431 -0.174855 -0.441034 0.00414308 0.999981 -0.00460392 -0.123056 0.174874 0.00380849 0.984583 5.68309 
0.97974 -0.00723613 -0.200145 -0.727014 0.00521548 0.99993 -0.0106213 -0.14955 0.200208 0.00936229 0.979709 7.05753 
0.974445 -0.0179421 -0.22391 -1.05287 0.014605 0.999756 -0.0165511 -0.187051 0.224152 0.0128579 0.974469 8.55498 
0.968217 -0.0117573 -0.249833 -1.46151 0.00541003 0.999645 -0.0260775 -0.243439 0.250051 0.0238971 0.967938 10.149 
0.96361 -0.0170169 -0.26677 -1.74603 0.00936284 0.999508 -0.0299375 -0.301708 0.267148 0.0263504 0.963295 11.2615 
0.956795 -0.0164272 -0.290299 -2.24733 0.00478174 0.999157 -0.0407793 -0.386295 0.290724 0.0376293 0.956067 13.0013 
0.952471 -0.018583 -0.304062 -2.81937 -0.00121639 0.997898 -0.0647976 -0.478137 0.304627 0.0620877 0.950446 14.8415 
0.948193 -0.0153812 -0.317321 -3.47158 -0.0130072 0.99611 -0.0871505 -0.630815 0.317428 0.086763 0.944305 16.7949 
0.943182 -0.00961 -0.332138 -4.20623 -0.0256314 0.994499 -0.101561 -0.844372 0.331287 0.104303 0.937747 18.801 
0.936868 -0.0075193 -0.349602 -5.00232 -0.0294695 0.994514 -0.100363 -1.09105 0.348439 0.10433 0.931507 20.9243 
0.927739 -0.00507723 -0.373195 -5.89573 -0.0307004 0.995481 -0.0898626 -1.35312 0.371964 0.0948263 0.923391 23.1412 
0.916801 0.00348662 -0.39933 -6.89367 -0.0379648 0.996194 -0.0784635 -1.60697 0.397536 0.0870958 0.913444 25.3849 
0.904883 0.00460814 -0.425635 -7.98219 -0.0402168 0.996394 -0.0747117 -1.83986 0.423756 0.084723 0.901805 27.6887 
0.893453 0.00628626 -0.449113 -9.16441 -0.0386365 0.997271 -0.0629036 -2.06021 0.447492 0.0735536 0.891258 30.0597 
0.885829 0.00584929 -0.463975 -10.0071 -0.0361449 0.997752 -0.0564299 -2.19645 0.462602 0.0667576 0.884049 31.675 
0.876405 0.0044446 -0.481554 -11.3541 -0.0336562 0.998078 -0.0520406 -2.38108 0.480397 0.0618159 0.87487 34.1521 
0.871601 0.00216716 -0.490212 -12.3023 -0.0319671 0.998113 -0.0524253 -2.50533 0.489173 0.0613646 0.870025 35.8444 
0.869749 0.00252515 -0.493488 -13.2883 -0.0322997 0.998134 -0.0518192 -2.63809 0.492437 0.0610092 0.868207 37.6162 
0.868773 1.96643e-05 -0.49521 -14.808 -0.0285815 0.998335 -0.0501023 -2.84176 0.494385 0.0576814 0.867327 40.3431 
0.866109 -0.00315282 -0.499846 -15.8674 -0.0247012 0.998488 -0.0490991 -2.97659 0.499245 0.0548719 0.864722 42.1904 
0.857317 -0.00232274 -0.514784 -17.4925 -0.020298 0.99906 -0.038312 -3.17307 0.514389 0.0432946 0.856464 44.9497 
0.839803 -0.0103353 -0.542793 -19.2123 -0.0160177 0.998912 -0.0438028 -3.35651 0.542655 0.04548 0.838724 47.6623 
0.824474 -0.00142081 -0.565898 -21.057 -0.021837 0.999172 -0.0343237 -3.51714 0.565478 0.0406565 0.823761 50.2968 
0.81458 -0.00693314 -0.580009 -22.9253 -0.0249219 0.998587 -0.0469375 -3.69662 0.579515 0.0526893 0.813257 52.8739 
0.804763 -0.00107241 -0.593595 -24.8457 -0.0245564 0.999082 -0.0350972 -3.8757 0.593088 0.0428215 0.803998 55.4567 
0.794043 -0.00449012 -0.607845 -26.809 -0.0246916 0.998909 -0.0396343 -4.0193 0.607359 0.04648 0.793066 58.0151 
0.785123 -0.00569829 -0.619313 -28.1597 -0.0235569 0.998959 -0.0390552 -4.12609 0.618891 0.0452522 0.784172 59.6958 
0.769223 -0.00810874 -0.63893 -30.245 -0.0229943 0.99892 -0.0403608 -4.30839 0.638567 0.0457382 0.768206 62.1921 
0.757811 -0.0105098 -0.65239 -31.6783 -0.0222484 0.998873 -0.0419351 -4.43169 0.652095 0.0462935 0.756722 63.8405 
0.74534 -0.0132177 -0.666553 -33.1606 -0.0206356 0.998867 -0.0428823 -4.55824 0.666365 0.0457166 0.744223 65.4899 
0.732543 -0.013498 -0.680587 -34.6737 -0.019273 0.998991 -0.0405571 -4.69083 0.680448 0.0428267 0.731544 67.0945 
0.713385 -0.0164426 -0.70058 -37.0546 -0.019198 0.998891 -0.0429928 -4.90623 0.700509 0.0441201 0.712278 69.473 
0.702843 -0.0150363 -0.711187 -38.6925 -0.0208797 0.99891 -0.0417542 -5.05786 0.711039 0.044196 0.701762 71.0526 
0.687532 -0.020307 -0.72587 -41.1928 -0.0211282 0.998626 -0.0479499 -5.29236 0.725846 0.0483034 0.686159 73.4057 
0.672242 -0.0200462 -0.740061 -43.7838 -0.0209892 0.998715 -0.0461182 -5.52705 0.740034 0.0465358 0.670957 75.7356 
0.662209 -0.0221648 -0.748991 -45.5383 -0.0191289 0.998737 -0.046468 -5.67712 0.749075 0.0450989 0.660949 77.2778 
0.649816 -0.0259303 -0.759649 -48.239 -0.0145525 0.99881 -0.0465424 -5.89842 0.759953 0.0412988 0.648665 79.5962 
0.633965 -0.0393573 -0.77236 -51.0016 -0.00163804 0.998634 -0.0522321 -6.1534 0.77336 0.0343785 0.633034 81.8906 
0.607344 -0.0424892 -0.793302 -53.8665 0.00668987 0.998807 -0.0483743 -6.41201 0.794411 0.0240728 0.606904 84.1349 
0.588564 -0.043998 -0.807253 -55.8416 0.005492 0.998713 -0.0504291 -6.57787 0.808432 0.0252473 0.588047 85.5773 
0.558199 -0.0482677 -0.828302 -58.8809 0.00899574 0.9986 -0.0521292 -6.83733 0.829659 0.0216472 0.557851 87.6763 
0.537129 -0.0484212 -0.842109 -60.9641 0.0107306 0.998662 -0.0505786 -7.01508 0.843432 0.0181309 0.536931 89.0272 
0.506467 -0.0511064 -0.860743 -64.1713 0.00765584 0.998469 -0.0547791 -7.28391 0.862225 0.0211541 0.506083 90.9595 
0.487756 -0.0491068 -0.871598 -66.3733 0.00582533 0.998577 -0.0530011 -7.46567 0.872961 0.0207743 0.487348 92.2009 
0.464232 -0.0505598 -0.884269 -69.7287 0.00832206 0.998574 -0.0527264 -7.73132 0.885675 0.0171184 0.463991 93.9987 
0.450858 -0.0566813 -0.890794 -71.9916 0.0120279 0.998277 -0.0574327 -7.91415 0.892515 0.0151796 0.450763 95.1581 
0.440436 -0.0611829 -0.895697 -74.2625 0.0164841 0.998058 -0.0600694 -8.11009 0.897633 0.011692 0.44059 96.2881 
0.428845 -0.0558798 -0.901648 -77.6761 0.0228107 0.998437 -0.051029 -8.39673 0.90309 0.00131627 0.429449 97.9397 
0.420922 -0.054206 -0.905476 -81.0631 0.0277344 0.998515 -0.0468831 -8.66199 0.906673 -0.00537875 0.4218 99.5329 
0.41603 -0.0555315 -0.907654 -83.2801 0.0324628 0.998404 -0.0462042 -8.828 0.908771 -0.0102426 0.417169 100.563 
0.411232 -0.0540687 -0.909926 -85.4619 0.0375087 0.998398 -0.0423741 -8.99653 0.910759 -0.0167045 0.412601 101.554 
0.40792 -0.0562215 -0.911285 -87.6204 0.0410825 0.998222 -0.0431952 -9.14951 0.912093 -0.0198177 0.409504 102.509 
0.407593 -0.0579514 -0.911323 -89.7402 0.0401783 0.998156 -0.0455033 -9.30589 0.91228 -0.0180686 0.409169 103.428 
0.419059 -0.0580605 -0.906101 -92.8503 0.0339684 0.998257 -0.0482558 -9.54042 0.907324 -0.0105568 0.4203 104.784 
0.431814 -0.0570946 -0.900154 -94.8824 0.0322541 0.998334 -0.0478493 -9.68029 0.901386 -0.00837171 0.432935 105.733 
0.458354 -0.0547039 -0.887084 -97.8684 0.0295935 0.99849 -0.0462831 -9.88676 0.888277 -0.00503785 0.459281 107.211 
0.478692 -0.0567894 -0.876144 -99.8058 0.02678 0.998386 -0.0500812 -10.0267 0.877574 0.000510293 0.47944 108.24 
0.502336 -0.05599 -0.862858 -101.7 0.0229246 0.998413 -0.0514399 -10.1557 0.864368 0.00605944 0.502823 109.333 
0.527775 -0.0508167 -0.847863 -103.56 0.0203956 0.998679 -0.0471601 -10.2764 0.849139 0.00759722 0.528114 110.48 
0.551244 -0.0509488 -0.832787 -105.378 0.0209941 0.998665 -0.0472005 -10.3773 0.83408 0.00853542 0.551577 111.659 
0.573517 -0.053129 -0.817469 -107.124 0.0231514 0.998547 -0.0486552 -10.4838 0.818866 0.00897901 0.573914 112.86 
0.595181 -0.051216 -0.801958 -108.816 0.0230414 0.998644 -0.0466768 -10.5997 0.803261 0.00930296 0.595554 114.087 
0.615348 -0.0466776 -0.786873 -110.448 0.0219338 0.998873 -0.0421009 -10.7145 0.787951 0.00864758 0.615678 115.333 
0.635275 -0.0458613 -0.770923 -112.022 0.0183267 0.998849 -0.0443183 -10.8275 0.772069 0.0140258 0.635384 116.59 
0.653929 -0.043555 -0.755301 -113.542 0.0179591 0.998954 -0.0420567 -10.9407 0.756342 0.0139376 0.654027 117.859 
0.679007 -0.0404149 -0.733019 -115.731 0.0172534 0.999086 -0.0391024 -11.1043 0.733929 0.0139037 0.679084 119.773 
0.694051 -0.0371652 -0.718966 -117.123 0.0159197 0.999215 -0.036284 -11.2038 0.71975 0.0137372 0.694098 121.057 
0.70952 -0.0319735 -0.703959 -118.446 0.0134061 0.999402 -0.0318804 -11.2851 0.704557 0.0131825 0.709525 122.324 
0.72569 -0.0289604 -0.687412 -119.702 0.0105753 0.999465 -0.0309429 -11.3678 0.687941 0.0151854 0.725608 123.578 
0.744327 -0.022132 -0.667448 -120.896 0.00771939 0.999669 -0.0245396 -11.4425 0.667771 0.0131132 0.744252 124.857 
0.774603 -0.0201804 -0.632125 -122.564 0.00457804 0.999644 -0.0263033 -11.543 0.632431 0.0174808 0.77442 126.794 
0.80509 -0.0161494 -0.592933 -124.115 0.00368872 0.999746 -0.0222209 -11.6398 0.593142 0.0157027 0.804945 128.785 
0.824062 -0.0138147 -0.566331 -125.088 0.00489359 0.999839 -0.0172688 -11.7029 0.566478 0.0114591 0.823997 130.155 
0.839677 -0.0132747 -0.542924 -126.01 0.00684725 0.99988 -0.0138576 -11.7777 0.543043 0.00791839 0.839668 131.55 
0.860018 -0.0110049 -0.510145 -127.326 0.00528633 0.999906 -0.0126582 -11.8648 0.510237 0.00818952 0.859995 133.694 
0.877562 -0.0117784 -0.479319 -128.575 0.00621132 0.999894 -0.0131987 -11.9381 0.479423 0.00860546 0.877541 135.915 
0.888738 -0.0102415 -0.458302 -129.799 0.00630721 0.999929 -0.0101141 -11.9762 0.458373 0.00609818 0.888739 138.221 
0.895269 -0.00310999 -0.445515 -130.625 0.00215284 0.999994 -0.00265445 -11.9994 0.44552 0.00141732 0.895271 139.817 
0.90183 0.00126562 -0.432089 -131.443 -0.000728227 0.999999 0.00140915 -12.0124 0.432091 -0.000956148 0.90183 141.462 
0.90857 0.00265766 -0.417724 -132.254 5.30822e-06 0.99998 0.00637366 -12.0193 0.417733 -0.00579313 0.908551 143.168 
0.915819 0.00180468 -0.401586 -133.054 0.00117063 0.999974 0.0071634 -12.0227 0.401589 -0.00703049 0.915793 144.929 
0.928291 -0.00365101 -0.371837 -134.221 0.00528238 0.99998 0.0033688 -12.0292 0.371817 -0.00509141 0.928292 147.697 
0.9395 0.00116569 -0.342548 -134.944 -1.171e-05 0.999994 0.00337087 -12.0506 0.34255 -0.00316292 0.939494 149.597 
0.952744 0.00828709 -0.303663 -135.607 -0.00612592 0.999949 0.00806893 -12.0705 0.303714 -0.0058274 0.952745 151.595 
0.965382 0.0113209 -0.260593 -136.188 -0.00891705 0.999906 0.010405 -12.0858 0.260687 -0.00772111 0.965393 153.655 
0.976227 0.0139896 -0.216299 -136.683 -0.0107177 0.99981 0.0162929 -12.0991 0.216486 -0.0135873 0.976191 155.79 
0.98514 0.0177017 -0.170839 -137.094 -0.0138115 0.999618 0.023933 -12.0954 0.171197 -0.0212178 0.985008 158 
0.991847 0.0185354 -0.126083 -137.415 -0.0159259 0.999638 0.0216739 -12.0801 0.126439 -0.0194892 0.991783 160.268 
0.996307 0.0169664 -0.0841671 -137.639 -0.015153 0.99964 0.0221385 -12.0515 0.0845125 -0.0207813 0.996206 162.601 
0.998901 0.0178565 -0.0433356 -137.77 -0.0167714 0.99954 0.0252761 -12.0173 0.0437669 -0.0245215 0.998741 165 
0.99981 0.0194102 -0.00163239 -137.812 -0.0193595 0.999452 0.0268335 -11.9852 0.00215235 -0.0267968 0.999639 167.452 
0.998961 0.022794 0.0394624 -137.76 -0.0237843 0.999409 0.0248089 -11.9608 -0.0388736 -0.0257217 0.998913 169.938 
0.996596 0.0248798 0.0785936 -137.603 -0.0265145 0.999452 0.0198251 -11.9419 -0.0780572 -0.0218415 0.99671 172.461 
0.99278 0.0251548 0.117286 -137.342 -0.0270906 0.999521 0.0149402 -11.9431 -0.116854 -0.0180096 0.992986 175.019 
0.987625 0.0277097 0.154369 -136.98 -0.0285562 0.999587 0.0032683 -11.965 -0.154215 -0.00763604 0.988008 177.606 
0.981281 0.03197 0.18991 -136.522 -0.0313867 0.999489 -0.00607944 -12.0114 -0.190008 4.98218e-06 0.981783 180.228 
0.973673 0.0339805 0.225404 -135.962 -0.0327531 0.999421 -0.00918368 -12.0826 -0.225586 0.00155921 0.974222 182.88 
0.965142 0.0326489 0.259682 -135.291 -0.0299421 0.999448 -0.0143735 -12.1685 -0.260008 0.00609709 0.965587 185.551 
0.955525 0.0357379 0.292738 -134.53 -0.0314449 0.999318 -0.0193593 -12.2671 -0.29323 0.00929313 0.955997 188.231 
0.943902 0.0416723 0.327584 -133.677 -0.0361343 0.999083 -0.0229768 -12.3638 -0.328242 0.00985078 0.944542 190.928 
0.93129 0.0436519 0.361655 -132.704 -0.0354524 0.998942 -0.0292802 -12.4735 -0.36255 0.0144468 0.931852 193.619 
0.916569 0.0466853 0.397143 -131.621 -0.03357 0.998639 -0.0399165 -12.6128 -0.398466 0.0232541 0.916888 196.301 
0.895871 0.0530942 0.441131 -130.412 -0.0370782 0.998305 -0.0448551 -12.7831 -0.442765 0.023828 0.896321 198.974 
0.869333 0.0618831 0.490337 -129.061 -0.0424778 0.997814 -0.0506192 -12.973 -0.492398 0.0231765 0.870062 201.617 
0.840394 0.0670996 0.537807 -127.547 -0.0435947 0.99746 -0.0563261 -13.1825 -0.540221 0.0238905 0.841184 204.19 
0.809425 0.0703839 0.58299 -125.88 -0.0412718 0.997155 -0.0630838 -13.4134 -0.585771 0.0270005 0.810027 206.684 
0.777712 0.074542 0.624186 -124.069 -0.0376043 0.996683 -0.0721732 -13.6703 -0.627496 0.0326578 0.777935 209.09 
0.746315 0.0763897 0.661195 -122.129 -0.0339956 0.99647 -0.076753 -13.9531 -0.664724 0.0348042 0.746278 211.424 
0.716494 0.0777793 0.693243 -120.073 -0.0296529 0.996262 -0.0811294 -14.2463 -0.696963 0.0375721 0.716123 213.663 
0.687314 0.0810311 0.721827 -117.911 -0.0243741 0.995771 -0.088575 -14.5546 -0.725951 0.0432849 0.686383 215.82 
0.657112 0.0839609 0.749102 -115.657 -0.0218451 0.995481 -0.0924131 -14.8897 -0.753476 0.0443616 0.655977 217.895 
0.623725 0.0860337 0.776895 -113.327 -0.0241943 0.995573 -0.090826 -15.2293 -0.78127 0.037854 0.623045 219.882 
0.588341 0.0884689 0.803759 -110.946 -0.0295791 0.995686 -0.0879427 -15.5659 -0.808072 0.0279659 0.58842 221.745 
0.552815 0.0950467 0.827866 -108.535 -0.0319238 0.99516 -0.0929363 -15.8986 -0.832692 0.0249479 0.553173 223.465 
0.513424 0.0942652 0.852942 -106.071 -0.0329122 0.99538 -0.0901958 -16.2328 -0.857504 0.0182365 0.514155 225.055 
0.471096 0.091264 0.877348 -103.583 -0.0333863 0.995765 -0.0856552 -16.5541 -0.88145 0.0110605 0.472149 226.502 
0.428665 0.0896088 0.899009 -101.071 -0.031666 0.995948 -0.0841723 -16.8614 -0.902909 0.00761373 0.429766 227.793 
0.387206 0.089209 0.917667 -98.5491 -0.0266526 0.995975 -0.0855756 -17.1616 -0.921608 0.00867709 0.388025 228.935 
0.345936 0.0866898 0.934245 -96.0257 -0.0203263 0.996181 -0.0849105 -17.4558 -0.938038 0.0103839 0.346377 229.936 
0.305397 0.0904669 0.947918 -93.5117 -0.0191822 0.995859 -0.0888622 -17.749 -0.952032 0.00895509 0.305868 230.819 
0.266852 0.108134 0.957652 -91.0401 -0.0216851 0.994107 -0.106208 -18.0604 -0.963494 0.00757505 0.267624 231.573 
0.2269 0.112763 0.967368 -88.5775 -0.0268599 0.993621 -0.109523 -18.3936 -0.973548 -0.00113258 0.228481 232.223 
0.187395 0.113145 0.975747 -86.1384 -0.0321106 0.993519 -0.109039 -18.7242 -0.98176 -0.0108985 0.189813 232.764 
0.149539 0.111724 0.982423 -83.7128 -0.0316205 0.993628 -0.108185 -19.0486 -0.98825 -0.0148868 0.152119 233.199 
0.111784 0.115377 0.987012 -81.3171 -0.0332629 0.993115 -0.112324 -19.3698 -0.993176 -0.0202749 0.114852 233.532 
0.0753281 0.114561 0.990556 -78.953 -0.0338641 0.993099 -0.11228 -19.687 -0.996584 -0.0250865 0.0786879 233.774 
0.045705 0.106235 0.99329 -76.5971 -0.0305118 0.994014 -0.104909 -20.0032 -0.998489 -0.0255122 0.0486728 233.929 
0.02258 0.102634 0.994463 -74.3374 -0.0276361 0.9944 -0.102 -20.295 -0.999363 -0.0251799 0.02529 234.018 
0.00711642 0.107023 0.994231 -72.1143 -0.0286288 0.99387 -0.10678 -20.5793 -0.999565 -0.0277037 0.0101367 234.07 
-0.00419388 0.118896 0.992898 -69.9512 -0.0285793 0.992487 -0.118967 -20.8751 -0.999583 -0.0288753 -0.000764409 234.094 
-0.0127112 0.114916 0.993294 -67.8108 -0.0295388 0.992897 -0.115248 -21.1677 -0.999483 -0.0308057 -0.00922648 234.097 
-0.016591 0.102264 0.994619 -64.6588 -0.0279295 0.99432 -0.102699 -21.5617 -0.999472 -0.0294831 -0.0136406 234.077 
-0.012607 0.108618 0.994004 -61.596 -0.0319057 0.993533 -0.108972 -21.9485 -0.999411 -0.0330882 -0.00905994 234.076 
-0.00112466 0.113437 0.993545 -58.5896 -0.0367538 0.992869 -0.113402 -22.3345 -0.999324 -0.036644 0.00305261 234.109 
0.01166 0.109901 0.993874 -56.593 -0.0375214 0.99329 -0.109397 -22.5944 -0.999228 -0.0360159 0.0157054 234.154 
0.0265786 0.11087 0.993479 -54.6313 -0.0344327 0.993342 -0.109934 -22.8488 -0.999054 -0.0312863 0.0302192 234.221 
0.040326 0.109381 0.993182 -52.6695 -0.036086 0.993501 -0.107951 -23.1039 -0.998535 -0.0314867 0.044011 234.321 
0.0538402 0.105298 0.992982 -50.7175 -0.0373327 0.993942 -0.103375 -23.353 -0.997852 -0.0315049 0.057445 234.447 
0.067782 0.108346 0.9918 -48.79 -0.0372216 0.993669 -0.106006 -23.5977 -0.997006 -0.0297311 0.0713856 234.601 
0.0877187 0.112992 0.989716 -45.9147 -0.0409743 0.993114 -0.109749 -23.9657 -0.995302 -0.0309259 0.0917445 234.881 
0.107395 0.108327 0.988297 -43.0566 -0.0436042 0.993603 -0.10417 -24.3358 -0.99326 -0.0319065 0.111432 235.221 
0.120995 0.108749 0.986678 -41.1668 -0.0435087 0.993607 -0.104177 -24.5705 -0.991699 -0.0303242 0.124952 235.479 
0.137188 0.111188 0.984285 -39.2912 -0.0400785 0.993489 -0.106642 -24.8056 -0.989734 -0.0248188 0.140751 235.758 
0.156337 0.114613 0.981031 -37.4365 -0.040405 0.993155 -0.109591 -25.0356 -0.986877 -0.0225054 0.159898 236.072 
0.173534 0.112132 0.978423 -34.6718 -0.0469443 0.993309 -0.105512 -25.3786 -0.983708 -0.0276215 0.177637 236.603 
0.182185 0.116047 0.976392 -31.8721 -0.0463081 0.992922 -0.109371 -25.7165 -0.982173 -0.0252891 0.18627 237.159 
0.189024 0.116124 0.975082 -29.9809 -0.0438139 0.992992 -0.109763 -25.952 -0.980995 -0.0219743 0.192787 237.542 
0.196288 0.115196 0.973756 -28.0779 -0.0434901 0.993121 -0.10872 -26.2 -0.979581 -0.0210082 0.199948 237.945 
0.204227 0.109446 0.972786 -26.1642 -0.0406432 0.993822 -0.10328 -26.4524 -0.97808 -0.0184446 0.207413 238.361 
0.216276 0.11278 0.969796 -24.2477 -0.0381699 0.993523 -0.107027 -26.6951 -0.975586 -0.0138696 0.21918 238.792 
0.229685 0.111209 0.966891 -22.3264 -0.0373416 0.993726 -0.105425 -26.9405 -0.972549 -0.0118906 0.232396 239.249 
0.247754 0.109895 0.96257 -20.4201 -0.034385 0.993917 -0.104623 -27.1824 -0.968213 -0.00717704 0.250026 239.738 
0.281088 0.107754 0.953613 -17.5859 -0.0314673 0.994177 -0.103062 -27.5442 -0.959166 -0.00103804 0.282842 240.558 
0.30268 0.108349 0.946914 -15.7165 -0.0345995 0.994112 -0.10269 -27.7835 -0.952464 -0.00168056 0.304646 241.163 
0.323637 0.111719 0.939563 -13.8654 -0.0381775 0.993738 -0.105011 -28.0228 -0.945411 -0.00188484 0.325875 241.811 
0.342456 0.110289 0.933038 -12.0278 -0.0423245 0.993889 -0.101947 -28.2667 -0.93858 -0.00457791 0.345031 242.498 
0.358309 0.107849 0.927353 -10.2022 -0.0432927 0.994156 -0.0988904 -28.5052 -0.932599 -0.00471423 0.360884 243.217 
0.381873 0.108034 0.917879 -7.50411 -0.0468517 0.994131 -0.0975161 -28.855 -0.923027 -0.00576542 0.384693 244.352 
0.406594 0.107192 0.907299 -4.8639 -0.0481803 0.994227 -0.0958707 -29.1959 -0.912338 -0.00473348 0.409411 245.543 
0.423856 0.102159 0.89995 -3.1383 -0.0483927 0.994754 -0.090129 -29.4136 -0.904436 -0.00534925 0.426576 246.366 
0.44109 0.0996404 0.891915 -1.44517 -0.0516281 0.994989 -0.0856231 -29.6185 -0.895977 -0.00828039 0.444024 247.224 
0.465803 0.0981733 0.879426 1.04535 -0.0555864 0.99511 -0.0816453 -29.9107 -0.883141 -0.0108535 0.468982 248.561 
0.491024 0.0987601 0.86553 3.47195 -0.0563297 0.995073 -0.0815851 -30.185 -0.869323 -0.00869487 0.494168 249.951 
0.506995 0.0963701 0.856545 5.06951 -0.0569139 0.995304 -0.0782943 -30.3632 -0.860068 -0.00905455 0.510099 250.915 
0.518605 0.0919252 0.850058 6.6574 -0.0575855 0.995701 -0.0725432 -30.5354 -0.853073 -0.0113297 0.521669 251.91 
0.52815 0.0849965 0.844887 9.01696 -0.0597492 0.996232 -0.0628719 -30.8014 -0.847047 -0.0172756 0.531238 253.495 
0.533178 0.0859192 0.841629 11.3695 -0.0603145 0.996158 -0.0634849 -31.0576 -0.84385 -0.0169137 0.536312 255.107 
0.538312 0.0815971 0.838786 13.7491 -0.0562279 0.996561 -0.0608598 -31.3114 -0.840868 -0.0144016 0.541049 256.711 
0.540872 0.0757949 0.837683 15.3464 -0.0546308 0.996994 -0.0549358 -31.4676 -0.839329 -0.0160501 0.543387 257.781 
0.542594 0.0715917 0.836939 16.9528 -0.0542755 0.997267 -0.050119 -31.6105 -0.83824 -0.018231 0.544997 258.864 
0.543784 0.0720797 0.836124 18.5572 -0.0558182 0.997205 -0.049664 -31.7454 -0.837367 -0.0196645 0.546287 259.943 
0.544846 0.0678314 0.835788 20.1889 -0.0551068 0.997465 -0.045029 -31.8809 -0.836723 -0.0215238 0.547203 261.03 
0.546325 0.0635116 0.835162 21.8285 -0.0545535 0.997702 -0.0401859 -32.0056 -0.835795 -0.0236064 0.548535 262.121 
0.548641 0.0606274 0.833857 23.4653 -0.0538552 0.997859 -0.0371172 -32.1241 -0.834322 -0.0245435 0.550731 263.212 
0.552168 0.056365 0.831826 25.0995 -0.053025 0.998066 -0.0324315 -32.239 -0.832045 -0.0261999 0.554089 264.306 
0.557091 0.0542615 0.828677 26.7183 -0.0529627 0.998153 -0.0297538 -32.3453 -0.828761 -0.0273134 0.558936 265.404 
0.564641 0.0472749 0.823982 28.3374 -0.0503485 0.998472 -0.0227842 -32.4411 -0.8238 -0.0286213 0.566158 266.511 
0.576728 0.0433417 0.815786 29.9363 -0.0459838 0.998731 -0.0205526 -32.5292 -0.815641 -0.0256597 0.577989 267.632 
0.588496 0.044873 0.807254 31.5154 -0.0489166 0.998606 -0.0198491 -32.6112 -0.807019 -0.027807 0.589871 268.787 
0.601943 0.0390396 0.797584 33.0674 -0.0479605 0.998769 -0.0126909 -32.681 -0.797097 -0.0306133 0.603075 269.951 
0.617583 0.0377524 0.785599 34.6062 -0.0446984 0.998918 -0.0128649 -32.7432 -0.785235 -0.0271699 0.618602 271.144 
0.635902 0.0351635 0.770968 36.1231 -0.0416152 0.99907 -0.0112425 -32.796 -0.770647 -0.0249349 0.636774 272.38 
0.654068 0.0316858 0.755772 37.619 -0.0401563 0.999168 -0.00713776 -32.8471 -0.755369 -0.0256804 0.654796 273.665 
0.672123 0.0294513 0.739854 39.0971 -0.0407179 0.999167 -0.00278336 -32.8903 -0.739319 -0.0282545 0.672762 274.998 
0.689751 0.0241462 0.723644 40.5627 -0.040219 0.999178 0.00499519 -32.9224 -0.722929 -0.0325497 0.690155 276.384 
0.707249 0.0144253 0.706818 42.011 -0.0345938 0.9993 0.0142204 -32.9405 -0.706118 -0.0345089 0.707253 277.814 
0.736318 0.00622278 0.676606 44.1389 -0.0248782 0.99953 0.017881 -32.9411 -0.676178 -0.0299989 0.736128 280.056 
0.76424 0.000115799 0.644932 46.188 -0.0220929 0.999418 0.0260005 -32.9205 -0.644553 -0.034119 0.763798 282.426 
0.782149 -0.00393819 0.62308 47.5142 -0.01879 0.999376 0.0299036 -32.8956 -0.622809 -0.0350968 0.781587 284.071 
0.802785 0.000431403 0.596268 49.4318 -0.0249484 0.999148 0.0328663 -32.8512 -0.595746 -0.0412605 0.802112 286.627 
0.819505 0.00664819 0.573033 51.2941 -0.0308874 0.998992 0.0325826 -32.8014 -0.572239 -0.0444012 0.818884 289.274 
0.83343 0.0127744 0.552477 53.1013 -0.0425174 0.998252 0.0410572 -32.7322 -0.550987 -0.0577082 0.832516 292.012 
0.839839 0.0178492 0.542542 54.2851 -0.0501769 0.997733 0.0448477 -32.6779 -0.540512 -0.0648878 0.838831 293.874 
0.842884 0.0279789 0.537368 55.4626 -0.0552605 0.997868 0.0347229 -32.6281 -0.53525 -0.0589626 0.842633 295.748 
0.844217 0.0340783 0.534918 56.6464 -0.0595557 0.997761 0.0304271 -32.5922 -0.532683 -0.0575444 0.844356 297.643 
0.845167 0.0323358 0.533523 57.844 -0.0590907 0.997702 0.0331383 -32.5585 -0.531225 -0.0595336 0.845136 299.554 
0.846214 0.0310037 0.531941 59.0466 -0.0565172 0.997897 0.0317463 -32.5256 -0.529838 -0.0569279 0.846186 301.474 
0.848075 0.0301329 0.529018 60.2525 -0.0538845 0.99811 0.0295303 -32.4999 -0.527129 -0.0535498 0.848096 303.405 
0.851957 0.0265533 0.522938 61.4546 -0.0505321 0.998221 0.0316388 -32.4766 -0.521168 -0.0533801 0.851783 305.353 
0.859993 0.025092 0.509688 62.6268 -0.0480946 0.99833 0.0320018 -32.4529 -0.508034 -0.0520346 0.859764 307.313 
0.871464 0.0233743 0.489902 63.7612 -0.0464904 0.998303 0.0350685 -32.4286 -0.488251 -0.0533367 0.871072 309.296 
0.884056 0.0247624 0.466724 64.8349 -0.0462547 0.998329 0.0346473 -32.4013 -0.465086 -0.0522183 0.883724 311.301 
0.901886 0.0232722 0.431348 66.3362 -0.0452686 0.998141 0.0407981 -32.3494 -0.429596 -0.0563217 0.901263 314.343 
0.913344 0.0239146 0.406486 67.2617 -0.0449973 0.998088 0.0423854 -32.3085 -0.404695 -0.0570032 0.912673 316.393 
0.923714 0.0306715 0.381853 68.1161 -0.0504824 0.997843 0.0419689 -32.2656 -0.379742 -0.0580441 0.92327 318.458 
0.931221 0.0401163 0.362241 68.9112 -0.0594466 0.997332 0.0423714 -32.2196 -0.359575 -0.0609911 0.931121 320.538 
0.937596 0.0414824 0.345243 70.0644 -0.059955 0.997275 0.0429964 -32.1471 -0.342519 -0.0610123 0.937528 323.661 
0.941197 0.0383977 0.335669 70.8184 -0.0558012 0.997543 0.0423529 -32.1014 -0.333218 -0.0585931 0.941027 325.743 
0.944827 0.0369859 0.325474 71.5445 -0.0526263 0.997838 0.039379 -32.0606 -0.323313 -0.0543348 0.944731 327.823 
0.948548 0.039578 0.31415 72.2398 -0.0539337 0.997854 0.0371338 -32.0242 -0.312006 -0.0521664 0.948647 329.914 
0.954874 0.0408187 0.294193 73.2254 -0.0568003 0.997326 0.0459817 -31.9682 -0.29153 -0.060617 0.954639 333.066 
0.957991 0.0396536 0.284045 73.8468 -0.0536511 0.99769 0.0416671 -31.9283 -0.281736 -0.055156 0.957905 335.152 
0.959984 0.0359468 0.277737 74.4568 -0.0492177 0.997948 0.0409566 -31.8909 -0.275695 -0.0529872 0.959784 337.228 
0.958282 0.0407414 0.282906 75.0417 -0.0547301 0.997629 0.0417169 -31.8601 -0.280536 -0.05546 0.95824 339.278 
0.951383 0.0475674 0.304315 75.6466 -0.0633685 0.997095 0.0422537 -31.8304 -0.301421 -0.0594834 0.951634 341.266 
0.942047 0.04302 0.332712 76.6143 -0.060776 0.997219 0.0431409 -31.7889 -0.32993 -0.0608616 0.942041 344.109 
0.939069 0.0409643 0.341279 77.2641 -0.0579841 0.997523 0.0398156 -31.7614 -0.338803 -0.0571784 0.939118 345.919 
0.940185 0.0379668 0.338542 77.9057 -0.0535242 0.997891 0.036734 -31.7352 -0.336433 -0.052657 0.940234 347.705 
0.945726 0.0327766 0.323308 78.5169 -0.0469942 0.998237 0.0362649 -31.7069 -0.32155 -0.0494902 0.945599 349.49 
0.959057 0.0255211 0.282061 79.3321 -0.0375533 0.998597 0.0373342 -31.6568 -0.280712 -0.0463979 0.95867 352.178 
0.975557 0.0187498 0.218947 79.9816 -0.0273287 0.99897 0.0362198 -31.6084 -0.218042 -0.0413179 0.975064 354.876 
0.985553 0.0190285 0.168297 80.2892 -0.0251812 0.999087 0.0345 -31.5773 -0.167487 -0.0382395 0.985132 356.68 
0.993433 0.022638 0.112153 80.4873 -0.0262634 0.999176 0.0309544 -31.5418 -0.11136 -0.0336967 0.993209 358.514 
0.998429 0.0224357 0.0513339 80.5779 -0.0241229 0.999181 0.0324869 -31.5089 -0.0505629 -0.0336742 0.998153 360.347 
0.999653 0.024178 -0.010437 80.554 -0.023848 0.999245 0.0306638 -31.4812 0.0111705 -0.0304043 0.999475 362.182 
0.995719 0.0303776 -0.0872941 80.3253 -0.0281073 0.999237 0.0271202 -31.4474 0.0880513 -0.0245505 0.995813 364.95 
0.991494 0.0466837 -0.121488 79.9483 -0.0424367 0.998402 0.0373153 -31.3969 0.123036 -0.0318423 0.991891 367.765 
0.990823 0.0504087 -0.125417 79.6839 -0.0476064 0.998547 0.025244 -31.3554 0.126507 -0.0190417 0.991783 369.659 
0.991654 0.052528 -0.117741 79.3057 -0.050011 0.998455 0.0242328 -31.3244 0.118832 -0.0181422 0.992749 372.585 
0.992456 0.0476929 -0.112946 79.0754 -0.046012 0.998788 0.017444 -31.3106 0.113641 -0.0121155 0.993448 374.578 
0.993052 0.0434954 -0.109339 78.8477 -0.0426985 0.999042 0.00962092 -31.3038 0.109653 -0.00488547 0.993958 376.617 
0.993185 0.0477171 -0.106332 78.4872 -0.0464277 0.998815 0.0145708 -31.3029 0.106901 -0.00953477 0.994224 379.779 
0.99292 0.0523491 -0.106627 78.2369 -0.0510949 0.998589 0.014462 -31.2977 0.107234 -0.00891147 0.994194 381.936 
0.992644 0.0539043 -0.108405 77.9805 -0.0528826 0.998525 0.0122808 -31.2953 0.108907 -0.00645769 0.994031 384.12 
0.992315 0.0499864 -0.113195 77.7243 -0.0495175 0.998749 0.00695231 -31.3122 0.113401 -0.00129375 0.993548 386.332 
0.991343 0.0409603 -0.124742 77.4537 -0.0401437 0.999153 0.00905375 -31.336 0.125007 -0.00396778 0.992148 388.562 
0.989042 0.0327088 -0.143963 77.1443 -0.0318782 0.999459 0.00807251 -31.3627 0.14415 -0.00339475 0.98955 390.785 
0.986162 0.0289146 -0.163242 76.7857 -0.0284082 0.999582 0.00543655 -31.3927 0.16333 -0.000723926 0.986571 392.998 
0.982921 0.0274968 -0.181962 76.3813 -0.0267002 0.99962 0.00682635 -31.4246 0.18208 -0.00185134 0.983282 395.209 
0.97945 0.0266276 -0.199923 75.9369 -0.0260102 0.999645 0.00571452 -31.4571 0.200004 -0.000397053 0.979795 397.401 
0.975848 0.02682 -0.216798 75.4531 -0.0268934 0.999635 0.00261256 -31.4923 0.216789 0.00328097 0.976213 399.564 
0.972544 0.02735 -0.231105 74.9473 -0.0275637 0.999617 0.00230466 -31.5408 0.231079 0.00412871 0.972926 401.713 
0.969834 0.0213734 -0.242828 74.425 -0.0222054 0.999753 -0.000689482 -31.5892 0.242753 0.00606077 0.970069 403.843 
0.967085 0.0119735 -0.254172 73.8806 -0.014917 0.999842 -0.0096563 -31.6441 0.254016 0.0131299 0.967111 405.96 
0.964225 0.00966536 -0.26491 73.3004 -0.0120392 0.999901 -0.00733877 -31.6999 0.264813 0.0102655 0.964245 408.08 
0.961945 0.00648045 -0.273167 72.6958 -0.00877244 0.999936 -0.00716983 -31.749 0.273103 0.00929332 0.96194 410.2 
0.960369 0.00814162 -0.278613 72.077 -0.0098749 0.99994 -0.0048182 -31.8039 0.278557 0.00737853 0.960391 412.325 
0.959611 0.00507931 -0.281286 71.4523 -0.00485955 0.999987 0.00147885 -31.8418 0.28129 -5.21939e-05 0.959623 414.455 
0.959022 -0.00510013 -0.283284 70.8311 0.00582576 0.999981 0.00171911 -31.8719 0.28327 -0.00329901 0.959035 416.589 
0.958384 -0.0115053 -0.285252 70.1995 0.0123743 0.999923 0.00124416 -31.9002 0.285215 -0.00472217 0.958452 418.733 
0.957619 -0.0143205 -0.287683 69.5554 0.0155612 0.999877 0.00202619 -31.9304 0.287618 -0.00641699 0.957724 420.879 
0.956934 -0.0103718 -0.290122 68.8972 0.0127763 0.999898 0.00639487 -31.9587 0.290026 -0.00982613 0.956968 423.028 
0.9566 -0.00533712 -0.291356 68.2361 0.0089361 0.999899 0.0110233 -31.9793 0.291268 -0.0131484 0.956551 425.167 
0.957076 -0.00208391 -0.28983 67.5828 0.0063983 0.999882 0.0139392 -31.9908 0.289767 -0.0151953 0.956977 427.297 
0.95809 -0.00107637 -0.286464 66.9449 0.00650288 0.999817 0.0179924 -31.9984 0.286392 -0.0191012 0.957922 429.428 
0.958979 0.00269273 -0.283463 66.3132 0.00393023 0.999733 0.0227932 -32.0034 0.283448 -0.0229723 0.958712 431.553 
0.959851 0.00551524 -0.280455 65.6926 0.00147979 0.999693 0.0247238 -32.0054 0.280506 -0.0241462 0.959549 433.668 
0.960583 0.00413218 -0.277964 65.0918 0.00301512 0.999676 0.0252806 -32.0068 0.277979 -0.0251222 0.960259 435.764 
0.961188 0.00188303 -0.275888 64.5017 0.00720436 0.999464 0.0319215 -32.0015 0.2758 -0.0326702 0.96066 437.857 
0.961811 -0.000306396 -0.273713 63.9183 0.0100382 0.999366 0.034155 -31.9844 0.273529 -0.0355983 0.961205 439.927 
0.962239 -0.00486272 -0.272163 63.3475 0.0149055 0.999282 0.0348446 -31.9629 0.271798 -0.0375855 0.96162 441.977 
0.962005 -0.0123696 -0.272751 62.7895 0.0222697 0.9992 0.0332312 -31.9421 0.272121 -0.0380426 0.961511 444.006 
0.961939 -0.0134534 -0.272931 62.235 0.0243094 0.99904 0.0364327 -31.9228 0.272179 -0.0416809 0.961343 446.017 
0.961573 -0.0133531 -0.274224 61.4055 0.0249738 0.99893 0.0389293 -31.887 0.273411 -0.0442818 0.960878 448.987 
0.961394 -0.0144671 -0.274797 60.8599 0.0261185 0.998906 0.0387881 -31.8587 0.273935 -0.0444679 0.96072 450.936 
0.960832 -0.0153068 -0.276707 60.0475 0.028049 0.998718 0.0421504 -31.8008 0.275707 -0.0482608 0.960029 453.821 
0.960778 -0.0125098 -0.277035 59.4995 0.0253895 0.998754 0.0429526 -31.745 0.276153 -0.0483017 0.959899 455.718 
0.9609 -0.00955592 -0.276731 58.9594 0.023352 0.998641 0.046601 -31.6879 0.27591 -0.0512411 0.959817 457.599 
0.960765 -0.00655818 -0.277285 58.1387 0.0226788 0.99823 0.0549701 -31.5928 0.276434 -0.0591018 0.959214 460.379 
0.95923 -0.00708379 -0.282539 57.3235 0.0264557 0.997547 0.0648078 -31.4732 0.281386 -0.0696404 0.957064 463.133 
0.957625 -0.00937175 -0.287866 56.5131 0.0303643 0.997186 0.0685466 -31.3505 0.286413 -0.0743828 0.955214 465.838 
0.957107 -0.0115958 -0.289504 55.9752 0.0331265 0.997026 0.0695817 -31.2685 0.287836 -0.0761874 0.954644 467.616 
0.957609 -0.0113001 -0.287849 55.4431 0.0328739 0.996989 0.0702253 -31.1895 0.286189 -0.0767111 0.955098 469.359 
0.957861 -0.0175447 -0.286696 54.9381 0.0396308 0.996659 0.0714159 -31.1066 0.284485 -0.0797685 0.955356 471.068 
0.958112 -0.0185882 -0.285789 54.4398 0.0405035 0.996656 0.0709644 -31.0289 0.283514 -0.0795673 0.955661 472.73 
0.958565 -0.0202761 -0.284151 53.9577 0.040953 0.996911 0.0670158 -30.9514 0.281914 -0.0758758 0.956435 474.335 
0.959316 -0.0200649 -0.281621 53.2567 0.0399396 0.997085 0.0650104 -30.8419 0.279495 -0.0736133 0.957321 476.667 
0.961049 -0.0224695 -0.275465 52.5824 0.0413894 0.997151 0.0630634 -30.7371 0.273263 -0.0720082 0.959241 478.964 
0.964293 -0.0244932 -0.263703 52.159 0.042038 0.997246 0.0610962 -30.6725 0.261481 -0.0700001 0.962667 480.495 
0.97339 -0.0155141 -0.22863 51.5794 0.0330471 0.99678 0.0730588 -30.5647 0.226761 -0.0786702 0.970768 482.808 
0.984822 -0.0120341 -0.173151 51.1298 0.0265588 0.996294 0.0818142 -30.4358 0.171524 -0.0851711 0.981491 485.131 
0.994989 -0.0116668 -0.0992985 50.8561 0.0203664 0.995995 0.0870533 -30.2904 0.0978853 -0.0886394 0.991242 487.456 
0.998858 -0.0149869 -0.0453684 50.7896 0.0187796 0.996258 0.0843608 -30.1898 0.0439343 -0.0851164 0.995402 489.04 
0.999182 -0.0207728 0.0346983 50.8376 0.0177411 0.99618 0.0855049 -30.0446 -0.036342 -0.0848194 0.995733 491.404 
0.993405 -0.0293888 0.110828 51.0769 0.0195127 0.995826 0.0891655 -29.889 -0.112986 -0.0864149 0.989832 493.768 
0.98198 -0.0359764 0.185528 51.5074 0.0197724 0.995883 0.0884622 -29.7301 -0.187947 -0.0831998 0.978649 496.154 
0.967529 -0.0423354 0.249188 52.1039 0.021622 0.996122 0.0852826 -29.566 -0.251832 -0.0771255 0.964693 498.538 
0.951977 -0.0422929 0.303234 52.8371 0.0175241 0.996316 0.0839436 -29.4036 -0.305667 -0.0745985 0.949212 500.93 
0.933372 -0.0448906 0.356091 53.7184 0.0159963 0.996364 0.0836777 -29.2429 -0.358553 -0.0724063 0.930697 503.31 
0.912111 -0.0496318 0.406927 54.7547 0.0152997 0.996074 0.0871947 -29.0832 -0.409657 -0.0733054 0.90929 505.671 
0.888878 -0.048348 0.455585 55.92 0.0125411 0.996611 0.0812947 -28.921 -0.457972 -0.0665475 0.886472 507.988 
0.858799 -0.0439808 0.510422 57.2209 0.00300788 0.996724 0.0808225 -28.7695 -0.512304 -0.067875 0.856118 510.261 
0.818779 -0.0480727 0.572093 58.7036 -0.000923859 0.996376 0.0850473 -28.6201 -0.574108 -0.0701635 0.815768 512.434 
0.768688 -0.0537149 0.637364 60.3569 -0.000936108 0.996372 0.0850999 -28.4656 -0.639623 -0.0660119 0.765849 514.474 
0.716285 -0.0623702 0.695015 62.148 0.00201241 0.996178 0.0873225 -28.3133 -0.697805 -0.0611491 0.713673 516.349 
0.670288 -0.0670743 0.739063 64.0636 0.00386688 0.996209 0.0869048 -28.1632 -0.742091 -0.0553934 0.668006 518.099 
0.641254 -0.0701501 0.764115 65.3979 0.00110322 0.995896 0.090503 -28.059 -0.767328 -0.0571924 0.638699 519.217 
0.611458 -0.0687999 0.78828 66.7815 0.000187565 0.996225 0.0868036 -27.9434 -0.791277 -0.0529289 0.609163 520.298 
0.579397 -0.0770061 0.811399 68.2267 -0.00326804 0.995299 0.0967928 -27.8248 -0.815039 -0.0587331 0.576422 521.333 
0.522391 -0.0802358 0.848923 70.4901 -0.00688308 0.995134 0.0982905 -27.6319 -0.852678 -0.0571893 0.519297 522.775 
0.457994 -0.085595 0.884825 72.882 -0.00277062 0.995211 0.0977076 -27.4317 -0.888951 -0.047201 0.455564 524.054 
0.38832 -0.0909325 0.917027 75.4026 -0.000981455 0.995078 0.0990876 -27.2269 -0.921524 -0.0393777 0.386319 525.153 
0.314972 -0.0870086 0.945104 78.0489 -0.00831795 0.995498 0.0944201 -27.0258 -0.949064 -0.037601 0.31283 526.099 
0.237766 -0.0880954 0.967319 80.8123 -0.0146621 0.99544 0.0942603 -26.8293 -0.971212 -0.0365948 0.23539 526.846 
0.157945 -0.0904258 0.983299 83.6838 -0.0123316 0.99554 0.0935323 -26.6249 -0.987371 -0.0268986 0.156125 527.366 
0.0815332 -0.0899164 0.992606 86.6344 -0.0115447 0.99577 0.0911513 -26.4093 -0.996604 -0.0188912 0.0801502 527.669 
0.0313321 -0.0926842 0.995202 88.6443 -0.0134752 0.995562 0.0931419 -26.2693 -0.999418 -0.0163288 0.0299441 527.749 
-0.0172363 -0.0971677 0.995119 90.686 -0.0157703 0.995169 0.0968995 -26.1243 -0.999727 -0.0140231 -0.0186854 527.745 
-0.0921046 -0.0942208 0.991282 93.7722 -0.0226212 0.995454 0.0925155 -25.9066 -0.995492 -0.0139028 -0.0938173 527.529 
-0.141196 -0.0934057 0.985565 95.8478 -0.0224151 0.995585 0.0911441 -25.7641 -0.989728 -0.00922235 -0.142667 527.266 
-0.187049 -0.093867 0.977856 97.9353 -0.0198822 0.995582 0.0917655 -25.6197 -0.982149 -0.00227729 -0.188089 526.886 
-0.228068 -0.0890353 0.969566 100.017 -0.0208326 0.996028 0.086565 -25.4793 -0.973422 -0.000455858 -0.229017 526.42 
-0.268568 -0.0885894 0.959178 102.111 -0.0248474 0.996068 0.0850393 -25.349 -0.96294 -0.000994301 -0.269713 525.862 
-0.329189 -0.0839508 0.940525 105.232 -0.0326118 0.996457 0.0775289 -25.1648 -0.943701 -0.00515052 -0.330761 524.86 
-0.384643 -0.087165 0.918941 108.336 -0.0379361 0.996183 0.0786127 -24.9833 -0.922285 -0.00462317 -0.386482 523.649 
-0.419308 -0.0832006 0.904024 111.409 -0.0312212 0.996524 0.0772327 -24.7906 -0.907307 0.00415954 -0.420448 522.268 
-0.430787 -0.0798693 0.898912 113.46 -0.0211811 0.996696 0.0784069 -24.6615 -0.902205 0.0147367 -0.431056 521.282 
-0.436292 -0.0795843 0.896279 115.524 -0.0137269 0.996554 0.0818061 -24.5253 -0.899701 0.0233882 -0.435881 520.275 
-0.439543 -0.0868519 0.894012 118.673 -0.0161058 0.995916 0.0888332 -24.3055 -0.898077 0.0246472 -0.439147 518.753 
-0.442027 -0.0906281 0.892412 120.793 -0.0164175 0.995534 0.0929687 -24.1463 -0.896852 0.0264435 -0.441541 517.72 
-0.44386 -0.0856858 0.89199 122.982 -0.0139579 0.995958 0.0887276 -23.9808 -0.895988 0.0269323 -0.443262 516.641 
-0.445947 -0.0836997 0.891137 125.078 -0.0118467 0.996083 0.0876283 -23.8307 -0.894981 0.0285205 -0.445192 515.601 
-0.448051 -0.0879835 0.889668 127.26 -0.012906 0.995678 0.0919676 -23.6728 -0.893915 0.0297241 -0.44725 514.516 
-0.450409 -0.0917926 0.888091 129.459 -0.0140146 0.995305 0.0957664 -23.5003 -0.892712 0.0306879 -0.449581 513.419 
-0.452194 -0.092258 0.887135 131.674 -0.0137644 0.995239 0.0964843 -23.321 -0.891814 0.0314187 -0.451311 512.304 
-0.453639 -0.0859985 0.887027 133.9 -0.00835828 0.9957 0.09226 -23.1418 -0.891146 0.0344387 -0.452407 511.172 
-0.452968 -0.0901139 0.886961 136.165 -0.00957589 0.995313 0.0962319 -22.9628 -0.891476 0.0350965 -0.451707 510.03 
-0.452964 -0.0878117 0.887194 138.449 -0.0124565 0.995664 0.092188 -22.7822 -0.891442 0.0307066 -0.452094 508.889 
-0.452354 -0.0806272 0.888186 140.757 -0.0108998 0.99633 0.084893 -22.6106 -0.891772 0.0287207 -0.451573 507.73 
-0.452994 -0.0859236 0.887363 143.11 -0.0101675 0.995778 0.091231 -22.4397 -0.891455 0.0323049 -0.451955 506.549 
-0.453415 -0.0856968 0.88717 145.478 -0.0111271 0.995834 0.0905063 -22.2564 -0.89123 0.0311652 -0.452479 505.36 
-0.453899 -0.0875823 0.886738 147.873 -0.0133624 0.995715 0.091506 -22.0751 -0.890953 0.0296856 -0.453125 504.158 
-0.454531 -0.0865386 0.886517 150.295 -0.0118366 0.995768 0.0911345 -21.8897 -0.890652 0.0309301 -0.453632 502.938 
-0.455406 -0.0850305 0.886214 152.738 -0.0112176 0.995897 0.08979 -21.7056 -0.890213 0.0309497 -0.454491 501.704 
-0.455962 -0.0878414 0.885654 155.205 -0.0115797 0.995619 0.0927864 -21.5136 -0.889924 0.0320515 -0.454982 500.459 
-0.456369 -0.0882759 0.885401 157.696 -0.0187912 0.995801 0.0895973 -21.3178 -0.889592 0.0242516 -0.456111 499.214 
-0.456845 -0.0930563 0.884666 160.202 -0.0275439 0.995516 0.0904927 -21.125 -0.88912 0.016974 -0.45736 497.968 
-0.456856 -0.090562 0.884919 162.709 -0.0244307 0.995706 0.0892871 -20.9296 -0.889205 0.0191721 -0.457107 496.697 
-0.456445 -0.0873296 0.885455 165.217 -0.0159453 0.995815 0.0899943 -20.7409 -0.889609 0.0269586 -0.455927 495.417 
-0.456289 -0.0899243 0.885276 167.729 -0.0149824 0.995516 0.0933999 -20.5489 -0.889706 0.0293538 -0.45559 494.14 
-0.45577 -0.0913949 0.885393 170.241 -0.0172243 0.995434 0.0938874 -20.3576 -0.889931 0.0275407 -0.455263 492.866 
-0.456077 -0.086223 0.885753 172.746 -0.0120484 0.995802 0.090732 -20.1696 -0.889859 0.0307089 -0.455202 491.587 
-0.454192 -0.0810711 0.887208 175.255 -0.00703131 0.996146 0.0874261 -19.9835 -0.890876 0.03347 -0.453012 490.315 
-0.452041 -0.0949428 0.88693 177.785 -0.0153859 0.995001 0.0986698 -19.7919 -0.891864 0.0309565 -0.451242 489.062 
-0.448204 -0.0922009 0.889164 180.295 -0.0181094 0.995399 0.0940884 -19.5851 -0.893748 0.0260685 -0.447811 487.82 
-0.444164 -0.0891414 0.8915 182.791 -0.0187305 0.995745 0.0902329 -19.4004 -0.89575 0.02338 -0.443944 486.582 
-0.442504 -0.0905358 0.892185 185.287 -0.0208381 0.99566 0.0907009 -19.2213 -0.896524 0.0215441 -0.44247 485.358 
-0.441699 -0.0923674 0.892396 187.779 -0.020733 0.995471 0.0927742 -19.0325 -0.896924 0.0224763 -0.441614 484.136 
-0.443498 -0.0900646 0.891739 190.26 -0.0211989 0.995714 0.090023 -18.8396 -0.896025 0.0210212 -0.443507 482.92 
-0.447044 -0.0857247 0.890395 192.73 -0.0173639 0.996041 0.0871781 -18.659 -0.894343 0.0235117 -0.446763 481.695 
-0.452424 -0.0869494 0.887554 195.18 -0.0149274 0.995835 0.089948 -18.4817 -0.891678 0.0274458 -0.451837 480.47 
-0.458575 -0.0900409 0.884082 197.613 -0.0157679 0.995521 0.0932118 -18.2966 -0.888516 0.0288046 -0.457941 479.239 
-0.464086 -0.0847697 0.881725 200.011 -0.0115858 0.995906 0.0896492 -18.1102 -0.885714 0.0313895 -0.463168 477.998 
-0.472443 -0.0849965 0.877253 203.575 -0.0141109 0.995941 0.0888967 -17.8484 -0.881248 0.0296197 -0.471724 476.127 
-0.47758 -0.0902373 0.873942 205.912 -0.0198722 0.995567 0.091936 -17.6739 -0.878363 0.0265396 -0.477256 474.88 
-0.481833 -0.092414 0.871376 208.185 -0.0220624 0.995387 0.0933665 -17.5038 -0.875985 0.0257624 -0.481649 473.649 
-0.485073 -0.0952603 0.86927 210.388 -0.0239119 0.995122 0.0957086 -17.3378 -0.874147 0.0256397 -0.484984 472.443 
-0.48774 -0.0963017 0.867661 212.515 -0.0295602 0.995149 0.0938349 -17.1768 -0.872488 0.0201188 -0.488221 471.275 
-0.487778 -0.0990082 0.867335 214.577 -0.0336724 0.994942 0.0946379 -17.0231 -0.872318 0.016957 -0.488644 470.138 
-0.478857 -0.0998061 0.872201 217.532 -0.0364059 0.994919 0.0938612 -16.8043 -0.877138 0.0131929 -0.480058 468.526 
-0.462871 -0.100088 0.880757 219.437 -0.0356887 0.994904 0.0943035 -16.6626 -0.885707 0.0122173 -0.464084 467.53 
-0.437193 -0.0991111 0.89389 221.328 -0.0336067 0.995016 0.0938868 -16.5219 -0.89874 0.011006 -0.438345 466.599 
-0.40538 -0.0981926 0.90886 223.214 -0.0367413 0.995161 0.0911287 -16.3822 -0.91341 0.00354901 -0.407026 465.752 
-0.371695 -0.0945682 0.923526 225.095 -0.038608 0.995512 0.0864009 -16.2514 -0.927552 -0.00354068 -0.373678 464.99 
-0.314426 -0.0942341 0.944593 227.947 -0.040324 0.995488 0.0858888 -16.0577 -0.948425 -0.011084 -0.316808 463.994 
-0.254902 -0.104068 0.96135 230.862 -0.0431672 0.994425 0.0962032 -15.8452 -0.966003 -0.0169764 -0.257974 463.173 
-0.194117 -0.107011 0.975124 233.802 -0.0527985 0.993731 0.098543 -15.6106 -0.979556 -0.0323562 -0.198551 462.551 
-0.151858 -0.107344 0.982556 235.78 -0.0528291 0.993546 0.100379 -15.4526 -0.986989 -0.0366641 -0.156549 462.243 
-0.103429 -0.100298 0.989567 237.775 -0.0452588 0.994347 0.0960516 -15.296 -0.993607 -0.0348521 -0.107383 462.014 
-0.0222451 -0.0919873 0.995512 240.817 -0.0327663 0.99529 0.0912347 -15.0797 -0.999216 -0.0305897 -0.0251544 461.882 
0.0650496 -0.0919173 0.99364 243.922 -0.031174 0.995075 0.094091 -14.8679 -0.997395 -0.0370962 0.0618638 462.025 
0.125157 -0.093933 0.98768 246.015 -0.0360416 0.99442 0.0991411 -14.7172 -0.991482 -0.0480058 0.121073 462.301 
0.211805 -0.0842779 0.973671 249.116 -0.0451468 0.994367 0.0958901 -14.4728 -0.976269 -0.0642681 0.206807 462.905 
0.295103 -0.0773656 0.952328 252.218 -0.0481942 0.994242 0.0957049 -14.2421 -0.954249 -0.0741394 0.289675 463.815 
0.37702 -0.0749883 0.923165 255.284 -0.0469716 0.993887 0.0999162 -13.9985 -0.925013 -0.0810329 0.371192 464.992 
0.451226 -0.070624 0.889611 258.284 -0.0434354 0.993944 0.100938 -13.7505 -0.891352 -0.0841864 0.445426 466.431 
0.517598 -0.0780859 0.852053 261.213 -0.037659 0.992783 0.11386 -13.4685 -0.854795 -0.091021 0.510922 468.115 
0.556893 -0.0756269 0.827134 263.107 -0.0363474 0.992673 0.115235 -13.2625 -0.829789 -0.0942374 0.550064 469.351 
0.589097 -0.0696665 0.805054 264.95 -0.0407553 0.992447 0.115706 -13.047 -0.807034 -0.100972 0.581808 470.682 
0.625561 -0.0631104 0.777619 267.665 -0.0463134 0.991961 0.117763 -12.7088 -0.778799 -0.109682 0.617609 472.817 
0.645133 -0.0599001 0.761718 269.445 -0.0453998 0.992156 0.116472 -12.4822 -0.76272 -0.109722 0.637353 474.302 
0.662306 -0.055064 0.747208 271.204 -0.0428356 0.992881 0.111137 -12.2644 -0.748008 -0.105614 0.655232 475.84 
0.676311 -0.0549713 0.734563 273.82 -0.0431685 0.99254 0.114022 -11.967 -0.735351 -0.108825 0.668892 478.207 
0.683193 -0.0579032 0.727939 276.385 -0.0421938 0.992056 0.118512 -11.6556 -0.729018 -0.111681 0.675322 480.591 
0.687089 -0.0545471 0.724523 278.074 -0.0438596 0.992246 0.116297 -11.4421 -0.725248 -0.111684 0.679369 482.184 
0.689275 -0.0538172 0.722499 279.748 -0.0396231 0.992945 0.111763 -11.2369 -0.723416 -0.105663 0.682279 483.771 
0.688847 -0.0554917 0.722779 281.391 -0.0378981 0.992945 0.112353 -11.0423 -0.723915 -0.104786 0.681885 485.347 
0.683938 -0.0569196 0.727316 283.007 -0.0407318 0.992417 0.115969 -10.8506 -0.728402 -0.10894 0.676434 486.882 
0.674578 -0.0572631 0.73598 284.6 -0.0450702 0.991932 0.118487 -10.6566 -0.736827 -0.1131 0.666554 488.362 
0.661794 -0.0532373 0.747793 286.166 -0.0490533 0.992263 0.114054 -10.4756 -0.748079 -0.112162 0.654062 489.76 
0.63293 -0.0518713 0.772469 288.479 -0.0488318 0.993092 0.106697 -10.227 -0.772668 -0.105253 0.626025 491.7 
0.598599 -0.0561291 0.79908 290.753 -0.0416528 0.994012 0.101024 -10.0172 -0.799965 -0.0937567 0.592676 493.425 
0.572796 -0.0536601 0.81794 292.232 -0.0324068 0.995592 0.088009 -9.90145 -0.819057 -0.076918 0.568532 494.446 
0.527967 -0.0236652 0.848935 294.346 -0.0368097 0.998035 0.0507141 -9.7791 -0.848467 -0.0580244 0.526059 495.795 
0.463893 -0.0250311 0.885537 296.448 -0.0438098 0.99773 0.0511524 -9.70802 -0.884807 -0.0625245 0.461743 496.957 
0.373046 -0.035487 0.927134 298.556 -0.0373907 0.997881 0.0532397 -9.64832 -0.927059 -0.054527 0.370928 497.84 
0.257782 -0.0182909 0.96603 300.703 -0.0271091 0.99929 0.0261546 -9.61626 -0.965823 -0.0329304 0.257103 498.436 
0.135277 -0.0173476 0.990656 302.912 -0.0235875 0.999507 0.0207235 -9.61651 -0.990527 -0.0261705 0.134801 498.776 
0.00556652 -0.0297275 0.999543 305.095 -0.0201538 0.999352 0.0298341 -9.59967 -0.999781 -0.0203106 0.00496379 498.8 
-0.122223 -0.0247997 0.992193 307.25 -0.0159841 0.999607 0.0230161 -9.56395 -0.992374 -0.0130462 -0.122572 498.551 
-0.220316 -0.0189242 0.975245 309.375 -0.00414244 0.999821 0.0184652 -9.54153 -0.97542 2.82978e-05 -0.220355 498.059 
-0.285152 -0.0212841 0.958246 311.472 0.0019072 0.999739 0.0227732 -9.50754 -0.95848 0.0083214 -0.285037 497.411 
-0.336851 -0.0213436 0.941316 313.551 0.00652009 0.999666 0.0249999 -9.45022 -0.941535 0.0145587 -0.336599 496.634 
-0.394092 -0.0210634 0.918829 315.618 0.00804227 0.99962 0.0263648 -9.40144 -0.919036 0.0177796 -0.393773 495.744 
-0.468826 -0.0173718 0.88312 317.599 0.00628759 0.999716 0.0230032 -9.3786 -0.883268 0.0163372 -0.468583 494.678 
-0.56281 -0.0186378 0.826376 319.469 0.00524496 0.999645 0.0261177 -9.34471 -0.82657 0.0190336 -0.562512 493.419 
-0.661369 -0.0126535 0.749954 321.17 0.0127258 0.999525 0.028087 -9.31891 -0.749953 0.0281196 -0.660894 491.942 
-0.751565 -0.00696473 0.659622 322.621 0.0177821 0.999367 0.0308127 -9.2701 -0.65942 0.0348872 -0.750965 490.286 
-0.803914 -0.00276551 0.594739 323.425 0.0228187 0.999109 0.0354901 -9.23523 -0.594307 0.0421021 -0.803135 489.102 
-0.845471 0.00385817 0.534007 324.128 0.0256467 0.999113 0.0333868 -9.21453 -0.533405 0.0419231 -0.844821 487.907 
-0.890717 0.0157872 0.454284 325.083 0.0321031 0.999086 0.0282246 -9.20298 -0.453423 0.039724 -0.89041 486.074 
-0.915289 0.0176512 0.40241 325.645 0.0331427 0.998952 0.0315658 -9.20458 -0.401431 0.0422288 -0.914915 484.8 
-0.946953 0.0240852 0.320469 326.35 0.0385501 0.9985 0.0388682 -9.17283 -0.319052 0.0491605 -0.946461 482.83 
-0.973061 0.0317047 0.228359 326.848 0.0405891 0.998587 0.0343137 -9.14835 -0.226948 0.0426581 -0.972972 480.79 
-0.9907 0.0402781 0.129966 327.136 0.046591 0.997859 0.0459029 -9.1094 -0.127839 0.0515313 -0.990455 478.684 
-0.998787 0.0399335 0.0288006 327.226 0.0412416 0.998073 0.0463525 -9.06511 -0.0268941 0.0474841 -0.99851 476.538 
-0.996697 0.0460674 -0.0668825 327.083 0.0430928 0.998045 0.0452575 -8.99858 0.0688367 0.0422259 -0.996734 474.331 
-0.987921 0.0524754 -0.145806 326.761 0.0464792 0.997939 0.044234 -8.92793 0.147826 0.0369227 -0.988324 472.078 
-0.978114 0.0509344 -0.201738 326.286 0.0438313 0.998257 0.0395248 -8.8598 0.2034 0.0298173 -0.978642 469.769 
-0.96867 0.0471424 -0.243835 325.705 0.038272 0.998426 0.0409919 -8.82124 0.245384 0.0303756 -0.96895 467.393 
-0.962257 0.0526372 -0.267002 325.013 0.0420372 0.99809 0.0452661 -8.76628 0.268874 0.0323336 -0.962632 464.947 
-0.960152 0.0524738 -0.274509 324.271 0.0440849 0.998355 0.0366449 -8.69247 0.27598 0.023083 -0.960886 462.43 
-0.958569 0.058039 -0.278884 323.503 0.0472164 0.997854 0.0453742 -8.6176 0.280919 0.0303264 -0.959252 459.821 
-0.957154 0.0587292 -0.283562 322.702 0.0485973 0.997908 0.0426405 -8.51622 0.285473 0.0270332 -0.958005 457.138 
-0.956222 0.0579479 -0.286846 322.15 0.0481621 0.997995 0.0410606 -8.44796 0.288651 0.0254479 -0.957096 455.305 
-0.955199 0.0589729 -0.290029 321.582 0.0485973 0.997899 0.042854 -8.39646 0.291946 0.0268395 -0.956058 453.439 
-0.954081 0.0607101 -0.293333 320.998 0.0505577 0.997834 0.0420768 -8.34198 0.295252 0.0253144 -0.955084 451.547 
-0.953027 0.0622295 -0.296424 320.401 0.0515288 0.997711 0.0437843 -8.29681 0.29847 0.0264533 -0.954052 449.633 
-0.952093 0.0610356 -0.299655 319.803 0.0495081 0.997718 0.0459192 -8.2571 0.301774 0.028884 -0.952942 447.709 
-0.951233 0.0571196 -0.30314 319.195 0.0448056 0.997869 0.0474279 -8.1992 0.305203 0.0315326 -0.951765 445.777 
-0.95027 0.0583709 -0.305909 318.566 0.0468434 0.997893 0.0448957 -8.14181 0.307885 0.0283332 -0.951002 443.841 
-0.950243 0.0609509 -0.30549 317.934 0.0486307 0.997673 0.0477862 -8.09335 0.307692 0.0305523 -0.950995 441.902 
-0.952026 0.0560588 -0.30084 317.322 0.0446769 0.998006 0.0445868 -8.05025 0.30274 0.0290071 -0.952632 439.959 
-0.954511 0.0502412 -0.293911 316.73 0.0400555 0.998373 0.040577 -8.00639 0.295472 0.0269584 -0.954971 438.006 
-0.959636 0.037914 -0.278679 315.881 0.0309822 0.999092 0.0292378 -7.9697 0.279534 0.0194236 -0.959939 435.073 
-0.96596 0.02429 -0.257548 315.106 0.0169988 0.99939 0.0304991 -7.96797 0.258132 0.0250829 -0.965784 432.12 
-0.971706 0.0247946 -0.234889 314.634 0.0165225 0.999174 0.0371205 -7.96875 0.235615 0.0321892 -0.971313 430.139 
-0.981427 0.0266766 -0.189971 314.024 0.0206646 0.999223 0.0335581 -7.96158 0.190719 0.0290091 -0.981216 427.175 
-0.986582 0.0204849 -0.161978 313.695 0.0161347 0.999474 0.0281266 -7.94401 0.162469 0.0251357 -0.986393 425.188 
-0.990608 0.0224142 -0.134882 313.411 0.0186028 0.999393 0.0294516 -7.9398 0.13546 0.0266658 -0.990424 423.19 
-0.993986 0.0238475 -0.106882 313.186 0.0205413 0.999279 0.0319282 -7.93433 0.107566 0.0295407 -0.993759 421.192 
-0.997625 0.0128203 -0.0676802 312.967 0.0102776 0.999233 0.0377848 -7.91651 0.0681127 0.0369995 -0.996991 418.184 
-0.999545 0.0079571 -0.0290915 312.865 0.00684236 0.999246 0.0382195 -7.88221 0.0293736 0.0380031 -0.998846 415.18 
-0.999959 0.00846416 -0.00330604 312.854 0.00832231 0.999133 0.0407943 -7.83679 0.00364846 0.0407651 -0.999162 413.168 
-0.99974 0.00603881 0.022001 312.9 0.00703123 0.998948 0.0453129 -7.78816 -0.0217042 0.0454558 -0.998731 411.16 
-0.998867 0.0092824 0.0466683 312.99 0.0112818 0.999022 0.0427631 -7.75132 -0.0462257 0.0432412 -0.997995 409.162 
-0.997448 0.0103856 0.0706426 313.12 0.0130921 0.999193 0.037958 -7.70391 -0.0701914 0.038786 -0.996779 407.162 
-0.994663 0.00659042 0.102968 313.406 0.0103509 0.999297 0.0360289 -7.63629 -0.102658 0.0369024 -0.994032 404.159 
-0.991347 0.00377698 0.131216 313.782 0.00812378 0.999435 0.0326075 -7.59084 -0.131019 0.0333913 -0.990817 401.177 
-0.988961 0.00230399 0.148161 314.076 0.00759853 0.999352 0.035179 -7.56483 -0.147984 0.0359164 -0.988337 399.207 
-0.984907 -0.00208964 0.17307 314.583 0.00440624 0.9993 0.0371406 -7.53343 -0.173026 0.0373426 -0.984209 396.281 
-0.980794 -0.00810217 0.194879 315.156 -0.000267057 0.999192 0.0401977 -7.49544 -0.195047 0.0393736 -0.980003 393.396 
-0.977971 -0.0103582 0.208481 315.564 -0.00116084 0.999022 0.04419 -7.46325 -0.208735 0.0429746 -0.977028 391.486 
-0.974937 -0.0114083 0.222189 315.997 -0.0017625 0.999049 0.0435627 -7.42304 -0.222475 0.0420793 -0.97403 389.589 
-0.970111 -0.0110666 0.242408 316.649 -0.00280674 0.999404 0.0343929 -7.3478 -0.242644 0.0326846 -0.969565 386.861 
-0.966533 -0.00971696 0.256358 317.106 -0.00187393 0.999523 0.0308206 -7.31197 -0.256535 0.0293087 -0.96609 385.095 
-0.962424 -0.00598589 0.271485 317.575 8.3163e-05 0.99975 0.022338 -7.30338 -0.271551 0.0215212 -0.962183 383.412 
-0.958651 -0.00388969 0.284556 318.049 -0.0033247 0.999991 0.00246847 -7.3157 -0.284564 0.00142034 -0.958656 381.841 
-0.955718 -0.00509842 0.294239 318.502 -0.00930089 0.999874 -0.0128849 -7.32689 -0.294136 -0.0150511 -0.955645 380.353 
-0.953807 -0.0019984 0.300414 318.941 -0.0103106 0.999606 -0.0260866 -7.37578 -0.300243 -0.027979 -0.953452 378.965 
-0.953278 0.00247117 0.302083 319.346 -0.00940954 0.999238 -0.0378677 -7.42868 -0.301947 -0.0389409 -0.952529 377.631 
-0.954607 0.00810429 0.297757 319.716 -0.00115037 0.999522 -0.0308929 -7.46904 -0.297865 -0.0298331 -0.954142 376.291 
-0.959567 0.012657 0.281196 320.052 0.00420934 0.999522 -0.0306257 -7.51015 -0.28145 -0.0282037 -0.959162 374.977 
-0.974605 0.0182312 0.223188 320.455 0.0135395 0.999654 -0.0225335 -7.55241 -0.223522 -0.0189393 -0.974515 373.03 
-0.992033 0.0224619 0.123956 320.668 0.022479 0.999746 -0.00126043 -7.59381 -0.123953 0.00153603 -0.992287 371.084 
-0.999601 0.0282615 -2.62768e-05 320.639 0.0282585 0.999505 0.0138591 -7.60315 0.000417943 0.0138528 -0.999904 369.179 
-0.990526 0.0269212 -0.134662 320.367 0.0240638 0.99945 0.0228022 -7.58386 0.135202 0.0193457 -0.990629 367.308 
-0.962955 0.0338531 -0.267528 319.812 0.0241251 0.998926 0.0395675 -7.52356 0.26858 0.0316476 -0.962737 365.452 
-0.917054 0.030655 -0.397583 318.978 0.0148239 0.998972 0.0428318 -7.43488 0.398487 0.0333853 -0.916566 363.613 
-0.858126 0.0434675 -0.511596 317.917 0.0223605 0.998628 0.0473415 -7.3397 0.512952 0.0291854 -0.857921 361.899 
-0.79863 0.0519889 -0.599573 316.653 0.0294816 0.998445 0.0473056 -7.24958 0.6011 0.0201033 -0.798921 360.26 
-0.750865 0.0603944 -0.657689 315.183 0.0429077 0.998167 0.0426735 -7.15471 0.659061 0.00382207 -0.75208 358.649 
-0.716913 0.0622955 -0.694373 313.573 0.0463215 0.998055 0.0417151 -7.08079 0.695622 -0.00225824 -0.718405 357.007 
-0.69035 0.06369 -0.720667 311.803 0.0498308 0.997938 0.0404598 -6.99547 0.721758 -0.00798 -0.6921 355.326 
-0.688427 0.0702762 -0.721893 309.912 0.0569221 0.99746 0.0428194 -6.90971 0.723069 -0.0116136 -0.690679 353.572 
-0.696264 0.0640893 -0.714919 307.954 0.0476652 0.997936 0.0430391 -6.79107 0.716202 -0.00411026 -0.697881 351.681 
-0.69909 0.0621566 -0.712327 305.919 0.0450217 0.998064 0.0429045 -6.67113 0.713615 -0.00207608 -0.700535 349.71 
-0.701484 0.0607733 -0.71009 304.523 0.0454935 0.998144 0.0404845 -6.59188 0.711232 -0.00390527 -0.702947 348.355 
-0.703909 0.0588342 -0.707849 303.106 0.0439451 0.998262 0.039272 -6.53092 0.708929 -0.0034626 -0.705271 346.959 
-0.706816 0.0546632 -0.705283 301.671 0.043846 0.998478 0.0334461 -6.48158 0.706038 -0.00728354 -0.708137 345.531 
-0.71023 0.0498876 -0.7022 300.222 0.0425942 0.998704 0.0278713 -6.43475 0.70268 -0.0101147 -0.711434 344.066 
-0.713531 0.0476822 -0.698999 298.768 0.0400179 0.998826 0.0272851 -6.40609 0.69948 -0.00850377 -0.714602 342.576 
-0.71783 0.0514545 -0.694314 297.312 0.0407303 0.998661 0.0318993 -6.38814 0.695026 -0.00538133 -0.718965 341.064 
-0.729429 0.0538796 -0.681932 295.144 0.0385117 0.998547 0.0377014 -6.35539 0.682972 0.00123815 -0.730444 338.751 
-0.744734 0.053094 -0.665246 293.011 0.0402873 0.998589 0.0345974 -6.31346 0.666145 -0.00103517 -0.745822 336.384 
-0.770003 0.0560257 -0.635576 290.937 0.0480489 0.9984 0.029797 -6.26651 0.636229 -0.00759496 -0.771463 333.945 
-0.790179 0.0554193 -0.610366 289.625 0.0489897 0.998428 0.0272322 -6.25895 0.610915 -0.00838326 -0.791652 332.265 
-0.818031 0.0491178 -0.573073 287.765 0.0429686 0.998782 0.0242696 -6.24655 0.573567 -0.00477084 -0.819145 329.651 
-0.832701 0.0498696 -0.551472 286.593 0.0386493 0.998742 0.0319574 -6.25344 0.552372 0.00529695 -0.833581 327.861 
-0.853889 0.0478512 -0.518251 284.911 0.0395917 0.998851 0.0269933 -6.25536 0.518947 0.00253088 -0.854803 325.123 
-0.873039 0.0464365 -0.485434 283.306 0.041424 0.99892 0.0210567 -6.26755 0.485888 -0.00172531 -0.87402 322.296 
-0.883162 0.0491359 -0.466487 282.269 0.0444628 0.99879 0.0210264 -6.26045 0.466956 -0.00217161 -0.884278 320.363 
-0.890065 0.0533764 -0.452698 281.254 0.0479344 0.998574 0.0234939 -6.2532 0.453306 -0.000788703 -0.891355 318.389 
-0.893975 0.0523476 -0.445049 280.262 0.0462873 0.998628 0.024483 -6.24511 0.44572 0.00128709 -0.895171 316.387 
-0.895412 0.0495951 -0.442468 279.274 0.0437021 0.998768 0.0235106 -6.23733 0.443089 0.00171495 -0.896476 314.371 
-0.897076 0.0480454 -0.439258 278.276 0.0429181 0.998845 0.0216026 -6.22584 0.439788 0.000527055 -0.898101 312.334 
-0.899849 0.0517269 -0.433123 277.274 0.0460759 0.99866 0.0235413 -6.21028 0.433761 0.00122709 -0.901027 310.278 
-0.902238 0.0592568 -0.427148 276.264 0.0542579 0.998241 0.0238773 -6.19253 0.427812 -0.00163316 -0.903866 308.193 
-0.904094 0.0597794 -0.423132 274.757 0.0566198 0.998194 0.0200454 -6.16746 0.423567 -0.00583469 -0.905846 305.022 
-0.903725 0.0713856 -0.42212 273.207 0.0647029 0.997449 0.0301568 -6.1046 0.423196 -5.88926e-05 -0.906038 301.794 
-0.902159 0.0782843 -0.424241 271.62 0.0743245 0.996898 0.0259025 -6.03126 0.424953 -0.00816334 -0.905179 298.532 
-0.900808 0.0737034 -0.427916 270.558 0.0679644 0.997275 0.0286965 -5.99582 0.428865 -0.00323305 -0.903363 296.319 
-0.895266 0.0572779 -0.441835 268.928 0.0478704 0.998327 0.0324223 -5.91809 0.442953 0.00787581 -0.89651 292.958 
-0.885418 0.0474764 -0.462365 267.209 0.0393481 0.998855 0.0272136 -5.84399 0.463128 0.0059022 -0.886272 289.597 
-0.87288 0.0596539 -0.484275 265.371 0.0490366 0.998198 0.0345741 -5.76616 0.485465 0.0064318 -0.874232 286.246 
-0.863823 0.0666725 -0.499365 264.078 0.0603963 0.997761 0.0287395 -5.71335 0.500163 -0.005334 -0.865915 284.026 
-0.852222 0.0707503 -0.518375 262.085 0.0606685 0.997494 0.0364022 -5.6505 0.519651 -0.000426256 -0.854378 280.682 
-0.845417 0.0828771 -0.527637 260.702 0.0698262 0.996559 0.0446513 -5.58089 0.529522 0.000906097 -0.848296 278.472 
-0.841562 0.0788666 -0.534373 258.62 0.0704594 0.996859 0.0361601 -5.50785 0.535546 -0.00722066 -0.844475 275.176 
-0.839471 0.0731307 -0.538461 256.506 0.0625103 0.997321 0.0379958 -5.40596 0.539797 -0.00176294 -0.841793 271.838 
-0.83911 0.0750455 -0.53876 255.063 0.0620763 0.997178 0.0422172 -5.33674 0.540408 0.00198062 -0.841401 269.605 
-0.839264 0.073348 -0.538754 253.623 0.0607893 0.997305 0.0410802 -5.27839 0.540315 0.00172668 -0.841461 267.368 
-0.839257 0.0693117 -0.539298 252.174 0.0556543 0.997583 0.0416019 -5.19878 0.540879 0.00490044 -0.841086 265.097 
-0.836953 0.0714944 -0.542585 250.694 0.0556169 0.997409 0.0456342 -5.10604 0.544442 0.00801676 -0.83876 262.819 
-0.835145 0.0727104 -0.545202 249.194 0.0580274 0.99734 0.0441225 -5.00673 0.54696 0.00521207 -0.837143 260.542 
-0.83407 0.0705781 -0.547125 247.697 0.0552423 0.997483 0.0444587 -4.92363 0.548886 0.00685715 -0.835869 258.254 
-0.834191 0.0715216 -0.546818 246.199 0.0553454 0.997406 0.0460253 -4.84906 0.548692 0.00813001 -0.835985 255.959 
-0.834692 0.073189 -0.545832 244.697 0.0585542 0.997306 0.0441842 -4.78259 0.547596 0.0049194 -0.836729 253.65 
-0.835313 0.0719446 -0.545046 243.193 0.0574044 0.997395 0.043678 -4.73365 0.546769 0.00519677 -0.837268 251.335 
-0.835675 0.0714634 -0.544555 241.668 0.055985 0.997418 0.0449792 -4.66954 0.546364 0.007101 -0.837518 248.995 
-0.835902 0.0716019 -0.544188 240.122 0.0572385 0.99742 0.0433149 -4.60965 0.545886 0.0050585 -0.837844 246.649 
-0.836031 0.0715983 -0.543991 238.557 0.0578631 0.997426 0.0423514 -4.53326 0.545623 0.00393007 -0.838022 244.277 
-0.835942 0.0746865 -0.543713 236.972 0.0602972 0.997198 0.0442739 -4.43461 0.545496 0.00422602 -0.838103 241.887 
-0.835302 0.0776727 -0.544277 235.373 0.0638797 0.996977 0.0442404 -4.31258 0.546068 0.00218581 -0.837738 239.49 
-0.834316 0.0804421 -0.545386 233.763 0.0698891 0.996748 0.0401018 -4.20752 0.546839 -0.00465898 -0.837225 237.091 
-0.832905 0.0797091 -0.547645 232.145 0.0672272 0.996818 0.0428407 -4.09614 0.549317 -0.00113448 -0.835613 234.673 
-0.830177 0.0753208 -0.552388 230.508 0.061302 0.997156 0.0438371 -3.98877 0.554119 0.00253005 -0.832433 232.238 
-0.827364 0.077276 -0.556325 228.838 0.0616624 0.997 0.0467839 -3.87833 0.558271 0.00440297 -0.829647 229.808 
-0.825304 0.0741324 -0.559801 227.177 0.0608625 0.997248 0.0423335 -3.77646 0.561399 0.000867153 -0.827545 227.383 
-0.823767 0.0751962 -0.561919 225.502 0.0612486 0.997167 0.0436515 -3.68378 0.56361 0.00154187 -0.82604 224.954 
-0.822529 0.0807355 -0.562963 223.819 0.0648752 0.996731 0.0481556 -3.59978 0.56501 0.00308703 -0.825078 222.534 
-0.820861 0.087017 -0.56446 221.286 0.0709565 0.996206 0.050387 -3.46221 0.566703 0.00130862 -0.823921 218.901 
-0.820671 0.0898796 -0.564288 219.599 0.0742739 0.995953 0.050615 -3.36542 0.566553 -0.000373588 -0.824025 216.482 
-0.821488 0.0875485 -0.563465 217.915 0.0725795 0.99616 0.0489634 -3.29483 0.565588 -0.000673117 -0.824688 214.053 
-0.823088 0.0860285 -0.56136 216.25 0.0700651 0.996291 0.0499497 -3.2287 0.563575 0.00178129 -0.826063 211.635 
-0.825183 0.0850793 -0.558421 214.589 0.0676347 0.996362 0.0518584 -3.15316 0.560801 0.00502407 -0.827935 209.212 
-0.827593 0.0801881 -0.555571 212.944 0.0649973 0.996776 0.0470475 -3.07215 0.557552 0.00282562 -0.830137 206.787 
-0.832195 0.0706557 -0.549962 210.508 0.0541529 0.997463 0.0462044 -2.97345 0.551832 0.00866902 -0.83391 203.127 
-0.835036 0.0714706 -0.545533 208.894 0.0532234 0.99737 0.0491981 -2.8776 0.547615 0.012047 -0.836644 200.677 
-0.838143 0.0758243 -0.540154 207.297 0.0582324 0.99707 0.0496063 -2.78231 0.542333 0.0101227 -0.840103 198.219 
-0.841944 0.0792699 -0.533709 205.726 0.0620403 0.996811 0.050182 -2.69226 0.535986 0.00913898 -0.844178 195.763 
-0.848251 0.0813525 -0.523309 204.178 0.0651865 0.996656 0.0492749 -2.60998 0.525568 0.00768479 -0.850717 193.291 
-0.855892 0.0749121 -0.511701 202.671 0.0614004 0.997174 0.043284 -2.52567 0.513498 0.00562774 -0.858073 190.802 
-0.866995 0.0703873 -0.493321 200.464 0.0550473 0.997443 0.045572 -2.43207 0.495267 0.0123548 -0.868653 187.029 
-0.873517 0.0703619 -0.481681 199.036 0.0551608 0.997433 0.0456679 -2.36573 0.483658 0.0133218 -0.875156 184.495 
-0.879092 0.0706842 -0.471382 197.634 0.0578544 0.997455 0.0416752 -2.2965 0.473129 0.00936479 -0.880944 181.951 
-0.882694 0.0744665 -0.464011 196.246 0.0612776 0.997174 0.0434618 -2.22202 0.465936 0.00993 -0.884763 179.389 
-0.884866 0.0767039 -0.459488 194.893 0.0639964 0.997015 0.0431933 -2.16337 0.46143 0.00881466 -0.887133 176.845 
-0.887247 0.0751676 -0.45513 193.561 0.0642708 0.997155 0.0393947 -2.11864 0.456796 0.00570125 -0.889553 174.282 
-0.889906 0.073526 -0.450179 192.262 0.0613311 0.997248 0.0416387 -2.07417 0.452002 0.00944456 -0.891967 171.701 
-0.892491 0.0727954 -0.445151 190.982 0.0602879 0.997288 0.042214 -2.03491 0.447017 0.0108384 -0.89446 169.115 
-0.894687 0.0755967 -0.44025 189.717 0.0639082 0.997099 0.0413391 -2.0017 0.442099 0.00884996 -0.896923 166.528 
-0.896752 0.0789 -0.435444 188.444 0.067894 0.996858 0.0408044 -1.9432 0.437295 0.00702738 -0.899291 163.927 
-0.898755 0.0733157 -0.432278 187.197 0.0629439 0.997283 0.0382748 -1.89717 0.433909 0.0071904 -0.900928 161.312 
-0.900271 0.0685548 -0.429897 185.959 0.0548269 0.997515 0.0442556 -1.83014 0.431863 0.0162721 -0.901792 158.682 
-0.901169 0.067171 -0.428233 184.717 0.0533754 0.997598 0.0441568 -1.75965 0.43017 0.0169356 -0.902589 156.053 
-0.901894 0.0690111 -0.42641 183.475 0.0553331 0.99748 0.0444003 -1.69101 0.4284 0.0164498 -0.90344 153.423 
-0.902676 0.0673912 -0.42501 182.24 0.0557914 0.997653 0.0396964 -1.62824 0.426688 0.0121211 -0.904318 150.794 
-0.904336 0.0644091 -0.421933 180.398 0.0523825 0.997824 0.040048 -1.53841 0.423594 0.014115 -0.905742 146.846 
-0.905861 0.0651479 -0.418534 179.193 0.053337 0.99778 0.0398711 -1.4933 0.420202 0.0137943 -0.907326 144.218 
-0.906957 0.0671855 -0.415831 177.997 0.0561639 0.997671 0.0386957 -1.44829 0.417462 0.0117406 -0.908618 141.581 
-0.907389 0.0695441 -0.414498 176.795 0.0599153 0.997547 0.0362054 -1.4038 0.415998 0.00801766 -0.90933 138.933 
-0.906182 0.0687221 -0.417267 175.581 0.0589765 0.997602 0.0362213 -1.35629 0.418756 0.00821411 -0.908062 136.282 
-0.902895 0.0653203 -0.424868 174.368 0.0538234 0.997788 0.0390214 -1.33845 0.426477 0.0123643 -0.904414 133.66 
-0.897712 0.0631893 -0.436028 173.137 0.0489833 0.997841 0.0437587 -1.31991 0.437852 0.0179246 -0.898868 131.052 
-0.890462 0.0623443 -0.450767 171.869 0.0456831 0.997814 0.0477608 -1.30164 0.452759 0.0219367 -0.891363 128.47 
-0.881579 0.0565108 -0.468642 170.56 0.0406038 0.998207 0.0439866 -1.26915 0.470288 0.019749 -0.882292 125.923 
-0.871646 0.0522225 -0.487345 169.204 0.034771 0.998391 0.0447948 -1.22526 0.4889 0.0220998 -0.87206 123.404 
-0.855287 0.0554765 -0.515176 167.059 0.0369756 0.998252 0.0461101 -1.09936 0.516834 0.0203884 -0.855843 119.698 
-0.843122 0.0583245 -0.53455 165.552 0.0397507 0.99814 0.0462096 -1.0004 0.536251 0.0177117 -0.843873 117.271 
-0.8293 0.063274 -0.55521 163.988 0.0451039 0.997906 0.0463552 -0.907275 0.55698 0.0134003 -0.830418 114.886 
-0.808129 0.0732361 -0.584434 161.538 0.0531254 0.997259 0.0515081 -0.731978 0.586604 0.0105769 -0.809805 111.359 
-0.795868 0.0743231 -0.600891 159.843 0.057165 0.997228 0.0476314 -0.621183 0.602765 0.00355841 -0.797911 109.067 
-0.786638 0.0754277 -0.612789 158.119 0.0595847 0.997151 0.0462496 -0.534764 0.614532 -0.000131134 -0.788892 106.814 
-0.778019 0.0829192 -0.622745 156.365 0.0674597 0.996547 0.0484113 -0.452921 0.624609 -0.00434529 -0.780926 104.583 
-0.769802 0.0842912 -0.632693 154.586 0.0711692 0.996396 0.0461539 -0.367982 0.634303 -0.00949891 -0.773026 102.373 
-0.763102 0.0822969 -0.641016 152.774 0.0684495 0.996572 0.0464588 -0.289215 0.642643 -0.00842449 -0.76612 100.171 
-0.757102 0.0848714 -0.647761 150.925 0.0668953 0.996385 0.0523621 -0.197316 0.649863 -0.00368869 -0.760042 97.9833 
-0.752578 0.0804233 -0.653574 149.065 0.063786 0.99675 0.0492032 -0.124271 0.655407 -0.00465968 -0.755262 95.8122 
-0.746005 0.0819872 -0.660874 147.172 0.0606675 0.996633 0.0551586 -0.0487024 0.663171 0.00105501 -0.748467 93.6529 
-0.735462 0.0818394 -0.672606 145.244 0.062445 0.996641 0.052986 0.033542 0.674683 -0.00303169 -0.738102 91.5336 
-0.723823 0.0811798 -0.685194 143.29 0.0639431 0.996673 0.050535 0.106228 0.687016 -0.00723498 -0.726606 89.4389 
-0.717478 0.0832711 -0.691586 141.308 0.0654876 0.996495 0.0520446 0.177119 0.693496 -0.0079494 -0.720417 87.3582 
-0.714015 0.0833459 -0.695152 139.314 0.0624286 0.996513 0.0553552 0.261725 0.697342 -0.00387292 -0.716728 85.2743 
-0.714837 0.08419 -0.694205 137.315 0.0620158 0.996447 0.0569856 0.356784 0.696536 -0.00231625 -0.717518 83.1885 
-0.717935 0.082868 -0.69116 135.31 0.0595376 0.99656 0.0576405 0.45662 0.693559 0.000232142 -0.720399 81.0849 
-0.720394 0.074079 -0.689597 133.306 0.0572098 0.997238 0.0473623 0.565717 0.691201 -0.00533218 -0.722643 78.9673 
-0.721475 0.0760623 -0.68825 131.294 0.0600822 0.997076 0.0472098 0.660568 0.689829 -0.00729089 -0.723936 76.8548 
-0.722112 0.0830479 -0.686773 129.267 0.0658703 0.996511 0.0512432 0.749166 0.688633 -0.0082346 -0.725063 74.7374 
-0.721754 0.0809867 -0.687396 127.25 0.0650523 0.996672 0.049121 0.840489 0.689086 -0.00926342 -0.72462 72.6257 
-0.720701 0.0782897 -0.688811 125.224 0.0623544 0.996896 0.0480652 0.929862 0.690436 -0.00830972 -0.723346 70.5101 
-0.719031 0.079846 -0.690376 123.19 0.0612046 0.996794 0.0515401 1.0227 0.692277 -0.00519524 -0.721613 68.3876 
-0.716609 0.0796791 -0.692909 121.153 0.0601026 0.996812 0.0524674 1.12007 0.694881 -0.00404703 -0.719114 66.2694 
-0.71241 0.0778366 -0.697434 119.104 0.0594089 0.996951 0.0505796 1.20975 0.699245 -0.00540044 -0.714862 64.1512 
-0.708654 0.0799184 -0.701015 117.037 0.0590541 0.996796 0.053941 1.30269 0.70308 -0.0031723 -0.711103 62.0394 
-0.705329 0.0796904 -0.704387 114.964 0.0567603 0.996819 0.0559385 1.39661 0.706604 -0.000526225 -0.707609 59.9307 
-0.702448 0.0816125 -0.707041 112.861 0.0581036 0.996664 0.0573171 1.50168 0.70936 -0.000819296 -0.704846 57.8172 
-0.700471 0.0812423 -0.709042 110.73 0.0604737 0.996683 0.0544577 1.61951 0.711114 -0.00473239 -0.70306 55.7032 
-0.699585 0.0827571 -0.709741 108.609 0.0592415 0.996568 0.0578079 1.7239 0.71209 -0.0016046 -0.702087 53.5948 
-0.699162 0.078971 -0.710589 106.495 0.0530379 0.996872 0.0586019 1.81809 0.712994 0.00328407 -0.701163 51.4689 
-0.698308 0.0837905 -0.710877 104.355 0.0561607 0.996477 0.0622863 1.92999 0.713591 0.00357173 -0.700553 49.3379 
-0.699618 0.0765545 -0.710404 102.241 0.06054 0.99702 0.0478199 2.03821 0.711947 -0.00955216 -0.702168 47.2502 
-0.700185 0.0766455 -0.709835 100.126 0.0549725 0.997057 0.0534336 2.12695 0.711842 -0.00160797 -0.702338 45.1325 
-0.700712 0.080451 -0.708894 98.0075 0.0592534 0.996751 0.0545499 2.23233 0.71098 -0.00378067 -0.703202 43.0268 
-0.700673 0.0832553 -0.708609 95.8835 0.0637267 0.996502 0.0540672 2.33626 0.710631 -0.00727391 -0.703527 40.9226 
-0.700501 0.0858812 -0.708465 93.7393 0.067809 0.996251 0.0537203 2.45732 0.710422 -0.0104091 -0.703699 38.8038 
-0.701759 0.0863564 -0.707161 91.6168 0.0678374 0.996216 0.0543357 2.56885 0.709177 -0.00984139 -0.704962 36.6882 
-0.703011 0.0829406 -0.706326 89.5179 0.0628999 0.996535 0.0544139 2.66999 0.708392 -0.00617421 -0.705793 34.5759 
-0.704003 0.0819488 -0.705453 87.4158 0.0587378 0.996636 0.057157 2.7936 0.707764 -0.00119804 -0.706448 32.459 
-0.705182 0.0818903 -0.704282 85.3152 0.0602336 0.996636 0.0555733 2.93033 0.706464 -0.00323214 -0.707742 30.3506 
-0.706535 0.0791211 -0.703241 83.2135 0.0592577 0.996855 0.0526201 3.06681 0.705192 -0.00449445 -0.709002 28.242 
-0.707692 0.0772175 -0.702288 81.1235 0.0566864 0.997011 0.0525001 3.18464 0.704243 -0.00265629 -0.709954 26.1294 
-0.708845 0.0769802 -0.701151 79.0382 0.0544905 0.997032 0.054377 3.30078 0.703256 0.000338829 -0.710936 24.014 
-0.709566 0.0759021 -0.700539 76.957 0.0521528 0.997112 0.0552105 3.41736 0.702706 0.00264043 -0.711475 21.8956 
-0.71031 0.0670584 -0.700688 74.8906 0.0447797 0.99774 0.0500928 3.52678 0.702464 0.00420481 -0.711707 19.7748 
-0.710645 0.0708862 -0.699971 72.8158 0.0432545 0.997431 0.057096 3.63591 0.70222 0.0102981 -0.711886 17.6478 
-0.711805 0.0691221 -0.698967 69.6806 0.0436658 0.997576 0.0541842 3.81262 0.701018 0.0080476 -0.713098 14.4654 
-0.712104 0.066456 -0.698922 67.5884 0.0413724 0.997752 0.0527173 3.93344 0.700854 0.00862416 -0.713253 12.3328 
-0.712801 0.0671088 -0.698148 65.4718 0.0446701 0.997735 0.0502987 4.05786 0.699942 0.00466664 -0.714184 10.206 
-0.713676 0.0700831 -0.696961 63.3627 0.0460228 0.997524 0.0531797 4.17273 0.698962 0.00587694 -0.715134 8.07266 
-0.714841 0.0680014 -0.695973 61.2769 0.0435495 0.997658 0.052748 4.28538 0.69793 0.00739714 -0.716128 5.9392 
-0.715683 0.0604869 -0.695801 59.2062 0.0369191 0.998126 0.0487944 4.38508 0.697449 0.00923295 -0.716575 3.80804 
-0.716252 0.0565165 -0.695549 57.1275 0.03332 0.998348 0.0468084 4.50314 0.697046 0.0103509 -0.716952 1.65568 
-0.716929 0.0554058 -0.694941 55.056 0.032892 0.998415 0.0456683 4.61163 0.696369 0.00988294 -0.717615 -0.486019 
-0.717422 0.0529266 -0.694626 53.0081 0.0335112 0.998577 0.0414751 4.69504 0.695833 0.00647735 -0.718175 -2.62566 
-0.717686 0.0517929 -0.694438 50.9668 0.0331007 0.99864 0.0402723 4.76447 0.695579 0.00591653 -0.718425 -4.76109 
-0.717691 0.0409344 -0.695158 48.9474 0.0260378 0.99915 0.0319532 4.81611 0.695875 0.00483217 -0.718147 -6.88533 
-0.717434 0.0328232 -0.695853 46.9351 0.016187 0.999405 0.0304526 4.84424 0.696439 0.010584 -0.717538 -9.02105 
-0.718356 0.0332104 -0.694883 44.9024 0.0130546 0.999328 0.0342651 4.90535 0.695553 0.0155431 -0.718306 -11.163 
-0.721408 0.0306521 -0.691832 42.8996 0.0138502 0.999459 0.0298395 4.97114 0.692372 0.0119445 -0.721442 -13.251 
-0.724702 0.034084 -0.688219 40.9293 0.0249939 0.999419 0.0231774 5.00031 0.688609 -0.000404553 -0.725133 -15.2937 
-0.729334 0.0465257 -0.682573 39.0101 0.0369936 0.998907 0.0285597 5.01981 0.683156 -0.00442129 -0.730259 -17.3137 
-0.734565 0.0460465 -0.676974 37.1854 0.0328521 0.998938 0.032299 5.02335 0.677743 0.0014857 -0.735298 -19.3181 
-0.73916 0.0409975 -0.672281 35.4188 0.0315253 0.999158 0.0262699 5.03635 0.672791 -0.00177616 -0.73983 -21.2916 
-0.743061 0.0408265 -0.667977 33.7049 0.0378991 0.999103 0.0189057 5.03507 0.668149 -0.0112676 -0.743942 -23.203 
-0.746213 0.0325488 -0.664911 32.073 0.0269092 0.999462 0.0187263 5.03663 0.665163 -0.00391843 -0.746688 -25.0975 
-0.748179 0.0210305 -0.663163 30.5116 0.0115847 0.999759 0.0186349 5.03058 0.663396 0.00625969 -0.748243 -26.943 
-0.750414 0.0142364 -0.660815 28.9944 -0.00240623 0.999703 0.0242698 5.01287 0.660964 0.0198025 -0.750156 -28.7086 
-0.750484 -0.00601418 -0.660862 27.5944 -0.0210064 0.99967 0.0147576 4.98812 0.660555 0.0249576 -0.750363 -30.3827 
-0.738614 -0.0248922 -0.673669 25.6359 -0.054345 0.998264 0.022698 4.91141 0.671934 0.0533756 -0.738685 -32.7301 
-0.721447 -0.0401486 -0.691304 24.4065 -0.072457 0.997214 0.0177015 4.8686 0.688668 0.0628606 -0.722347 -34.1191 
-0.696865 -0.0532654 -0.715221 23.2084 -0.0893989 0.995912 0.012935 4.85797 0.711608 0.0729539 -0.698778 -35.3677 
-0.661328 -0.0629842 -0.747448 22.04 -0.103253 0.994626 0.00754337 4.83952 0.742957 0.0821649 -0.664277 -36.4692 
-0.58104 -0.0612361 -0.811568 20.3033 -0.109484 0.993983 0.00338464 4.8217 0.806477 0.0908202 -0.584249 -37.8209 
-0.478098 -0.0595875 -0.876283 18.6249 -0.109197 0.993988 -0.00801404 4.76529 0.871492 0.0918556 -0.481731 -38.8013 
-0.313265 -0.0301627 -0.949187 16.3966 -0.0876386 0.996149 -0.00273118 4.68482 0.945613 0.0823298 -0.314702 -39.5977 
-0.0883797 0.00936909 -0.996043 14.1914 -0.0747914 0.997071 0.0160151 4.60073 0.993275 0.0759108 -0.08742 -39.8298 
0.0853845 0.020873 -0.996129 12.6343 -0.0755721 0.997036 0.0144142 4.5725 0.993478 0.0740488 0.0867089 -39.6724 
0.308004 0.0245667 -0.951068 10.7005 -0.0746483 0.997209 0.00158367 4.56219 0.948452 0.0705078 0.308978 -39.0712 
0.512719 0.029247 -0.858058 8.91819 -0.0763189 0.997016 -0.0116198 4.55577 0.855158 0.0714438 0.513421 -38.0625 
0.687225 0.0445762 -0.725076 7.30894 -0.0747924 0.997153 -0.00958498 4.56279 0.722585 0.0608172 0.688602 -36.6169 
0.791001 0.042784 -0.610317 6.25632 -0.0699231 0.997337 -0.020709 4.59319 0.607806 0.0590561 0.791886 -35.2826 
0.871701 0.0367529 -0.488659 5.3777 -0.0572995 0.997988 -0.0271542 4.57469 0.486677 0.0516702 0.872052 -33.7296 
0.927358 0.0320013 -0.372805 4.66673 -0.0466211 0.998454 -0.0302642 4.54382 0.37126 0.0454464 0.927416 -31.995 
0.959585 0.0217203 -0.280581 4.11807 -0.0342013 0.998628 -0.0396627 4.45093 0.279334 0.047656 0.959011 -30.0874 
0.976601 0.0157868 -0.214479 3.67503 -0.0264393 0.99855 -0.0468889 4.30439 0.213428 0.0514624 0.975602 -28.0589 
0.984165 0.00857386 -0.177046 3.30698 -0.0165128 0.998921 -0.0434164 4.15507 0.176482 0.0456524 0.983244 -25.9136 
0.986479 0.000656455 -0.163889 2.95068 -0.00661176 0.999337 -0.0357946 4.01336 0.163757 0.0363942 0.985829 -23.6717 
0.987168 -0.000892415 -0.15968 2.58965 -0.00489382 0.999346 -0.0358395 3.88571 0.159608 0.0361611 0.986518 -21.3542 
0.987991 -0.00127027 -0.154506 2.23535 -0.0036711 0.999491 -0.0316923 3.74998 0.154467 0.0318789 0.987483 -18.9419 
0.9887 -0.0073967 -0.149723 1.88322 0.00315815 0.999588 -0.0285273 3.63151 0.149872 0.0277321 0.988316 -16.439 
0.989336 -0.0134826 -0.145022 1.5397 0.0104497 0.999711 -0.0216546 3.50126 0.145272 0.0199082 0.989191 -13.8834 
0.989835 -0.0217359 -0.14055 1.22906 0.0194766 0.999658 -0.0174306 3.35758 0.140881 0.0145159 0.98992 -11.3742 
0.989901 -0.0250605 -0.139525 0.914029 0.0241557 0.999675 -0.00817467 3.25586 0.139684 0.0047218 0.990185 -8.93495 
0.989092 -0.0253824 -0.145095 0.572467 0.023488 0.999615 -0.0147554 3.19854 0.145414 0.0111864 0.989308 -6.59143 
0.987865 -0.0182412 -0.154241 0.172462 0.0172727 0.999822 -0.00761724 3.1664 0.154352 0.00486065 0.988004 -4.32852 
0.986127 -0.0131641 -0.165471 -0.233814 0.0126548 0.999911 -0.00413146 3.11987 0.165511 0.00198014 0.986206 -2.1481 
0.98317 -0.00958007 -0.182444 -0.6525 0.0110107 0.999916 0.00682988 3.09423 0.182363 -0.00872375 0.983193 -0.0272375 
0.97788 -0.0121251 -0.208814 -1.1288 0.0117509 0.999926 -0.00303256 3.09716 0.208836 0.000511741 0.977951 2.02776 
0.970047 -0.0150822 -0.242449 -1.68253 0.0148981 0.999886 -0.00259295 3.08742 0.24246 -0.00109673 0.970161 4.09175 
0.964283 -0.0147527 -0.264465 -2.10292 0.0157397 0.999875 0.00161344 3.07211 0.264408 -0.00571842 0.964394 5.47111 
0.958163 -0.0140921 -0.285874 -2.54969 0.0132912 0.9999 -0.00474175 3.0713 0.285913 0.000743756 0.958255 6.84153 
