0.000000 0.000000 0.000000 0.000000
0.003415 2.875510 -0.081572 2.874100
-0.441034 5.683090 -0.565089 5.672240
-1.461510 10.149000 -1.627050 10.128600
-2.620930 14.216900 -2.895520 14.163700
-3.951020 18.113900 -4.184750 18.059100
-5.895730 23.141200 -6.147790 23.087900
-7.982190 27.688700 -8.239080 27.630500
-10.444300 32.492100 -10.721700 32.416000
-13.288300 37.616200 -13.582500 37.536200
-16.405500 43.114600 -16.771400 42.997600
-20.433800 49.433400 -20.832800 49.288800
-24.845700 55.456700 -25.233300 55.358400
-28.845000 60.531100 -29.169800 60.465700
-33.160600 65.489900 -33.405800 65.481400
-37.875200 70.262000 -38.026700 70.333200
-42.914500 74.957900 -42.953100 75.153200
-48.239000 79.596200 -48.199000 79.886800
-53.866500 84.134900 -53.756000 84.517400
-59.916500 88.359100 -59.741100 88.844200
-66.373300 92.200900 -66.129200 92.835800
-73.130600 95.728300 -72.801100 96.495700
-79.935300 99.006700 -79.578300 99.916200
-86.546800 102.033000 -86.167000 103.035000
-92.850300 104.784000 -92.376800 106.017000
-98.842900 107.719000 -98.310200 109.049000
-104.475000 111.065000 -103.851000 112.507000
-109.641000 114.711000 -108.942000 116.262000
-114.285000 118.495000 -113.399000 120.239000
-118.446000 122.324000 -117.394000 124.238000
-122.023000 126.144000 -120.821000 128.189000
-125.088000 130.155000 -123.793000 132.260000
-128.166000 135.163000 -126.792000 137.351000
-131.035000 140.630000 -129.478000 142.892000
-133.444000 145.832000 -131.729000 148.144000
-135.607000 151.595000 -133.695000 153.950000
-137.094000 158.000000 -135.074000 160.373000
-137.770000 165.000000 -135.640000 167.337000
-137.603000 172.461000 -135.390000 174.756000
-136.522000 180.228000 -134.370000 182.511000
-134.530000 188.231000 -132.518000 190.471000
-131.621000 196.301000 -129.695000 198.547000
-127.547000 204.190000 -125.797000 206.478000
-122.129000 211.424000 -120.385000 213.631000
-115.657000 217.895000 -113.951000 220.089000
-108.535000 223.465000 -106.749000 225.542000
-101.071000 227.793000 -99.214500 229.722000
-93.511700 230.819000 -91.616800 232.621000
-86.138400 232.764000 -84.242300 234.427000
-78.953000 233.774000 -77.069100 235.339000
-72.114300 234.070000 -70.250800 235.520000
-65.695300 234.082000 -63.840200 235.418000
-59.585200 234.093000 -57.739400 235.372000
-53.649500 234.267000 -51.809000 235.468000
-47.828700 234.685000 -45.995900 235.802000
-42.109700 235.348000 -40.275600 236.392000
-36.516500 236.243000 -34.670700 237.235000
-30.928000 237.349000 -29.075800 238.229000
-25.206400 238.575000 -23.365200 239.449000
-19.473300 239.999000 -17.678300 240.952000
-13.865400 241.811000 -12.053600 242.686000
-8.398430 243.967000 -6.551620 244.736000
-3.138300 246.366000 -1.260190 247.048000
3.471950 249.951000 5.398820 250.540000
8.235130 252.948000 10.254800 253.367000
13.749100 256.711000 15.920800 256.881000
18.557200 259.943000 20.807500 259.989000
23.465300 263.212000 25.807700 263.121000
28.337400 266.511000 30.722300 266.344000
33.067400 269.951000 35.476200 269.714000
37.619000 273.665000 40.103100 273.375000
42.011000 277.814000 44.503600 277.490000
46.857000 283.240000 49.431700 282.846000
50.678100 288.383000 53.347800 287.917000
54.285100 293.874000 57.085000 293.317000
57.844000 299.554000 60.776900 298.921000
61.454600 305.353000 64.474100 304.668000
64.834900 311.301000 67.940300 310.560000
67.697600 317.423000 70.936700 316.621000
70.064400 323.661000 73.408300 322.819000
72.239800 329.914000 75.711700 329.018000
74.153900 336.190000 77.708200 335.265000
75.962000 342.229000 79.686700 341.255000
77.905700 347.705000 81.751100 346.681000
79.571700 353.078000 83.542400 352.014000
80.487300 358.514000 84.541400 357.454000
80.422400 364.022000 84.647300 362.949000
79.683900 369.659000 84.093000 368.610000
78.961800 375.591000 83.552500 374.558000
78.236900 381.936000 82.970900 380.917000
77.453700 388.562000 82.373100 387.556000
76.381300 395.209000 81.528400 394.230000
74.947300 401.713000 80.250600 400.772000
73.300400 408.080000 78.752500 407.180000
71.452300 414.455000 77.016700 413.588000
69.555400 420.879000 75.301500 420.057000
67.582800 427.297000 73.484500 426.523000
65.692600 433.668000 71.746100 432.951000
63.918300 439.927000 70.087700 439.253000
62.235000 446.017000 68.536000 445.374000
60.588500 451.906000 67.025000 451.304000
58.959400 457.599000 65.588200 457.046000
57.323500 463.133000 64.080000 462.619000
55.706400 468.490000 62.619900 468.009000
54.196100 473.540000 61.273800 473.100000
52.805500 478.200000 60.063000 477.808000
51.412600 483.574000 58.842800 483.216000
50.812900 488.249000 58.427600 487.898000
50.978700 492.985000 58.798200 492.624000
52.334800 499.340000 60.431100 498.942000
54.048700 504.096000 62.285800 503.649000
56.330800 508.746000 64.673600 508.248000
59.236400 513.136000 67.655300 512.578000
62.774100 516.948000 71.302100 516.289000
66.781500 520.298000 75.428600 519.492000
72.067700 523.642000 80.791000 522.678000
77.153900 525.815000 85.950200 524.713000
83.683800 527.366000 92.507000 526.137000
90.686000 527.745000 99.522600 526.344000
96.892300 527.084000 105.697000 525.519000
103.153000 525.555000 111.878000 523.728000
109.362000 523.203000 118.040000 521.251000
115.524000 520.275000 124.163000 518.241000
121.856000 517.198000 130.395000 515.041000
128.358000 513.969000 136.860000 511.587000
135.027000 510.603000 143.433000 508.026000
141.927000 507.143000 150.207000 504.334000
149.083000 503.550000 157.246000 500.518000
156.448000 499.835000 164.482000 496.556000
163.964000 496.056000 171.869000 492.542000
171.492000 492.227000 179.281000 488.494000
179.042000 488.441000 186.738000 484.505000
186.535000 484.746000 194.121000 480.583000
193.959000 481.082000 201.416000 476.713000
201.204000 477.375000 208.576000 472.850000
208.185000 473.649000 215.463000 468.956000
214.577000 470.138000 221.793000 465.323000
220.383000 467.052000 227.540000 462.114000
226.038000 464.645000 233.161000 459.627000
231.845000 462.947000 238.936000 457.804000
237.775000 462.014000 244.827000 456.700000
243.922000 462.025000 250.960000 456.496000
250.154000 463.185000 257.215000 457.443000
256.291000 465.444000 263.445000 459.446000
262.167000 468.728000 269.423000 462.589000
267.665000 472.817000 275.019000 466.555000
272.957000 477.416000 280.441000 471.009000
278.074000 482.184000 285.686000 475.641000
283.007000 486.882000 290.779000 480.189000
288.479000 491.700000 296.380000 484.874000
293.652000 495.367000 301.619000 488.446000
299.973000 498.248000 308.055000 491.124000
305.095000 498.800000 313.219000 491.604000
309.375000 498.059000 317.486000 490.837000
314.243000 496.345000 322.351000 489.123000
318.242000 494.294000 326.333000 487.052000
321.692000 491.423000 329.725000 484.110000
324.128000 487.907000 332.149000 480.591000
325.902000 484.156000 333.870000 476.814000
327.136000 478.684000 335.065000 471.387000
327.083000 474.331000 334.922000 467.040000
325.911000 468.195000 333.709000 460.907000
324.271000 462.430000 332.098000 455.149000
322.428000 456.222000 330.295000 448.939000
320.700000 450.590000 328.533000 443.336000
318.882000 444.813000 326.672000 437.588000
317.026000 438.983000 324.757000 431.780000
315.106000 432.120000 322.745000 424.946000
313.851000 426.183000 321.442000 419.033000
313.101000 420.193000 320.639000 413.049000
312.851000 414.174000 320.382000 407.036000
313.048000 408.161000 320.526000 401.041000
313.646000 402.170000 321.007000 395.043000
314.583000 396.281000 321.870000 389.152000
315.779000 390.542000 322.963000 383.406000
317.106000 385.095000 324.215000 377.931000
318.502000 380.353000 325.601000 373.190000
319.716000 376.291000 326.860000 369.144000
320.548000 372.372000 327.731000 365.250000
320.586000 368.565000 327.718000 361.471000
318.978000 363.613000 326.138000 356.467000
315.688000 359.185000 322.878000 352.071000
311.183000 354.755000 318.324000 347.697000
306.605000 350.378000 313.758000 343.317000
301.671000 345.531000 308.794000 338.506000
297.312000 341.064000 304.390000 334.058000
292.306000 335.579000 299.283000 328.671000
287.765000 329.651000 294.647000 322.849000
284.368000 324.191000 291.125000 317.473000
281.254000 318.389000 287.836000 311.765000
278.276000 312.334000 284.692000 305.822000
275.261000 306.088000 281.543000 299.639000
272.150000 299.627000 278.342000 293.244000
268.928000 292.958000 275.035000 286.626000
264.728000 285.132000 270.692000 278.898000
260.702000 278.472000 266.476000 272.371000
256.506000 271.838000 262.137000 265.837000
252.174000 265.097000 257.698000 259.178000
247.697000 258.254000 253.111000 252.415000
243.193000 251.335000 248.419000 245.653000
238.557000 244.277000 243.667000 238.683000
233.763000 237.091000 238.744000 231.572000
228.838000 229.808000 233.682000 224.412000
223.819000 222.534000 228.533000 217.230000
218.752000 215.265000 223.317000 210.085000
213.762000 207.998000 218.212000 202.908000
208.894000 200.677000 213.201000 195.694000
204.178000 193.291000 208.328000 188.407000
199.740000 185.759000 203.737000 180.981000
195.568000 178.119000 199.458000 173.396000
191.624000 170.408000 195.341000 165.780000
187.815000 162.622000 191.315000 158.111000
184.094000 154.738000 187.384000 150.362000
180.398000 146.846000 183.478000 142.563000
176.795000 138.933000 179.628000 134.776000
173.137000 131.052000 175.800000 126.984000
169.204000 123.404000 171.670000 119.452000
164.779000 116.076000 167.016000 112.262000
159.843000 109.067000 161.819000 105.469000
154.586000 102.373000 156.346000 98.958600
149.065000 95.812200 150.670000 92.540200
143.290000 89.438900 144.727000 86.338200
137.315000 83.188500 138.562000 80.304200
131.294000 76.854800 132.298000 74.252800
125.224000 70.510100 126.130000 68.010700
119.104000 64.151200 119.908000 61.764000
112.861000 57.817200 113.568000 55.556500
106.495000 51.468900 107.078000 49.334400
100.126000 45.132500 100.584000 43.144800
93.739300 38.803800 94.103300 36.926700
87.415800 32.459000 87.664800 30.718000
81.123500 26.129400 81.254600 24.497500
74.890600 19.774800 74.909000 18.288700
68.630400 13.396500 68.530400 12.056700
62.314300 7.007370 62.156900 5.736230
56.091900 0.584754 55.775900 -0.542582
49.955700 -5.822350 49.403700 -6.712080
43.893000 -12.216500 43.119200 -12.944400
38.089500 -18.317400 37.223200 -18.971500
32.866800 -24.157300 31.868900 -24.704600
28.282800 -29.552800 27.158900 -29.990700
24.406500 -34.119100 23.130900 -34.435000
20.303300 -37.820900 19.001800 -38.092900
15.279400 -39.794800 13.937400 -40.031300
10.700500 -39.071200 9.313720 -39.337200
7.308940 -36.616900 5.962220 -36.829900
5.122510 -33.171600 3.863330 -33.322000
3.805570 -28.750900 2.673330 -28.857500
2.824130 -22.911900 1.751520 -23.011000
1.883220 -16.439000 0.812708 -16.556600
1.229060 -11.374200 0.184121 -11.504900
0.432975 -5.834560 -0.571768 -5.945320
-0.652500 -0.027238 -1.542300 -0.127307
-1.890710 4.783150 -2.631250 4.709120
