-0.000000 0.000000 -0.000000 0.000000
0.002038 3.941730 -0.001050 3.942680
0.007571 7.908780 -0.002220 7.906210
0.006781 11.904300 -0.012144 11.898300
-0.005852 15.930700 -0.035369 15.924300
0.005006 19.986700 -0.065825 19.978500
-0.007369 24.072100 -0.131797 24.062000
0.001962 28.194700 -0.154925 28.184000
0.006827 32.335300 -0.233160 32.323800
0.012119 36.507900 -0.363783 36.489300
0.019429 40.704400 -0.401625 40.685800
0.026224 44.928200 -0.486376 44.907800
0.033592 49.179600 -0.517026 49.159900
0.025370 53.457200 -0.605693 53.437800
0.013229 57.745500 -0.627766 57.723800
0.002764 62.027900 -0.638482 62.007000
-0.005954 66.289400 -0.721998 66.270500
-0.027023 70.530000 -0.768056 70.512100
-0.046776 74.742500 -0.735746 74.725200
-0.052873 78.935000 -0.706683 78.911900
-0.048388 83.097200 -0.742758 83.069000
-0.075180 87.250200 -0.794236 87.211300
-0.111047 91.375200 -0.851775 91.329800
-0.169705 95.460800 -0.901414 95.411500
-0.234406 99.515100 -0.981458 99.458100
-0.286760 103.546000 -1.074860 103.487000
-0.334309 107.565000 -1.147380 107.507000
-0.394315 111.577000 -1.178810 111.515000
-0.429590 115.560000 -1.278280 115.495000
-0.430614 119.561000 -1.283230 119.494000
-0.456074 123.624000 -1.325140 123.553000
-0.470849 127.692000 -1.333160 127.619000
-0.470125 131.756000 -1.367700 131.681000
-0.466120 135.815000 -1.339610 135.738000
-0.464181 139.863000 -1.389040 139.784000
-0.474702 143.910000 -1.287650 143.827000
-0.484415 147.954000 -1.310270 147.870000
-0.497985 151.992000 -1.264090 151.905000
-0.518837 156.033000 -1.297220 155.944000
-0.490889 160.079000 -1.332150 159.991000
-0.476780 164.130000 -1.371700 164.034000
-0.449484 168.200000 -1.397460 168.108000
-0.411154 172.284000 -1.439110 172.189000
-0.358878 176.409000 -1.368210 176.299000
-0.308999 181.921000 -1.393830 181.809000
-0.308728 187.499000 -1.550080 187.380000
-0.300756 193.121000 -1.704050 192.995000
-0.295505 197.381000 -1.743580 197.253000
-0.332199 201.657000 -1.863120 201.528000
-0.348136 205.970000 -1.931330 205.839000
-0.342964 210.323000 -1.954100 210.187000
-0.357581 214.714000 -2.016010 214.580000
-0.360488 219.142000 -2.097050 219.007000
-0.375507 223.589000 -2.114110 223.453000
-0.378527 228.060000 -2.239020 227.918000
-0.374570 232.542000 -2.311110 232.390000
-0.378408 237.045000 -2.468050 236.881000
-0.382092 241.571000 -2.593700 241.396000
-0.377078 246.123000 -2.654240 245.948000
-0.365894 250.696000 -2.765690 250.521000
-0.356528 255.288000 -2.847850 255.111000
-0.340799 259.900000 -2.889310 259.723000
-0.325374 264.511000 -3.006380 264.335000
-0.317394 269.138000 -0.075088 225.034000
-0.314040 273.765000 0.242381 229.652000
-0.306203 278.395000 0.490370 234.273000
-0.276490 283.050000 0.776578 238.918000
-0.217081 289.254000 1.230610 245.099000
-0.175311 295.501000 1.619500 251.333000
-0.149830 300.237000 1.921940 256.055000
-0.124580 305.010000 2.233410 260.812000
-0.096500 309.819000 2.554710 265.603000
-0.106523 314.668000 2.924450 270.436000
-0.105842 319.553000 3.226160 275.311000
-0.098831 324.440000 3.489030 280.184000
-0.084970 329.324000 3.814670 285.055000
-0.058449 334.189000 4.121400 289.911000
-0.045480 339.021000 4.412780 294.731000
-0.036810 343.853000 4.740570 299.550000
-0.037072 348.655000 5.025340 304.342000
-0.062771 353.446000 5.280920 309.125000
-0.097300 358.222000 5.512320 313.893000
-0.132221 362.989000 5.747100 318.653000
-0.166861 367.781000 5.974160 323.440000
-0.222998 372.615000 6.259220 328.265000
-0.262588 377.387000 6.533990 333.028000
-0.287793 382.220000 6.777550 337.854000
-0.311017 387.068000 7.040040 342.693000
-0.323800 391.936000 7.291030 347.553000
