0.000000 0.000000 0.000000 0.000000
-0.109050 0.919180 -0.129396 0.916510
-0.436624 1.979230 -0.485956 1.965820
-1.103630 3.142080 -1.206380 3.093640
-2.187840 4.215880 -2.297710 4.160830
-3.836960 5.057270 -3.957980 4.980790
-5.701360 5.401690 -5.815840 5.371180
-7.009090 5.424020 -7.120700 5.427140
-8.444610 5.353640 -8.558190 5.357360
-11.739400 5.025880 -11.857800 5.062780
-15.593700 4.630000 -15.719700 4.747980
-19.988300 4.223120 -20.124900 4.433460
-23.969500 3.908970 -24.108100 4.145290
-28.997600 3.492900 -29.135700 3.805240
-33.195200 3.123630 -33.329800 3.490360
-36.533500 2.843140 -36.667500 3.247060
-39.049200 2.638850 -39.184000 3.074570
-43.191400 2.290200 -43.329500 2.771640
-48.123300 1.890490 -48.267700 2.450900
-52.915900 1.416810 -53.064500 2.042810
-56.038100 1.110760 -56.192700 1.763490
-60.536600 0.662366 -60.696300 1.390930
-64.570500 0.320188 -64.725500 1.082380
-67.990500 0.345560 -68.141100 1.138270
-70.681700 1.080740 -70.805200 1.889670
-72.810700 2.601770 -72.929400 3.358680
-73.913300 3.911270 -74.038600 4.669970
-74.615100 5.155830 -74.695900 5.937670
-75.379900 7.151980 -75.435200 7.931090
-75.837000 8.874400 -75.855700 9.661350
-76.379000 11.415000 -76.417600 12.197400
-76.702700 13.494100 -76.727400 14.277700
-77.118700 17.218600 -77.134100 18.001000
-77.521100 21.843000 -77.501300 22.625200
-77.846100 26.421900 -77.781000 27.201200
-78.109700 30.192800 -78.000000 30.973600
-78.242300 32.464100 -78.115900 33.245000
-78.399300 34.776900 -78.226500 35.558300
-78.571500 37.143500 -78.375400 37.928000
-78.762700 39.546000 -78.543200 40.330500
-78.959900 42.030600 -78.704700 42.816400
-79.171300 44.578900 -78.893700 45.366500
-79.445300 48.031700 -79.123000 48.822100
-79.633900 50.656300 -79.263500 51.447600
-79.900400 54.113500 -79.475500 54.898900
-80.155600 57.526900 -79.650200 58.317000
-80.474000 61.695700 -79.933700 62.483200
-80.945200 66.559300 -80.338000 67.352400
-81.219200 68.948800 -80.558800 69.746900
-81.542300 71.291900 -80.843800 72.093700
-82.049100 74.343400 -81.313300 75.149500
-82.765600 78.069200 -81.942100 78.888700
-83.284100 80.281000 -82.433200 81.104600
-83.856400 82.430700 -82.886100 83.274500
-84.492800 84.584200 -83.557500 85.422700
-85.212300 86.715600 -84.319100 87.539400
-86.280300 89.521100 -85.340800 90.360700
-87.476300 92.318500 -86.514000 93.165200
-89.416400 96.465700 -88.395900 97.337100
-90.774900 99.219500 -89.723400 100.103000
-91.840000 101.277000 -90.768900 102.165000
-93.283200 103.960000 -92.163400 104.874000
-94.748200 106.547000 -93.588400 107.483000
-96.223200 109.068000 -94.999500 110.036000
-97.263400 110.814000 -96.043100 111.778000
-98.843500 113.406000 -97.552100 114.412000
-100.399000 115.861000 -99.058000 116.895000
-101.693000 117.657000 -100.261000 118.752000
-103.068000 119.116000 -101.625000 120.222000
-104.148000 119.838000 -102.649000 121.009000
-105.344000 120.328000 -103.821000 121.527000
-106.641000 120.599000 -105.101000 121.845000
-108.347000 120.591000 -106.793000 121.843000
-110.736000 119.969000 -109.192000 121.276000
-112.497000 119.062000 -110.971000 120.409000
-113.899000 118.107000 -112.406000 119.506000
-115.385000 116.989000 -113.912000 118.419000
-116.978000 115.737000 -115.538000 117.213000
-118.660000 114.366000 -117.237000 115.869000
-120.439000 112.893000 -119.050000 114.439000
-122.328000 111.322000 -120.974000 112.918000
-124.285000 109.650000 -122.991000 111.324000
-126.332000 107.914000 -125.102000 109.668000
-128.462000 106.101000 -127.294000 107.939000
-132.923000 102.303000 -131.825000 104.242000
-136.710000 99.108500 -135.689000 101.153000
-138.990000 97.182700 -137.941000 99.202900
-141.266000 95.262600 -140.250000 97.333700
-143.529000 93.337000 -142.541000 95.444500
-145.794000 91.410500 -144.838000 93.558500
-148.070000 89.503200 -147.146000 91.693400
-150.359000 87.606800 -149.476000 89.851800
-152.622000 85.718900 -151.759000 87.995000
-154.882000 83.832100 -154.041000 86.138400
-158.603000 80.703500 -157.809000 83.071700
-162.940000 76.994100 -162.249000 79.489700
-167.242000 73.372100 -166.631000 75.981000
-171.472000 69.905700 -170.929000 72.618300
-175.419000 66.698100 -174.896000 69.439600
-179.008000 63.712200 -178.569000 66.566200
-182.622000 60.545300 -182.281000 63.535000
-185.880000 57.000300 -185.660000 60.106700
-187.423000 53.694200 -187.276000 56.827600
-187.716000 50.330400 -187.656000 53.472300
-187.092000 47.667600 -187.093000 50.800800
-185.744000 45.217500 -185.831000 48.303400
-183.969000 42.859000 -184.119000 45.897900
-181.887000 40.344700 -182.116000 43.324300
-179.493000 37.459100 -179.783000 40.387000
-176.711000 34.142700 -177.165000 36.935700
-175.172000 32.296700 -175.715000 35.019800
-173.559000 30.363300 -174.180000 33.025400
-171.867000 28.346800 -172.570000 30.942300
-170.123000 26.259300 -170.953000 28.758300
-168.337000 24.097800 -169.251000 26.530400
-166.582000 21.908700 -167.615000 24.255900
-164.835000 19.714700 -165.942000 22.009800
-163.105000 17.573900 -164.267000 19.823500
-161.377000 15.429100 -162.612000 17.623300
-159.682000 13.303500 -160.970000 15.457300
-158.088000 11.153600 -159.426000 13.268500
-156.653000 8.940910 -158.020000 11.035600
-154.755000 5.066720 -156.195000 7.143440
-153.295000 0.164283 -154.798000 2.228120
-152.422000 -5.081770 -154.064000 -3.038240
-151.822000 -10.723400 -153.604000 -8.688190
-151.138000 -16.730000 -153.099000 -14.712200
-150.429000 -22.987800 -152.585000 -20.981800
-150.101000 -26.148100 -152.341000 -24.147000
-149.790000 -29.284800 -152.127000 -27.289100
-149.489000 -32.406100 -151.919000 -30.415300
-149.212000 -35.500300 -151.726000 -33.514300
-148.957000 -38.570700 -151.575000 -36.590900
-148.735000 -41.611800 -151.429000 -39.633100
-148.518000 -44.625500 -151.306000 -42.649400
-148.296000 -47.602600 -151.206000 -45.630500
-148.085000 -50.558400 -151.101000 -48.590100
-147.870000 -53.479700 -150.960000 -51.514100
-147.580000 -57.330200 -150.816000 -55.370200
-147.341000 -60.171600 -150.652000 -58.214600
-147.099000 -62.956500 -150.511000 -61.004300
-146.874000 -65.641900 -150.385000 -63.694400
-146.684000 -68.189000 -150.240000 -66.240800
-146.575000 -70.551000 -150.227000 -68.604500
-146.515000 -72.689400 -150.247000 -70.740600
-146.496000 -74.588600 -150.352000 -72.635700
-146.520000 -76.249200 -150.450000 -74.290200
-146.583000 -78.045600 -150.577000 -76.059700
-146.644000 -79.571900 -149.721000 -76.755200
-146.631000 -81.061600 -149.763000 -78.230600
-146.499000 -82.108100 -149.734000 -79.284700
-146.351000 -83.116700 -149.388000 -80.421400
-145.491000 -84.682600 -148.550000 -81.999200
-143.742000 -86.327200 -146.811000 -83.659600
-140.976000 -87.751400 -144.073000 -85.120700
-137.828000 -88.433300 -140.922000 -85.859600
-135.615000 -88.607500 -138.715000 -86.090700
-133.180000 -88.696600 -136.286000 -86.260200
-130.552000 -88.680500 -133.659000 -86.286800
-127.724000 -88.575700 -130.830000 -86.277300
-124.683000 -88.464300 -127.793000 -86.225900
-121.460000 -88.294300 -124.568000 -86.154000
-118.087000 -88.040500 -121.190000 -86.042300
-114.579000 -87.745100 -117.676000 -85.861500
-110.975000 -87.438700 -114.063000 -85.725500
-107.386000 -87.146800 -110.468000 -85.573500
-103.821000 -86.859700 -106.897000 -85.436800
-100.262000 -86.572000 -103.331000 -85.289400
-96.736100 -86.293900 -99.797500 -85.195200
-93.228900 -86.017500 -96.282200 -85.105200
-89.760800 -85.757500 -92.807900 -84.997500
-86.314300 -85.511300 -89.355900 -84.901700
-82.904800 -85.266600 -85.942700 -84.805100
-79.525800 -84.982800 -82.560600 -84.626400
-76.174900 -84.685000 -79.201400 -84.464300
-72.849600 -84.375500 -75.866500 -84.299100
-69.556400 -84.051600 -72.566400 -84.108600
-66.269800 -83.744200 -69.271000 -83.941000
-62.988500 -83.463900 -65.981500 -83.824200
-59.725300 -83.192300 -62.712300 -83.687100
-56.511900 -82.928700 -59.494100 -83.548000
-53.288000 -82.677800 -56.264800 -83.440600
-50.102400 -82.423800 -53.073300 -83.323900
-46.961300 -82.161700 -49.924700 -83.208800
-43.795000 -81.913100 -46.754700 -83.060900
-40.605800 -81.669600 -43.559500 -82.970000
-37.447000 -81.429200 -40.394900 -82.857700
-34.324100 -81.178500 -37.268900 -82.717700
-29.182000 -80.790000 -32.127500 -82.508300
-26.142500 -80.579600 -29.084700 -82.404800
-23.123100 -80.380100 -26.064200 -82.294200
-18.265500 -80.056000 -21.205800 -82.127700
-13.048000 -79.657700 -15.975500 -81.965600
-8.577030 -79.159000 -11.494500 -81.673100
-4.940330 -78.407300 -7.807090 -81.102200
-1.921730 -77.287100 -4.733580 -80.133000
0.520539 -75.581600 -2.229960 -78.566700
2.211270 -73.299100 -0.368378 -76.403900
2.915640 -71.511800 0.359822 -74.620900
3.332790 -69.610100 0.842784 -72.746700
3.551080 -67.575700 1.117370 -70.718800
3.647770 -65.950300 1.296450 -69.101700
3.677310 -64.185000 1.397310 -67.339400
3.556390 -60.209600 1.438660 -63.366800
3.375740 -56.493700 1.439820 -59.672300
3.243100 -54.203500 1.391940 -57.378400
3.069800 -51.907200 1.364360 -55.078600
2.871710 -49.612300 1.266640 -52.779600
2.690260 -47.318700 1.164820 -50.482200
2.514620 -45.039700 1.080250 -48.198000
2.336490 -42.787000 1.010300 -45.940600
2.128160 -39.853300 0.899293 -43.001800
1.975410 -37.753800 0.845889 -40.898700
1.766670 -34.458200 0.738645 -37.598500
1.645580 -32.544500 0.680160 -35.681600
1.524720 -30.674500 0.593930 -33.816700
1.412390 -28.840300 0.530118 -31.985100
1.267690 -26.430700 0.443294 -29.575600
1.152070 -24.646900 0.334510 -27.791600
1.022810 -22.898500 0.288821 -26.040200
0.886782 -21.212700 0.206789 -24.351400
0.766710 -19.619900 0.146790 -22.755800
0.667367 -18.132000 0.122504 -21.265600
0.475696 -15.464900 0.069529 -18.599200
0.331922 -13.474400 0.038027 -16.616500
0.256120 -11.896700 0.022461 -15.041100
0.183954 -10.398100 0.005985 -13.545400
0.065435 -8.947690 -0.087056 -12.091500
-0.105571 -7.549920 -0.180223 -10.683800
-0.260514 -6.188840 -0.293498 -9.320230
-0.376189 -4.833850 -0.329129 -7.959670
-0.440851 -3.181640 -0.332155 -6.306360
-0.492906 -1.206880 -0.326758 -4.334660
-0.473736 1.088900 -0.253995 -2.042070
-0.369629 2.281510 -0.152503 -0.850270
-0.521258 4.545800 -0.286265 1.418580
-1.032010 6.626420 -0.773951 3.505860
-1.485320 8.521080 -1.166510 5.412000
