1 1.19763e-11 1.70464e-10 0 1.19763e-11 1 3.5625e-10 -1.11022e-16 1.70464e-10 3.5625e-10 1 2.22045e-16 
0.999998 -0.000407849 0.001835 0.0178502 0.00040811 1 -0.000141947 -0.0451786 -0.00183494 0.000142696 0.999998 2.39085 
0.999993 -0.00211367 0.0031148 0.0198103 0.00211168 0.999998 0.000643432 -0.0967925 -0.00311615 -0.00063685 0.999995 4.77393 
0.999984 -0.00205475 0.00532992 0.00798521 0.00205547 0.999998 -0.00012909 -0.142907 -0.00532965 0.000140043 0.999986 7.16446 
0.999974 -0.0025891 0.00680039 0.00445826 0.00258339 0.999996 0.000849013 -0.181128 -0.00680256 -0.000831422 0.999977 9.54876 
0.999987 -0.00404458 0.00317561 0.0101173 0.00404044 0.999991 0.00130976 -0.225286 -0.00318088 -0.00129691 0.999994 11.9354 
0.999991 -0.00414452 0.000312887 -0.0162439 0.0041444 0.999991 0.000388558 -0.261818 -0.000314495 -0.000387257 1 14.3188 
0.999996 -0.00279211 -0.000437415 -0.0445835 0.00279224 0.999996 0.000299684 -0.303184 0.000436577 -0.000300904 1 16.7044 
0.999993 -0.00352638 -0.00130475 -0.0540743 0.00352749 0.999993 0.000849642 -0.343256 0.00130175 -0.000854239 0.999999 19.093 
0.999991 -0.00336608 -0.00240762 -0.0671022 0.00336382 0.999994 -0.000942794 -0.382369 0.00241078 0.000934687 0.999997 21.4801 
0.999987 -0.00316067 -0.00397129 -0.0930872 0.00315864 0.999995 -0.000516125 -0.426303 0.0039729 0.000503574 0.999992 23.8705 
0.999977 -0.00322327 -0.00592878 -0.115079 0.00322105 0.999995 -0.000384115 -0.474772 0.00592999 0.00036501 0.999982 26.2609 
0.999959 -0.00474152 -0.0076738 -0.133312 0.00475278 0.999988 0.00144916 -0.514988 0.00766684 -0.00148557 0.99997 28.6551 
0.999925 -0.00725751 -0.00984606 -0.162866 0.00725425 0.999974 -0.000366169 -0.557614 0.00984846 0.000294716 0.999951 31.0406 
0.999909 -0.00761896 -0.0111476 -0.199868 0.00762297 0.999971 0.000317057 -0.603485 0.0111448 -0.000402006 0.999938 33.4459 
0.999878 -0.0091392 -0.0126908 -0.239902 0.00914963 0.999958 0.000764276 -0.651747 0.0126833 -0.000880298 0.999919 35.8382 
0.999846 -0.0112088 -0.0134825 -0.282716 0.0112275 0.999936 0.00131191 -0.688742 0.0134669 -0.00146308 0.999908 38.2286 
0.999858 -0.0107693 -0.0129598 -0.331423 0.0108155 0.999935 0.00349915 -0.728411 0.0129213 -0.00363882 0.99991 40.6263 
0.999863 -0.0102485 -0.0130025 -0.380147 0.0102911 0.999942 0.00321683 -0.766678 0.0129688 -0.0033502 0.99991 43.0183 
0.999908 -0.00804039 -0.0109348 -0.429326 0.00812853 0.999935 0.00803972 -0.797339 0.0108694 -0.00812787 0.999908 45.419 
0.999938 -0.00800332 -0.00773682 -0.470468 0.00811335 0.999865 0.0142964 -0.812937 0.00762136 -0.0143583 0.999868 47.821 
0.999927 -0.0109497 -0.00520083 -0.501951 0.0110233 0.999837 0.0143313 -0.823785 0.00504306 -0.0143875 0.999884 50.2234 
0.999944 -0.00995696 -0.00352017 -0.523992 0.00999999 0.999873 0.0124261 -0.835037 0.00339599 -0.0124606 0.999917 52.6264 
0.999932 -0.0108838 -0.00429382 -0.548569 0.0109311 0.999878 0.0111553 -0.860158 0.00417188 -0.0112015 0.999929 55.0386 
0.999932 -0.00995165 -0.00600899 -0.595513 0.0100293 0.999865 0.0130347 -0.882169 0.00587846 -0.0130941 0.999897 57.4519 
0.999933 -0.00974666 -0.00630598 -0.620185 0.0098297 0.999864 0.013275 -0.889057 0.00617573 -0.0133361 0.999892 58.6568 
0.999929 -0.00906906 -0.00767007 -0.648937 0.00916677 0.999876 0.0128016 -0.89988 0.00755302 -0.012871 0.999889 61.0677 
0.999905 -0.0111654 -0.00802135 -0.683879 0.0112557 0.999873 0.0112963 -0.914956 0.0078942 -0.0113855 0.999904 63.4742 
0.999912 -0.0107759 -0.00778612 -0.713916 0.0108704 0.999867 0.012196 -0.916273 0.00765365 -0.0122796 0.999895 64.6741 
0.999901 -0.0113477 -0.00828437 -0.725245 0.011461 0.99984 0.0137571 -0.926785 0.00812693 -0.0138507 0.999871 65.8769 
0.999925 -0.00925816 -0.00796447 -0.770552 0.00934578 0.999895 0.0110363 -0.941936 0.00786147 -0.0111099 0.999907 68.2698 
0.99994 -0.00724283 -0.00822894 -0.786871 0.00733784 0.999906 0.0115746 -0.954476 0.00814434 -0.0116343 0.999899 69.4644 
0.999963 -0.00373832 -0.00773273 -0.819121 0.00383012 0.999922 0.0118916 -0.966907 0.00768767 -0.0119207 0.999899 71.8436 
0.999991 -5.02945e-05 -0.00421227 -0.83107 0.000106172 0.999912 0.0132663 -0.972374 0.00421123 -0.0132666 0.999903 74.2148 
0.99999 -0.00434609 0.000569886 -0.833022 0.00434256 0.999972 0.00606072 -0.99106 -0.00059621 -0.00605818 0.999981 76.5689 
0.999972 -0.00451059 0.00602887 -0.84419 0.00445541 0.999948 0.00913585 -1.01807 -0.00606977 -0.00910873 0.99994 78.9216 
0.999948 -0.0037373 0.0095246 -0.841206 0.00363795 0.999939 0.0104272 -1.03295 -0.00956298 -0.010392 0.9999 80.0963 
0.999903 -0.0029163 0.0135903 -0.835362 0.00279802 0.999958 0.00871444 -1.04666 -0.0136152 -0.00867558 0.99987 81.2633 
0.999854 -0.00417929 0.0165866 -0.809522 0.00408508 0.999975 0.00570986 -1.06306 -0.0166101 -0.00564126 0.999846 82.4297 
0.99978 -0.00368455 0.0206436 -0.802793 0.00363979 0.999991 0.00220568 -1.07602 -0.0206515 -0.00213006 0.999784 83.5886 
0.999707 -0.00553473 0.0235494 -0.771107 0.00550352 0.999984 0.00138955 -1.09779 -0.0235568 -0.00125954 0.999722 84.7486 
0.999507 -0.00542171 0.0309383 -0.7222 0.00531104 0.999979 0.00365809 -1.13469 -0.0309575 -0.00349198 0.999515 87.0634 
0.999263 -0.00592996 0.0379137 -0.647129 0.00596948 0.999982 -0.000929245 -1.16682 -0.0379075 0.00115489 0.999281 89.3644 
0.998993 -0.00689571 0.0443371 -0.56647 0.00690602 0.999976 -7.93338e-05 -1.20874 -0.0443355 0.000385447 0.999017 91.6672 
0.998864 -0.00815319 0.0469512 -0.51482 0.00809304 0.999966 0.00147103 -1.23136 -0.0469616 -0.00108938 0.998896 92.8219 
0.998745 -0.00980546 0.0491132 -0.456968 0.00965583 0.999948 0.00328289 -1.25093 -0.0491429 -0.00280454 0.998788 93.9773 
0.998461 -0.0124225 0.0540503 -0.34994 0.0123245 0.999922 0.00214696 -1.29123 -0.0540728 -0.00147752 0.998536 96.2871 
0.998299 -0.0140615 0.0565761 -0.297178 0.0141637 0.999899 -0.00140663 -1.30989 -0.0565506 0.00220556 0.998397 97.4452 
0.998044 -0.012381 0.0612772 -0.194521 0.0127196 0.999906 -0.00513935 -1.3519 -0.0612078 0.00590872 0.998108 99.7639 
0.998066 -0.012212 0.0609505 -0.0671078 0.0124031 0.999919 -0.00275802 -1.39649 -0.0609119 0.00350866 0.998137 102.118 
0.998266 -0.0128044 0.0574481 0.0746738 0.0128555 0.999917 -0.00052073 -1.43634 -0.0574367 0.00125835 0.998348 104.492 
0.998587 -0.0122058 0.0517293 0.198409 0.0122256 0.999925 -6.64971e-05 -1.47714 -0.0517246 0.000698826 0.998661 106.891 
0.998946 -0.00996502 0.0447976 0.269552 0.00999276 0.99995 -0.000395404 -1.51073 -0.0447914 0.000842639 0.998996 109.302 
0.999285 -0.00912917 0.0366814 0.34126 0.00908374 0.999958 0.00140514 -1.55196 -0.0366927 -0.00107093 0.999326 111.728 
0.999586 -0.00846007 0.0274882 0.394174 0.00840735 0.999963 0.00203293 -1.59047 -0.0275044 -0.00180098 0.99962 114.165 
0.999818 -0.00612926 0.0180451 0.421263 0.00610617 0.99998 0.00133409 -1.62097 -0.018053 -0.00122366 0.999836 116.604 
0.99995 -0.0037129 0.00926213 0.459727 0.00370794 0.999993 0.000552584 -1.65888 -0.00926411 -0.000518213 0.999957 119.056 
0.999981 -0.000306846 0.00611554 0.457552 0.000305406 1 0.00023629 -1.69619 -0.00611562 -0.000234418 0.999981 121.521 
0.999986 0.00299574 0.00428031 0.443937 -0.00300134 0.999995 0.00130329 -1.73833 -0.00427639 -0.00131612 0.99999 124.007 
0.999971 0.0069618 0.00302861 0.436473 -0.00697312 0.999969 0.00374371 -1.77356 -0.00300245 -0.00376472 0.999988 126.494 
0.999973 0.00692537 0.00235902 0.419798 -0.00694038 0.999955 0.00641434 -1.79864 -0.00231449 -0.00643054 0.999977 128.996 
0.99999 0.00412231 0.00183616 0.401174 -0.00413247 0.999976 0.00556675 -1.81774 -0.00181316 -0.00557429 0.999983 131.499 
0.999998 -0.00164332 0.000688967 0.392178 0.001637 0.999958 0.00906848 -1.83445 -0.00070384 -0.00906733 0.999959 134.02 
0.999972 -0.00745544 0.000346625 0.403356 0.00745231 0.999938 0.00828937 -1.85424 -0.000408404 -0.00828655 0.999966 136.548 
0.999936 -0.0113341 0.000518997 0.398649 0.0113302 0.999911 0.00709597 -1.87878 -0.000599377 -0.00708963 0.999975 139.085 
0.999932 -0.0115943 0.00111572 0.396907 0.0115831 0.999887 0.00957245 -1.90318 -0.00122658 -0.00955887 0.999954 141.634 
0.99996 -0.00878722 0.00192933 0.386082 0.00876512 0.999899 0.0111796 -1.91634 -0.00202737 -0.0111623 0.999936 142.908 
0.99996 -0.00852421 0.00285617 0.393226 0.00850276 0.999936 0.00743923 -1.9389 -0.0029194 -0.00741465 0.999968 145.454 
0.999953 -0.00883836 0.00409186 0.381903 0.00883468 0.999961 0.0009187 -1.97708 -0.00409981 -0.000882506 0.999991 147.994 
0.999945 -0.00942668 0.0046194 0.386706 0.00944293 0.999949 -0.00350833 -2.0267 -0.0045861 0.00355176 0.999983 150.527 
0.999953 -0.00834047 0.00493356 0.378611 0.00835432 0.999961 -0.00279346 -2.0817 -0.00491007 0.00283455 0.999984 153.056 
0.999968 -0.00639588 0.00475138 0.360943 0.00640155 0.999979 -0.00117974 -2.13303 -0.00474373 0.00121012 0.999988 155.583 
0.999976 -0.00581842 0.00362705 0.359362 0.00582334 0.999982 -0.00134652 -2.17871 -0.00361915 0.00136761 0.999993 158.109 
0.999984 -0.00491749 0.00273167 0.344578 0.00491708 0.999988 0.000159645 -2.22234 -0.00273243 -0.00014621 0.999996 160.636 
0.999992 -0.00381884 0.00143638 0.32901 0.00382173 0.999991 -0.00201292 -2.26932 -0.00142868 0.0020184 0.999997 163.162 
0.999994 -0.0034315 0.000133338 0.324931 0.00343187 0.99999 -0.00288216 -2.3208 -0.000123447 0.0028826 0.999996 165.685 
0.999996 -0.00272122 -0.0011798 0.304995 0.00271709 0.99999 -0.00348588 -2.37874 0.00118927 0.00348266 0.999993 168.212 
0.99999 -0.00320359 -0.00307807 0.29229 0.00319796 0.999993 -0.00183367 -2.43046 0.00308392 0.00182381 0.999994 170.741 
0.999986 -0.00327315 -0.00415111 0.286935 0.00326649 0.999993 -0.00161009 -2.45228 0.00415635 0.00159651 0.99999 172.007 
0.999982 -0.00296984 -0.00526634 0.283183 0.00296378 0.999995 -0.00115724 -2.48091 0.00526975 0.00114161 0.999985 173.271 
0.999974 -0.0020351 -0.00698172 0.255856 0.00201889 0.999995 -0.0023273 -2.54036 0.00698642 0.00231314 0.999973 175.795 
0.999961 -0.00299804 -0.0083256 0.230514 0.00297164 0.999991 -0.00318209 -2.58759 0.00833506 0.00315723 0.99996 178.324 
0.999925 -0.0080435 -0.00919211 0.213324 0.0080006 0.999957 -0.00469421 -2.64187 0.00922947 0.00462032 0.999947 180.844 
0.999915 -0.00858374 -0.00984452 0.179282 0.0086178 0.999957 0.00342274 -2.69969 0.00981471 -0.00350729 0.999946 183.368 
0.999935 -0.00618328 -0.00958039 0.135501 0.00618077 0.999981 -0.000290885 -2.74598 0.00958201 0.000231652 0.999954 185.876 
0.999933 -0.00597097 -0.00987347 0.0975787 0.00595175 0.99998 -0.00197531 -2.79476 0.00988507 0.00191642 0.999949 188.375 
0.999934 -0.00585297 -0.00984611 0.0690573 0.0058665 0.999982 0.00134617 -2.84572 0.00983805 -0.00140385 0.999951 190.872 
0.999948 -0.00613371 -0.0081723 0.0529384 0.00614582 0.99998 0.00145823 -2.8901 0.0081632 -0.00150838 0.999966 193.34 
0.999962 -0.00664527 -0.00562862 0.0519017 0.00663576 0.999977 -0.00170693 -2.92354 0.00563983 0.00166952 0.999983 195.799 
0.999967 -0.00756506 -0.00286121 0.0243829 0.00756061 0.99997 -0.00156289 -2.97811 0.00287295 0.00154121 0.999995 198.235 
0.999971 -0.00754468 -0.000910227 0.0161598 0.00754541 0.999971 0.000802889 -3.02782 0.000904143 -0.000809734 0.999999 200.657 
0.999974 -0.00721298 0.000639946 0.00152676 0.00721236 0.999974 0.000958653 -3.05523 -0.000646843 -0.000954013 0.999999 201.86 
0.999973 -0.0071349 0.00186744 0.023289 0.00713283 0.999974 0.00110965 -3.09326 -0.00187531 -0.0010963 0.999998 204.24 
0.999974 -0.00639735 0.00323135 0.036218 0.0063942 0.999979 0.000985271 -3.13568 -0.00323759 -0.000964584 0.999994 206.588 
0.999966 -0.00715678 0.00411686 0.0340755 0.00714948 0.999973 0.00178684 -3.18202 -0.00412954 -0.00175734 0.99999 208.889 
0.99997 -0.00677889 0.00374908 0.0241611 0.00676913 0.999974 0.00261072 -3.22602 -0.00376667 -0.00258526 0.99999 211.133 
0.999976 -0.00628273 0.00293372 0.0104233 0.00628037 0.99998 0.000813323 -3.2703 -0.00293878 -0.000794878 0.999995 213.312 
0.999973 -0.00732791 0.000747659 0.010904 0.00732762 0.999973 0.000378872 -3.30774 -0.000750415 -0.000373383 1 215.444 
0.999964 -0.00813814 -0.00240117 -0.0106058 0.00814449 0.999963 0.00264701 -3.34874 0.00237954 -0.00266647 0.999994 217.525 
0.999955 -0.00696495 -0.00648899 -0.043592 0.00699413 0.999965 0.00448509 -3.39387 0.00645752 -0.00453027 0.999969 219.552 
0.999893 -0.00685544 -0.0129482 -0.0674217 0.00691166 0.999967 0.00430241 -3.43102 0.0129182 -0.00439144 0.999907 221.5 
0.999789 -0.00671399 -0.0193957 -0.102846 0.00680749 0.999966 0.0047584 -3.4746 0.0193631 -0.00488944 0.999801 223.358 
0.99964 -0.00700784 -0.0258967 -0.153784 0.0071047 0.999968 0.00365009 -3.51096 0.0258703 -0.00383276 0.999658 225.128 
0.999471 -0.00533964 -0.0320804 -0.220225 0.00543076 0.999981 0.00275393 -3.54477 0.0320651 -0.00292669 0.999481 226.812 
0.999396 -0.00214259 -0.034672 -0.296067 0.00225815 0.999992 0.00329431 -3.58078 0.0346647 -0.00337061 0.999393 228.419 
0.999447 -0.00135339 -0.0332274 -0.371169 0.00151719 0.999987 0.00490501 -3.6094 0.0332203 -0.00495271 0.999436 229.954 
0.999467 -0.000851576 -0.032627 -0.42832 0.000935325 0.999996 0.0025517 -3.63787 0.0326247 -0.00258085 0.999464 231.427 
0.999541 -0.00058509 -0.0302761 -0.486925 0.000554434 0.999999 -0.00102093 -3.66429 0.0302767 0.00100368 0.999541 232.88 
0.999634 -0.000503711 -0.0270626 -0.534376 0.000458029 0.999998 -0.00169421 -3.69281 0.0270634 0.00168119 0.999632 234.32 
0.999723 -0.000941469 -0.0235261 -0.571357 0.000898008 0.999998 -0.00185782 -3.72333 0.0235278 0.00183617 0.999721 235.744 
0.999828 -0.00102569 -0.0185289 -0.604962 0.00099622 0.999998 -0.00159975 -3.75442 0.0185305 0.00158102 0.999827 237.154 
0.99992 -0.00285539 -0.0122896 -0.630115 0.00284918 0.999996 -0.000522755 -3.78333 0.0122911 0.000487698 0.999924 238.551 
0.999975 -0.00346164 -0.0062156 -0.647528 0.00345781 0.999994 -0.000627913 -3.81391 0.00621774 0.000606404 0.99998 239.931 
0.999997 -0.00237398 3.67862e-05 -0.660839 0.00237404 0.999995 -0.00188942 -3.83915 -3.23006e-05 0.00188951 0.999998 241.308 
0.99998 -0.00243544 0.00587946 -0.663543 0.00244407 0.999996 -0.00146082 -3.86703 -0.00587588 0.00147516 0.999982 242.698 
0.99994 -0.00290589 0.0105344 -0.657416 0.00291729 0.999995 -0.00106728 -3.89234 -0.0105313 0.00109795 0.999944 244.104 
0.999887 -0.00221759 0.0148504 -0.652768 0.00229251 0.999985 -0.00502968 -3.918 -0.014839 0.00506316 0.999877 245.516 
0.999873 -0.00385324 0.0154537 -0.64185 0.00395597 0.99997 -0.0066228 -3.93038 -0.0154278 0.0066831 0.999859 246.231 
0.999871 -0.0041343 0.0155308 -0.632178 0.00424417 0.999966 -0.00704759 -3.94417 -0.0155011 0.00711259 0.999855 246.953 
0.999868 -0.00282734 0.0159785 -0.644467 0.00294341 0.999969 -0.00724516 -3.99929 -0.0159575 0.00729124 0.999846 248.414 
0.999859 -0.00289288 0.0165457 -0.633063 0.0030506 0.99995 -0.00951529 -4.03636 -0.0165173 0.00956442 0.999818 249.901 
0.9998 -0.0102019 0.0172193 -0.596915 0.0104177 0.999868 -0.0124917 -4.07286 -0.0170896 0.0126686 0.999774 251.417 
0.999805 -0.00721516 0.0183842 -0.599537 0.00737611 0.999935 -0.00870219 -4.08424 -0.0183203 0.0088361 0.999793 252.191 
0.999813 -0.0026666 0.0191448 -0.594356 0.00271716 0.999993 -0.00261571 -4.10317 -0.0191377 0.00266724 0.999813 252.976 
0.99974 -0.00410863 0.0224369 -0.568201 0.00413817 0.999991 -0.00127054 -4.12925 -0.0224315 0.00136306 0.999747 254.554 
0.999544 -0.00122495 0.0301766 -0.535089 0.00156636 0.999935 -0.0112928 -4.14884 -0.0301608 0.0113349 0.999481 256.159 
0.999334 -0.0013502 0.0364538 -0.485285 0.00167055 0.99996 -0.00875899 -4.19012 -0.0364405 0.00881406 0.999297 257.805 
0.999102 -0.00705393 0.0417878 -0.40765 0.00722551 0.999966 -0.00395629 -4.22654 -0.0417585 0.00425468 0.999119 259.477 
0.99887 -0.00481884 0.0472854 -0.347323 0.00508107 0.999972 -0.00542714 -4.26507 -0.0472579 0.00566127 0.998867 261.15 
0.998629 -0.00470754 0.0521378 -0.273717 0.00511694 0.999957 -0.00772168 -4.29985 -0.0520993 0.00797788 0.99861 262.827 
0.998323 -0.0023764 0.0578394 -0.18545 0.0026032 0.999989 -0.00384605 -4.34594 -0.0578297 0.00399016 0.998318 264.508 
0.997973 -0.000899129 0.0636247 -0.0992824 0.00117857 0.99999 -0.00435467 -4.38054 -0.0636201 0.00442083 0.997964 266.186 
0.997667 -0.00581296 0.068017 0.0125927 0.00610461 0.999973 -0.0040809 -4.41479 -0.0679914 0.00448659 0.997676 267.877 
0.997589 -0.00814777 0.0689238 0.130381 0.00844629 0.999956 -0.00404087 -4.45229 -0.0688878 0.00461327 0.997614 269.571 
0.997552 -0.00878107 0.0693725 0.237754 0.0090277 0.999954 -0.00324245 -4.48793 -0.0693408 0.00386079 0.997586 271.277 
0.997654 -0.00888063 0.0678852 0.347043 0.00915005 0.999951 -0.00365883 -4.52682 -0.0678494 0.0042714 0.997686 272.987 
0.997873 -0.00732575 0.0647725 0.436457 0.00768181 0.999957 -0.00524974 -4.56501 -0.0647313 0.00573615 0.997886 274.696 
0.997985 -0.00652216 0.063116 0.485582 0.00688077 0.999961 -0.005466 -4.58924 -0.0630779 0.00588927 0.997991 275.549 
0.998245 -0.00526547 0.0589922 0.576881 0.00556657 0.999972 -0.00494095 -4.63826 -0.0589645 0.00526066 0.998246 277.245 
0.998608 -0.00673751 0.0523106 0.650963 0.006817 0.999976 -0.00134121 -4.67056 -0.0523003 0.00169594 0.99863 278.937 
0.999028 -0.00787222 0.0433773 0.711692 0.00780244 0.999968 0.00177778 -4.7079 -0.0433899 -0.0014376 0.999057 280.608 
0.999394 -0.00915411 0.0335874 0.752318 0.00906181 0.999955 0.00289938 -4.74168 -0.0336124 -0.00259326 0.999432 282.22 
0.99965 -0.010254 0.0243961 0.790302 0.0101931 0.999945 0.00261821 -4.77262 -0.0244216 -0.00236862 0.999699 283.803 
0.999824 -0.00916091 0.0163683 0.822666 0.00912664 0.999956 0.00216721 -4.79679 -0.0163874 -0.00201744 0.999864 285.323 
0.999911 -0.0102731 0.00850945 0.825785 0.0102607 0.999946 0.00149932 -4.83109 -0.0085244 -0.00141187 0.999963 286.771 
0.999969 -0.00739559 -0.00275017 0.811103 0.00738957 0.99997 -0.00219047 -4.85822 0.00276629 0.00217007 0.999994 288.126 
0.999735 -0.00708286 -0.0218837 0.778276 0.00697015 0.999962 -0.00522252 -4.88994 0.0219199 0.0050686 0.999747 289.415 
0.998612 -0.00637909 -0.0522802 0.707764 0.00613386 0.999969 -0.00484976 -4.92791 0.0523095 0.00452235 0.998621 290.653 
0.995519 -0.00246888 -0.0945335 0.570702 0.00207243 0.999989 -0.00429173 -4.96166 0.094543 0.00407659 0.995512 291.837 
0.989118 0.000292243 -0.147127 0.369847 -0.000946372 0.99999 -0.00437605 -4.98596 0.147124 0.00446766 0.989108 292.967 
0.977539 0.00185277 -0.210745 0.108305 -0.00225193 0.999996 -0.00165407 -5.0176 0.210741 0.0020915 0.97754 294.029 
0.958696 0.0032331 -0.284415 -0.202887 -0.00263893 0.999993 0.00247226 -5.04365 0.284422 -0.0016196 0.958698 295.027 
0.932135 0.00568637 -0.362066 -0.600943 -0.00357161 0.999972 0.00650986 -5.06045 0.362093 -0.00477491 0.93213 295.943 
0.896036 0.00441636 -0.443959 -1.08115 -0.000391053 0.999958 0.00915801 -5.06996 0.443981 -0.0080323 0.896 296.822 
0.846986 -0.00087527 -0.531615 -1.55343 0.0074344 0.99992 0.0101984 -5.06633 0.531564 -0.0125901 0.846925 297.62 
0.787082 0.000481938 -0.616849 -2.15979 0.00830654 0.999901 0.0113801 -5.06646 0.616793 -0.014081 0.786999 298.33 
0.713234 -0.00239374 -0.700922 -2.81019 0.0151697 0.999813 0.0120217 -5.05812 0.700762 -0.0192071 0.713136 298.975 
0.624932 -0.00185849 -0.780677 -3.6085 0.0230689 0.999604 0.016087 -5.05508 0.780338 -0.0280627 0.624728 299.46 
0.5212 0.00812449 -0.853396 -4.37815 0.0164056 0.999675 0.0195366 -5.05045 0.853277 -0.0241829 0.520897 299.879 
0.410133 0.0150402 -0.911902 -5.18849 0.0116621 0.999696 0.0217333 -5.05789 0.911951 -0.0195482 0.409833 300.151 
0.235543 0.0242292 -0.971562 -6.42092 0.0156467 0.999465 0.0287184 -5.04792 0.971738 -0.0219661 0.235038 300.376 
0.108305 0.0316414 -0.993614 -7.27132 0.0174669 0.999278 0.0337257 -5.04249 0.993964 -0.021008 0.107674 300.425 
-0.0210362 0.0441345 -0.998804 -8.15199 0.019368 0.998856 0.0437288 -5.0258 0.999591 -0.0184249 -0.0218669 300.302 
-0.154903 0.0578608 -0.986234 -9.07948 0.0230369 0.998224 0.054946 -5.00536 0.987661 -0.0142084 -0.155961 300.096 
-0.28453 0.0684018 -0.956224 -10.0189 0.0301089 0.997597 0.0624023 -4.97296 0.958194 -0.0110356 -0.285905 299.746 
-0.404457 0.0725677 -0.911673 -10.9309 0.0364657 0.997334 0.0632084 -4.94575 0.91383 -0.00767976 -0.406025 299.269 
-0.510507 0.0737076 -0.856709 -11.8276 0.0405564 0.997274 0.061634 -4.90026 0.858917 -0.00328051 -0.512105 298.651 
-0.599579 0.0768517 -0.796617 -12.643 0.0453823 0.997042 0.0620299 -4.87175 0.799028 0.0010395 -0.601293 298.046 
-0.673817 0.0882135 -0.733614 -13.5767 0.0588763 0.996101 0.065699 -4.81063 0.736549 0.00107663 -0.676383 297.169 
-0.740646 0.0956504 -0.665052 -14.4582 0.0680591 0.995404 0.0673678 -4.74786 0.66844 0.00463279 -0.743752 296.105 
-0.798083 0.091415 -0.595573 -15.2963 0.0702548 0.9958 0.0587029 -4.69753 0.598438 0.00500795 -0.801154 294.909 
-0.846811 0.084907 -0.525073 -16.0956 0.070396 0.996383 0.0475891 -4.62491 0.527215 0.00333589 -0.849726 293.604 
-0.888903 0.0803669 -0.450991 -16.8692 0.0682084 0.996736 0.0431803 -4.55512 0.452989 0.00762172 -0.891483 292.151 
-0.923313 0.0826718 -0.375045 -17.5295 0.0730181 0.996532 0.039906 -4.49762 0.377043 0.00946069 -0.926147 290.549 
-0.93782 0.0873177 -0.33596 -17.833 0.0788643 0.996132 0.0387528 -4.46989 0.338044 0.0098479 -0.941079 289.706 
-0.961075 0.0908237 -0.260933 -18.3437 0.0833719 0.995735 0.0395107 -4.41165 0.263409 0.0162182 -0.964548 287.9 
-0.970234 0.0904304 -0.224651 -18.5481 0.083987 0.995738 0.0380947 -4.38899 0.227139 0.018093 -0.973694 286.954 
-0.983875 0.085242 -0.157236 -18.9013 0.0817049 0.996239 0.0288357 -4.32982 0.159103 0.0155238 -0.98714 284.957 
-0.991992 0.0830045 -0.0951974 -19.1168 0.0807629 0.996363 0.02717 -4.29441 0.0971064 0.019264 -0.995088 282.861 
-0.99586 0.0817749 -0.0396871 -19.2305 0.0808706 0.996438 0.0238824 -4.2611 0.0414987 0.020574 -0.998927 280.654 
-0.997005 0.0768577 0.00864699 -19.2384 0.0770489 0.996725 0.0245324 -4.22391 -0.00673318 0.0251251 -0.999662 278.352 
-0.996599 0.0693141 0.0445552 -19.1264 0.0702596 0.997328 0.0200164 -4.18923 -0.0430487 0.0230787 -0.998806 275.982 
-0.996252 0.0586026 0.0636258 -18.9474 0.0600119 0.997988 0.020468 -4.15901 -0.0622983 0.0242096 -0.997764 273.55 
-0.996229 0.0537599 0.0680953 -18.7778 0.0552587 0.998265 0.0203201 -4.13201 -0.0668847 0.0240063 -0.997472 271.045 
-0.996644 0.0513933 0.0637184 -18.5868 0.0527712 0.998404 0.020133 -4.09905 -0.062582 0.0234279 -0.997765 268.472 
-0.997209 0.0481466 0.0570541 -18.4058 0.0494549 0.99854 0.0217448 -4.06794 -0.0559238 0.0245057 -0.998134 265.841 
-0.997868 0.0464312 0.0458579 -18.2545 0.0476552 0.998526 0.0259672 -4.04242 -0.0445847 0.0280972 -0.99861 263.181 
-0.998358 0.0449842 0.0354684 -18.1328 0.0459841 0.998553 0.0278957 -4.01742 -0.0341622 0.0294809 -0.998981 260.514 
-0.998573 0.04391 0.0303959 -18.088 0.0447407 0.998628 0.0272106 -3.99779 -0.0291594 0.0285317 -0.999167 259.173 
-0.998769 0.0428254 0.025033 -18.0458 0.0434867 0.998702 0.0264998 -3.97996 -0.0238656 0.0275557 -0.999335 257.833 
-0.999045 0.0412718 0.0143757 -17.9772 0.0416748 0.998711 0.0289606 -3.96134 -0.0131619 0.029532 -0.999477 255.148 
-0.999115 0.0417369 0.00520018 -17.9401 0.0418824 0.99861 0.0320131 -3.93494 -0.00385682 0.0322025 -0.999474 252.448 
-0.999046 0.0436598 -0.00114759 -17.9296 0.0436036 0.998571 0.0308879 -3.89506 0.00249451 0.0308084 -0.999522 249.744 
-0.998999 0.0443659 -0.00564707 -17.9399 0.0442095 0.998701 0.0253257 -3.85852 0.00676333 0.0250507 -0.999663 247.046 
-0.998925 0.0453713 -0.00948646 -17.9386 0.0450779 0.998558 0.0291421 -3.82481 0.010795 0.0286831 -0.99953 244.308 
-0.998783 0.0482813 -0.0100939 -17.9892 0.0479632 0.998408 0.0296776 -3.78419 0.0115107 0.0291573 -0.999509 241.568 
-0.998754 0.0489654 -0.00961872 -17.9928 0.048664 0.998382 0.0294112 -3.76319 0.0110433 0.0289065 -0.999521 240.184 
-0.998581 0.0525718 -0.0085534 -17.9833 0.0523344 0.998292 0.025949 -3.72986 0.00990298 0.0254645 -0.999627 237.422 
-0.998525 0.0538053 -0.00722968 -17.9759 0.0535683 0.998121 0.0297374 -3.69874 0.00881612 0.0293063 -0.999532 234.643 
-0.998655 0.0515798 -0.00518876 -17.9802 0.0513958 0.998201 0.0308845 -3.64267 0.00677244 0.0305763 -0.999509 231.843 
-0.998886 0.0469959 -0.00424735 -17.9721 0.0468487 0.998456 0.0298521 -3.60385 0.00564372 0.0296199 -0.999545 229.042 
-0.998889 0.0469273 -0.00425452 -17.9636 0.0467989 0.998554 0.0264424 -3.56817 0.00548924 0.0262139 -0.999641 226.223 
-0.998913 0.0464747 -0.00345758 -17.9928 0.0463623 0.998545 0.0275257 -3.525 0.0047318 0.0273355 -0.999615 223.389 
-0.998935 0.0460612 -0.00283197 -18.0082 0.045959 0.998515 0.0292381 -3.48671 0.00417451 0.0290768 -0.999568 220.544 
-0.998887 0.0471027 -0.00253956 -18.0026 0.0470148 0.998512 0.0276333 -3.45267 0.00383738 0.0274832 -0.999615 217.69 
-0.998802 0.0488906 -0.00216177 -17.9945 0.0488047 0.998364 0.0297881 -3.41702 0.00361459 0.0296469 -0.999554 214.815 
-0.998803 0.0488827 -0.00196564 -18.0066 0.0488153 0.998469 0.0259957 -3.38088 0.00323337 0.0258686 -0.99966 211.92 
-0.998698 0.0509793 -0.00172544 -18.0103 0.0509162 0.998355 0.0263668 -3.36032 0.00306677 0.0262446 -0.999651 209.035 
-0.998842 0.0480775 -0.00198108 -18.0131 0.048009 0.998501 0.026277 -3.32309 0.00324145 0.0261515 -0.999653 206.118 
-0.998936 0.0460533 -0.00239746 -17.997 0.045967 0.99854 0.0283679 -3.29252 0.0037004 0.0282275 -0.999595 203.189 
-0.998871 0.0474471 -0.00224084 -17.9906 0.0473677 0.998499 0.0275067 -3.2643 0.00354259 0.0273695 -0.999619 200.269 
-0.998884 0.0470883 -0.00353562 -17.9843 0.046952 0.998388 0.0318925 -3.23238 0.00503168 0.0316909 -0.999485 197.328 
-0.998912 0.0464422 -0.00413072 -17.9872 0.0462856 0.998409 0.032207 -3.21537 0.00561991 0.0319808 -0.999473 195.867 
-0.998975 0.0449774 -0.00517285 -17.9871 0.0447891 0.998481 0.0320754 -3.19636 0.00660767 0.0318109 -0.999472 194.407 
-0.999013 0.0440074 -0.00604272 -17.9903 0.0437884 0.99851 0.0325502 -3.17881 0.00746617 0.0322535 -0.999452 192.951 
-0.998996 0.0442639 -0.00695589 -17.9997 0.04402 0.998518 0.0319985 -3.1591 0.00836196 0.0316602 -0.999464 191.495 
-0.998903 0.0461619 -0.00785663 -18.0314 0.0458994 0.99847 0.0308302 -3.11917 0.00926779 0.0304358 -0.999494 188.597 
-0.998926 0.0454148 -0.00923729 -18.0432 0.0451129 0.998513 0.0306198 -3.08444 0.0106141 0.0301701 -0.999488 185.7 
-0.998896 0.0457998 -0.0104585 -18.0622 0.0454285 0.998411 0.0333354 -3.05619 0.0119686 0.0328235 -0.999389 182.814 
-0.998886 0.0457309 -0.0116524 -18.0778 0.0453183 0.998411 0.0335037 -3.03665 0.013166 0.0329383 -0.999371 181.376 
-0.998858 0.0457244 -0.0138567 -18.0888 0.0452582 0.998454 0.0322668 -3.02153 0.0153107 0.0316029 -0.999383 179.944 
-0.998799 0.0456149 -0.0178748 -18.1246 0.0450064 0.998439 0.0330827 -2.99463 0.0193559 0.0322385 -0.999293 177.094 
-0.998626 0.0475627 -0.0220142 -18.1724 0.0467944 0.998319 0.0341901 -2.95934 0.0236034 0.033113 -0.999173 174.279 
-0.998563 0.0479135 -0.0239903 -18.1977 0.0470784 0.998304 0.0342451 -2.93991 0.0255904 0.0330665 -0.999125 172.888 
-0.998499 0.0481324 -0.0261504 -18.2266 0.0471887 0.998252 0.0355821 -2.92457 0.0278173 0.0342947 -0.999025 171.506 
-0.998314 0.049665 -0.0300528 -18.2909 0.0485093 0.998098 0.0380361 -2.88614 0.0318847 0.0365141 -0.998824 168.798 
-0.998186 0.0500531 -0.0334495 -18.3686 0.0487845 0.998097 0.0377214 -2.839 0.0352739 0.0360212 -0.998728 166.18 
-0.998153 0.0497372 -0.0348802 -18.4418 0.0483234 0.99802 0.0402696 -2.8048 0.036814 0.0385097 -0.99858 163.638 
-0.998219 0.0481702 -0.0351813 -18.5056 0.0468285 0.998179 0.0380141 -2.77223 0.0369484 0.0362989 -0.998658 161.196 
-0.998217 0.0486549 -0.0345751 -18.5673 0.0473413 0.998162 0.0378471 -2.74527 0.036353 0.0361428 -0.998685 158.853 
-0.99827 0.0483949 -0.0333824 -18.631 0.0470197 0.99806 0.0408187 -2.7153 0.0352931 0.0391785 -0.998609 156.613 
-0.998392 0.0467296 -0.0320876 -18.6957 0.045408 0.998137 0.0407506 -2.68694 0.033932 0.039228 -0.998654 154.48 
-0.99837 0.0475251 -0.0315934 -18.7268 0.0462559 0.998138 0.0397561 -2.67259 0.033424 0.03823 -0.99871 153.451 
-0.998417 0.04667 -0.0313774 -18.7424 0.0454507 0.998224 0.0385079 -2.65888 0.0331189 0.0370208 -0.998766 152.45 
-0.998455 0.0463987 -0.0305824 -18.7837 0.0451675 0.998187 0.0397913 -2.63995 0.0323732 0.0383485 -0.99874 150.524 
-0.9985 0.0459892 -0.0297012 -18.8242 0.0447554 0.998158 0.0409481 -2.61329 0.0315296 0.0395574 -0.99872 148.703 
-0.998477 0.0473612 -0.0282962 -18.8593 0.0461771 0.998086 0.0411283 -2.60082 0.03019 0.039759 -0.998753 147.828 
-0.998548 0.0458703 -0.0282345 -18.8707 0.0447867 0.998278 0.037882 -2.57161 0.0299235 0.0365625 -0.998883 146.121 
-0.998356 0.0503691 -0.0273675 -18.9196 0.0494016 0.998167 0.0349458 -2.54085 0.0290775 0.0335363 -0.999014 144.475 
-0.998356 0.050839 -0.0264733 -18.965 0.0499205 0.998165 0.0342733 -2.52421 0.0281672 0.0328954 -0.999062 142.894 
-0.998227 0.0532763 -0.0265251 -19.004 0.0524058 0.998097 0.0324977 -2.51564 0.0282059 0.03105 -0.99912 141.366 
-0.998172 0.0540476 -0.0270415 -19.0512 0.053116 0.998007 0.0340578 -2.50593 0.0288284 0.0325592 -0.999054 139.875 
-0.997983 0.0567313 -0.0284694 -19.105 0.0558325 0.997945 0.0314319 -2.47811 0.0301941 0.029779 -0.9991 137.711 
-0.997834 0.0589484 -0.0292001 -19.1452 0.0581625 0.99794 0.0270705 -2.46798 0.0307357 0.0253135 -0.999207 136.299 
-0.997846 0.0581526 -0.0303565 -19.1833 0.0574722 0.998086 0.0228252 -2.46038 0.0316257 0.0210313 -0.999278 134.899 
-0.997805 0.0584076 -0.0312035 -19.2176 0.0577091 0.998072 0.0228361 -2.45018 0.0324772 0.0209852 -0.999252 133.509 
-0.997859 0.0569166 -0.0322171 -19.2476 0.0561255 0.998112 0.0249495 -2.45072 0.0335763 0.0230879 -0.999169 132.125 
-0.998258 0.0490714 -0.0327579 -19.2687 0.0485023 0.998662 0.0179488 -2.4509 0.0335948 0.0163287 -0.999302 130.768 
-0.998346 0.0471139 -0.0329539 -19.2975 0.046833 0.99886 0.00924312 -2.44154 0.0333518 0.0076845 -0.999414 129.384 
-0.99872 0.0396136 -0.0314582 -19.3273 0.0391752 0.999128 0.0144324 -2.43555 0.0320025 0.0131816 -0.999401 127.955 
-0.998882 0.0380629 -0.0280513 -19.3538 0.0375711 0.999134 0.0178539 -2.43214 0.0287066 0.01678 -0.999447 126.482 
-0.999106 0.0365032 -0.0213421 -19.3859 0.0361855 0.999231 0.0150905 -2.4241 0.0218765 0.0143048 -0.999658 124.964 
-0.999338 0.0332103 -0.0148244 -19.3964 0.0329293 0.999281 0.0188118 -2.41186 0.0154385 0.0183112 -0.999713 123.379 
-0.99936 0.0348786 -0.00790339 -19.4018 0.034662 0.999059 0.0260679 -2.39727 0.00880516 0.0257773 -0.999629 121.729 
-0.99928 0.0379513 -8.35697e-05 -19.4086 0.0379373 0.998966 0.02507 -2.37474 0.00103492 0.0250488 -0.999686 120.016 
-0.999109 0.0414049 0.00812681 -19.3953 0.04157 0.998908 0.0213251 -2.35012 -0.00723497 0.021644 -0.99974 118.237 
-0.998916 0.0436048 0.0162979 -19.3718 0.0439861 0.998748 0.0238154 -2.32926 -0.015239 0.0245065 -0.999584 116.379 
-0.998521 0.0482091 0.0251378 -19.3306 0.0488473 0.998483 0.0254262 -2.30222 -0.0238739 0.0266165 -0.999361 114.449 
-0.998135 0.0509094 0.0336896 -19.2569 0.0515936 0.998473 0.0197611 -2.27764 -0.0326321 0.0214624 -0.999237 112.461 
-0.997862 0.0513083 0.0404852 -19.1731 0.0520911 0.998471 0.0185225 -2.26023 -0.0394729 0.0205918 -0.999008 110.4 
-0.997766 0.0509725 0.0431755 -19.0669 0.0516873 0.998541 0.0156035 -2.24178 -0.0423172 0.0178003 -0.998946 108.273 
-0.997749 0.0517625 0.0426301 -18.9579 0.0522225 0.998588 0.00974658 -2.23566 -0.0420654 0.0119509 -0.999043 106.083 
-0.997704 0.0529775 0.0422002 -18.8597 0.0538279 0.998364 0.0192777 -2.2199 -0.0411098 0.021505 -0.998923 103.799 
-0.997816 0.0519032 0.0408547 -18.7474 0.052712 0.998429 0.018976 -2.19304 -0.0398056 0.0210881 -0.998985 101.457 
-0.997977 0.0494775 0.0399246 -18.6417 0.0502188 0.99858 0.0177832 -2.16383 -0.038988 0.0197522 -0.999044 99.0545 
-0.997982 0.0503999 0.0386243 -18.5174 0.0510485 0.998568 0.0159943 -2.13938 -0.0377628 0.0179338 -0.999126 96.5919 
-0.998062 0.0505914 0.0362393 -18.4082 0.0513664 0.998464 0.0207854 -2.11485 -0.035132 0.0226066 -0.999127 94.0615 
-0.998255 0.0496582 0.0319611 -18.3055 0.0503099 0.998535 0.0199188 -2.08448 -0.0309251 0.021492 -0.999291 91.4737 
-0.998423 0.0492992 0.026865 -18.2238 0.049552 0.998733 0.00882725 -2.06837 -0.0263958 0.0101445 -0.9996 88.8331 
-0.998478 0.049466 0.0243908 -18.1885 0.049636 0.998747 0.00641517 -2.06907 -0.0240429 0.00761607 -0.999682 87.488 
-0.998488 0.0502905 0.0222106 -18.1613 0.0506033 0.998624 0.0137497 -2.07176 -0.0214885 0.0148529 -0.999659 86.1162 
-0.998634 0.0492373 0.0175156 -18.0884 0.0495938 0.998558 0.0205397 -2.04767 -0.0164791 0.0213803 -0.999636 83.3358 
-0.998748 0.0483023 0.012995 -18.0383 0.048531 0.998661 0.0179044 -2.0261 -0.0121128 0.0185127 -0.999755 80.5046 
-0.998742 0.0489264 0.0110246 -18.0213 0.0491231 0.998624 0.0183432 -2.01524 -0.0101119 0.0188617 -0.999771 79.0616 
-0.998668 0.0510155 0.0076663 -17.9975 0.0511647 0.998475 0.0207212 -1.9973 -0.00659751 0.0210859 -0.999756 76.1409 
-0.99876 0.0495227 0.00504616 -17.9796 0.0496257 0.998506 0.0228905 -1.98466 -0.00390502 0.0231125 -0.999725 74.665 
-0.998874 0.0473383 0.00309843 -17.9731 0.0474038 0.998525 0.0264545 -1.97476 -0.00184155 0.0265716 -0.999645 73.1889 
-0.998937 0.0460822 0.00106013 -17.9601 0.0460934 0.998496 0.0296752 -1.96039 0.000308961 0.0296925 -0.999559 71.7147 
-0.998901 0.0468639 -0.000408808 -17.96 0.0468298 0.99844 0.0304019 -1.94448 0.00183292 0.0303493 -0.999538 70.2426 
-0.998898 0.046899 -0.00178416 -17.9609 0.046827 0.998477 0.0291871 -1.93069 0.00315029 0.0290714 -0.999572 68.7749 
-0.998914 0.0464942 -0.00309558 -17.9482 0.0463883 0.998523 0.0283003 -1.91018 0.00440681 0.028126 -0.999595 67.3048 
-0.998868 0.0474342 -0.003621 -17.9554 0.0473042 0.998427 0.0300815 -1.89802 0.00504219 0.0298762 -0.999541 64.3729 
-0.998844 0.0478677 -0.00446594 -17.9487 0.047717 0.998431 0.0292862 -1.88394 0.0058608 0.0290393 -0.999561 62.9077 
-0.998818 0.0483378 -0.00501666 -17.9475 0.0481856 0.998474 0.0269862 -1.86792 0.00631345 0.0267126 -0.999623 61.4449 
-0.998773 0.0492273 -0.00536512 -17.9499 0.0490561 0.998393 0.0283824 -1.85577 0.00675368 0.0280844 -0.999583 59.973 
-0.99877 0.0492184 -0.00604794 -17.954 0.048976 0.998179 0.0352207 -1.81428 0.00777043 0.0348812 -0.999361 57.0319 
-0.998836 0.0479945 -0.00471571 -17.9721 0.047826 0.998375 0.0309853 -1.76477 0.00619517 0.0307237 -0.999509 54.1086 
-0.998859 0.0475923 -0.0038484 -17.9652 0.0474683 0.998491 0.0276246 -1.74954 0.00515731 0.0274105 -0.999611 52.6503 
-0.998925 0.0462366 -0.00336414 -17.9594 0.0461286 0.998566 0.0271521 -1.74018 0.00461473 0.0269677 -0.999626 51.1953 
-0.998933 0.0461186 -0.00259252 -17.9503 0.0460259 0.998531 0.0285778 -1.72765 0.00390668 0.0284279 -0.999588 49.7414 
-0.998903 0.0467861 -0.00192746 -17.9476 0.0467019 0.998408 0.0316389 -1.71632 0.00340465 0.0315141 -0.999498 48.2853 
-0.998938 0.0460574 -0.0012155 -17.9421 0.045987 0.998332 0.0348972 -1.69758 0.00282075 0.0348042 -0.99939 46.8339 
-0.999011 0.0444663 -0.000831213 -17.9479 0.0444115 0.998422 0.0343634 -1.67405 0.00235792 0.0342925 -0.999409 45.3868 
-0.999065 0.0432242 -0.000844952 -17.9471 0.0431791 0.998612 0.0301655 -1.66165 0.00214766 0.0301008 -0.999545 43.9481 
-0.99911 0.0421604 -0.00151651 -17.9433 0.0421034 0.998741 0.0272844 -1.65006 0.00266492 0.0271962 -0.999627 42.5086 
-0.999073 0.0430086 -0.00183007 -17.9502 0.0429419 0.998697 0.0275837 -1.63709 0.00301402 0.0274795 -0.999618 41.069 
-0.999067 0.0431258 -0.00241274 -17.9646 0.0430279 0.998571 0.0316814 -1.60613 0.00377558 0.0315481 -0.999495 38.2049 
-0.999145 0.0411907 -0.00348369 -17.9714 0.0410693 0.998714 0.0297251 -1.56828 0.00470361 0.0295566 -0.999552 35.3457 
-0.999098 0.0422501 -0.00420006 -17.9731 0.0421172 0.998725 0.0278465 -1.5405 0.00537122 0.0276445 -0.999603 32.5034 
-0.999001 0.0444782 -0.00440038 -17.967 0.044339 0.998628 0.0278458 -1.52972 0.00563288 0.0276229 -0.999603 31.0854 
-0.998882 0.0470633 -0.00442708 -17.9749 0.0469153 0.998476 0.0290645 -1.51793 0.0057882 0.0288243 -0.999568 29.6624 
-0.998888 0.0469333 -0.00458294 -17.9806 0.0467828 0.998491 0.0287468 -1.49656 0.00592521 0.0285004 -0.999576 26.833 
-0.99895 0.0455479 -0.00496708 -17.9719 0.0453878 0.998559 0.0286163 -1.48528 0.00626333 0.0283608 -0.999578 25.4255 
-0.999122 0.0414314 -0.0062665 -17.9546 0.041236 0.998739 0.0286245 -1.46478 0.00744455 0.028341 -0.999571 22.6233 
-0.999097 0.0419202 -0.0069882 -17.9573 0.0416899 0.998669 0.0303686 -1.44466 0.00825195 0.0300498 -0.999514 19.8423 
-0.999061 0.0426871 -0.00742724 -17.9554 0.0424321 0.998598 0.0316465 -1.40311 0.00876773 0.0313016 -0.999472 17.0723 
-0.999037 0.0431977 -0.0076189 -17.9615 0.0429621 0.998663 0.0287635 -1.38149 0.00885123 0.0284085 -0.999557 15.6977 
-0.999143 0.0405182 -0.00849928 -17.9512 0.0402998 0.998888 0.024466 -1.37266 0.00948115 0.0241025 -0.999665 14.327 
-0.999304 0.036302 -0.00856662 -17.9489 0.0360993 0.999089 0.0227412 -1.36628 0.00938438 0.0224161 -0.999705 12.9598 
-0.999378 0.0343362 -0.00805357 -17.9471 0.0341272 0.99911 0.024793 -1.35556 0.00889769 0.0245027 -0.99966 11.5866 
-0.999411 0.0334277 -0.00777965 -17.952 0.0332051 0.999079 0.0271692 -1.35127 0.00868069 0.0268948 -0.999601 10.2175 
-0.999352 0.0351474 -0.00771162 -17.9644 0.0349109 0.998972 0.0289146 -1.33322 0.00871997 0.0286267 -0.999552 8.85187 
-0.999155 0.0406112 -0.00635572 -17.9989 0.0403901 0.99868 0.0317261 -1.32436 0.00763576 0.0314426 -0.999476 7.48693 
-0.998946 0.0455015 -0.00602266 -18.0041 0.045279 0.998429 0.0329966 -1.30426 0.00751459 0.0326891 -0.999437 6.1276 
-0.998803 0.0485959 -0.0056395 -18.0253 0.0484091 0.998391 0.0295386 -1.26297 0.00706589 0.0292302 -0.999548 3.39766 
-0.998929 0.0458753 -0.00597058 -18.0292 0.0457022 0.998604 0.026469 -1.22941 0.00717653 0.0261678 -0.999632 0.6684 
-0.999026 0.0436431 -0.00645608 -18.0233 0.0434578 0.998704 0.0264924 -1.20902 0.00760392 0.0261861 -0.999628 -2.07809 
-0.99903 0.0435264 -0.00665983 -18.024 0.0433536 0.998767 0.024196 -1.17836 0.00770478 0.0238838 -0.999685 -4.83227 
-0.999103 0.0417253 -0.00721314 -18.021 0.0415412 0.998848 0.0240311 -1.15559 0.00820753 0.0237099 -0.999685 -7.6054 
-0.99923 0.0385313 -0.00739588 -18.0376 0.0383173 0.998896 0.0271661 -1.14238 0.00843446 0.0268618 -0.999604 -10.3954 
-0.999325 0.0358834 -0.00791101 -18.0471 0.0356865 0.99908 0.0237638 -1.1152 0.00875647 0.0234654 -0.999686 -13.1907 
-0.99937 0.0346868 -0.00751881 -18.0509 0.0344993 0.999122 0.0237799 -1.0911 0.00833706 0.0235055 -0.999689 -16.0063 
-0.999442 0.0325868 -0.00737512 -18.0492 0.0324205 0.99924 0.021639 -1.08465 0.00807466 0.0213878 -0.999739 -17.4122 
-0.999486 0.0311883 -0.00739485 -18.0479 0.0310495 0.999352 0.0181954 -1.08279 0.00795754 0.0179564 -0.999807 -18.8222 
-0.999492 0.0310227 -0.00731051 -18.0478 0.0308922 0.999372 0.0173356 -1.07613 0.00784372 0.0171009 -0.999823 -20.2331 
-0.999346 0.0356144 -0.00626016 -18.0321 0.035482 0.999168 0.0201145 -1.08592 0.00697132 0.0198792 -0.999778 -23.0732 
-0.999329 0.0361575 -0.00581301 -18.0375 0.0360361 0.999155 0.0197866 -1.08943 0.00652353 0.0195639 -0.999787 -24.4943 
-0.999368 0.0351184 -0.00551836 -18.0461 0.0350153 0.999229 0.017785 -1.08313 0.00613869 0.0175806 -0.999827 -27.3362 
-0.999393 0.0345391 -0.00444893 -18.0389 0.0344298 0.99915 0.0226619 -1.06579 0.00522786 0.022495 -0.999733 -30.1921 
-0.999242 0.0388038 -0.00307968 -18.0363 0.0387288 0.999018 0.02151 -1.0386 0.00391132 0.0213744 -0.999764 -33.0404 
-0.999114 0.0420249 -0.00226656 -18.018 0.0419612 0.99885 0.0231776 -1.02704 0.00323799 0.0230619 -0.999729 -35.8903 
-0.998915 0.0465335 -0.00158775 -18.0134 0.0464825 0.998635 0.023839 -1.01705 0.00269489 0.0237394 -0.999715 -38.7271 
-0.998842 0.048082 -0.00158936 -17.9979 0.0480273 0.998533 0.024998 -1.00668 0.00278898 0.0248927 -0.999686 -40.144 
-0.998646 0.0520096 -0.00120886 -18.003 0.0519698 0.9984 0.0222858 -0.9968 0.002366 0.0221928 -0.999751 -42.9726 
-0.998562 0.0535981 -0.00116247 -17.9908 0.0535703 0.998416 0.0171753 -0.998321 0.00208119 0.0170883 -0.999852 -45.7793 
-0.99858 0.0532688 -0.0009784 -17.994 0.0532373 0.998368 0.0206522 -0.993408 0.00207692 0.0205708 -0.999786 -48.5887 
-0.998617 0.0525589 -0.00119751 -17.991 0.0525255 0.998428 0.0195761 -0.986044 0.00222453 0.0194861 -0.999808 -49.991 
-0.998598 0.0529243 -0.000846479 -17.9924 0.0528974 0.998406 0.0196656 -0.98182 0.00188592 0.0195932 -0.999806 -51.3931 
-0.998612 0.0526673 -0.000627468 -17.9953 0.0526436 0.998405 0.0204167 -0.975283 0.00170176 0.0203553 -0.999791 -52.797 
-0.998496 0.0548189 -0.000889303 -17.9884 0.0547941 0.998336 0.0179815 -0.969495 0.00187355 0.0179057 -0.999838 -54.1914 
-0.998514 0.0544295 -0.00275353 -17.9732 0.05437 0.998352 0.0183806 -0.962809 0.00374944 0.0182036 -0.999827 -57.0003 
-0.998364 0.0570272 -0.00412785 -17.9703 0.0569472 0.998225 0.0174275 -0.967269 0.00511436 0.0171639 -0.99984 -59.7997 
-0.998422 0.0558442 -0.00588497 -17.9703 0.0557296 0.998282 0.0181028 -0.96279 0.00688579 0.0177463 -0.999819 -62.5991 
-0.998492 0.0543931 -0.00744856 -17.9756 0.0542443 0.998349 0.0189076 -0.958563 0.0084647 0.018475 -0.999793 -65.4036 
-0.998512 0.0538474 -0.00856937 -17.984 0.0536764 0.998376 0.019077 -0.954108 0.0095827 0.0185887 -0.999781 -68.1917 
-0.998377 0.0564168 -0.00782382 -18.0206 0.0562909 0.998295 0.0154727 -0.954265 0.0086834 0.0150072 -0.99985 -70.9734 
-0.99832 0.0575003 -0.00709013 -18.0234 0.0573784 0.998219 0.0163313 -0.96572 0.00801656 0.0158971 -0.999841 -73.7436 
-0.998139 0.0608094 -0.00464013 -18.0191 0.0607022 0.997945 0.0205219 -0.968047 0.00587852 0.0202021 -0.999779 -76.4893 
-0.998058 0.062229 -0.00291788 -18.0055 0.0621763 0.997943 0.0155968 -0.959857 0.00388246 0.0153851 -0.999874 -79.2189 
-0.998179 0.060262 -0.00252684 -18.0054 0.0602166 0.998069 0.0152709 -0.991005 0.00344221 0.0150909 -0.99988 -81.9347 
-0.998035 0.0626392 -0.00162483 -18.0126 0.0625883 0.997796 0.0220558 -0.983897 0.00300281 0.0219108 -0.999755 -84.6536 
-0.998075 0.0619789 -0.0022053 -18.03 0.0619212 0.997873 0.0203912 -0.976585 0.00346443 0.0202154 -0.99979 -87.3418 
-0.998153 0.0606584 -0.00328378 -18.019 0.0605873 0.99799 0.0185988 -0.970107 0.00440535 0.0183655 -0.999822 -88.6851 
-0.99826 0.0587809 -0.00475027 -18.0348 0.0586838 0.998105 0.0184999 -0.96683 0.00582872 0.018189 -0.999818 -91.3573 
-0.998275 0.0584577 -0.00539149 -18.0317 0.0583397 0.998098 0.0199345 -0.970032 0.00654656 0.0195855 -0.999787 -92.6928 
-0.998255 0.0587434 -0.00602261 -18.0378 0.0586218 0.998105 0.0186948 -0.968368 0.0071094 0.0183092 -0.999807 -94.0158 
-0.998265 0.0584983 -0.00669432 -18.0342 0.0583725 0.998139 0.0176561 -0.97022 0.00771471 0.0172347 -0.999822 -95.3399 
-0.998238 0.0587838 -0.00805697 -18.0405 0.0586135 0.998081 0.0199486 -0.974324 0.00921417 0.0194412 -0.999769 -97.9787 
-0.99832 0.0570348 -0.0102351 -18.0348 0.0568201 0.998181 0.0201672 -0.984116 0.0113667 0.0195517 -0.999744 -100.604 
-0.998318 0.0567416 -0.0118758 -18.0594 0.0564964 0.998201 0.0200595 -0.984084 0.0129926 0.0193548 -0.999728 -103.215 
-0.998353 0.0557787 -0.0134401 -18.084 0.0555063 0.998261 0.019854 -0.990327 0.0145242 0.0190753 -0.999713 -105.809 
-0.998293 0.0565785 -0.014475 -18.1193 0.0563368 0.998274 0.01659 -0.983804 0.0153886 0.0157462 -0.999758 -108.385 
-0.998254 0.0571768 -0.0148187 -18.1531 0.0568673 0.998171 0.0205268 -0.990535 0.0159652 0.0196482 -0.999679 -110.95 
-0.998264 0.0572315 -0.0138869 -18.1939 0.0569725 0.998207 0.0183817 -0.979378 0.0149141 0.0175586 -0.999735 -113.496 
-0.99816 0.05918 -0.0132082 -18.2237 0.0589262 0.998084 0.0188456 -0.981529 0.0142981 0.0180326 -0.999735 -114.765 
-0.998133 0.059784 -0.0125345 -18.2427 0.0595248 0.998024 0.0201233 -0.979418 0.0137128 0.0193396 -0.999719 -117.289 
-0.998146 0.059586 -0.0124246 -18.2521 0.0593198 0.998022 0.0207938 -0.982756 0.0136391 0.0200182 -0.999707 -118.544 
-0.998157 0.0594059 -0.0123792 -18.2593 0.059146 0.998041 0.0204015 -0.978471 0.0135669 0.0196318 -0.999715 -119.794 
-0.998154 0.0594774 -0.0122621 -18.2829 0.0592271 0.998047 0.019854 -0.976165 0.013419 0.0190912 -0.999728 -122.269 
-0.99823 0.0577694 -0.0141355 -18.3117 0.0574777 0.998142 0.0202406 -0.985986 0.0152785 0.0193923 -0.999695 -124.707 
-0.998331 0.0553468 -0.0164983 -18.339 0.0549756 0.998242 0.0221635 -0.992874 0.017696 0.0212195 -0.999618 -127.109 
-0.998306 0.0549632 -0.0190885 -18.3814 0.0545866 0.998314 0.0197198 -1.00568 0.0201402 0.0186445 -0.999623 -129.469 
-0.998347 0.0536835 -0.0205191 -18.3831 0.053283 0.998387 0.0195895 -1.00436 0.0215376 0.0184638 -0.999598 -130.632 
-0.998275 0.0551107 -0.0202417 -18.4211 0.0546308 0.998229 0.0235415 -1.00499 0.0215033 0.0223951 -0.999518 -132.914 
-0.998035 0.0593851 -0.0200053 -18.4479 0.0588999 0.997975 0.0240262 -1.00795 0.0213916 0.0228007 -0.999511 -135.125 
-0.998087 0.0582168 -0.0207996 -18.4665 0.0576293 0.997951 0.0278119 -1.00281 0.0223761 0.0265601 -0.999397 -137.263 
-0.998104 0.0566179 -0.0241515 -18.5008 0.0559808 0.998086 0.0262852 -0.994822 0.0255935 0.0248833 -0.999363 -139.303 
-0.997985 0.057566 -0.0266997 -18.5393 0.056842 0.998015 0.0271269 -0.989984 0.0282083 0.0255545 -0.999275 -141.237 
-0.997842 0.0600333 -0.0265861 -18.5947 0.0593071 0.997866 0.0273115 -0.982914 0.028169 0.0256758 -0.999273 -143.056 
-0.997641 0.0662845 -0.0178669 -18.6321 0.065822 0.99751 0.02534 -0.985165 0.019502 0.0241042 -0.999519 -144.762 
-0.997218 0.0735543 0.0120616 -18.6282 0.0738186 0.997003 0.0231591 -0.993413 -0.010322 0.023985 -0.999659 -146.35 
-0.995376 0.0741703 0.0610287 -18.5521 0.0758247 0.996801 0.0252515 -1.00382 -0.0589605 0.0297622 -0.997817 -147.83 
-0.990105 0.0714476 0.120774 -18.3781 0.0751927 0.996811 0.0267357 -1.01557 -0.118479 0.0355525 -0.99232 -149.202 
-0.97785 0.0729163 0.196197 -18.0922 0.0778553 0.99681 0.0175697 -1.03631 -0.19429 0.0324555 -0.980407 -150.44 
-0.955049 0.0730548 0.287305 -17.7383 0.0790709 0.996825 0.00937615 -1.04768 -0.285708 0.0316721 -0.957793 -151.565 
-0.917952 0.0735428 0.389815 -17.2791 0.0812397 0.996689 0.00327038 -1.08731 -0.388284 0.0346705 -0.920887 -152.571 
-0.86335 0.0719553 0.499449 -16.7208 0.0808187 0.996721 -0.00389328 -1.11614 -0.498091 0.0370036 -0.866335 -153.509 
-0.791114 0.0686541 0.607803 -16.0543 0.0791031 0.99682 -0.00963501 -1.15594 -0.606532 0.0404567 -0.794029 -154.315 
-0.699602 0.0633925 0.711715 -15.2867 0.0759035 0.997014 -0.0141925 -1.20112 -0.71049 0.0440925 -0.702325 -154.992 
-0.591092 0.0531451 0.804851 -14.4434 0.0664435 0.997644 -0.0170785 -1.22931 -0.803863 0.0433821 -0.593231 -155.534 
-0.473306 0.0452938 0.879733 -13.5294 0.0562681 0.998192 -0.0211199 -1.28367 -0.879099 0.0395047 -0.474999 -155.92 
-0.346354 0.0441093 0.937066 -12.6048 0.0534961 0.998197 -0.0272138 -1.33078 -0.936577 0.0407038 -0.348089 -156.183 
-0.214103 0.0445435 0.975795 -11.658 0.0469717 0.998274 -0.0352634 -1.38758 -0.975681 0.0382847 -0.215826 -156.322 
-0.0767305 0.0331366 0.996501 -10.6871 0.0382972 0.998808 -0.0302644 -1.42926 -0.996316 0.035841 -0.077908 -156.314 
0.0635553 0.0113196 0.997914 -9.70273 0.0351512 0.99929 -0.0135739 -1.46121 -0.997359 0.0359406 0.0631123 -156.187 
0.203494 -0.00969806 0.979028 -8.71724 0.0276911 0.999608 0.00414623 -1.52024 -0.978684 0.0262667 0.203683 -155.89 
0.345183 -0.0172612 0.938376 -7.74429 0.0283727 0.999566 0.00794977 -1.53381 -0.938106 0.0238801 0.345523 -155.506 
0.477538 -0.028701 0.878142 -6.81075 0.0300632 0.999415 0.0163162 -1.54816 -0.878097 0.0186082 0.478122 -154.964 
0.597125 -0.0348495 0.80139 -5.94448 0.0299086 0.999328 0.0211718 -1.55349 -0.80159 0.0113262 0.597767 -154.245 
0.699269 -0.031729 0.714154 -5.15897 0.0295985 0.999443 0.0154224 -1.55133 -0.714245 0.0103535 0.699819 -153.391 
0.784711 -0.0319705 0.619037 -4.41412 0.0331974 0.999403 0.00953273 -1.53908 -0.618972 0.01307 0.785304 -152.389 
0.822511 -0.0335464 0.567758 -4.07716 0.0332295 0.999388 0.01091 -1.53946 -0.567777 0.00989271 0.823123 -151.824 
0.888809 -0.0348837 0.456949 -3.5298 0.0324459 0.999387 0.0131833 -1.546 -0.457129 0.00310875 0.889395 -150.637 
0.937903 -0.0342214 0.345204 -3.08259 0.0312367 0.999411 0.0142067 -1.54861 -0.345487 -0.00254146 0.93842 -149.3 
0.968094 -0.0227238 0.249555 -2.73859 0.0209537 0.999733 0.00974791 -1.53695 -0.24971 -0.00420779 0.968311 -147.864 
0.984541 -0.0181591 0.17421 -2.4848 0.0167531 0.999814 0.0095381 -1.53237 -0.174351 -0.0064721 0.984662 -146.32 
0.993658 -0.0171693 0.111124 -2.30894 0.0159864 0.999806 0.0115271 -1.52915 -0.1113 -0.00967753 0.99374 -144.686 
0.997927 -0.00801283 0.0638627 -2.21931 0.00737106 0.99992 0.0102785 -1.5276 -0.0639399 -0.00978643 0.997906 -142.96 
0.999218 0.00183158 0.0395022 -2.19158 -0.00213965 0.999968 0.00775798 -1.52534 -0.0394867 -0.00783643 0.999189 -141.154 
0.999406 0.00473757 0.0341237 -2.14503 -0.00502722 0.999952 0.0084073 -1.52305 -0.0340822 -0.00857386 0.999382 -139.259 
0.99948 0.00338399 0.0320776 -2.10866 -0.0037266 0.999937 0.0106268 -1.52597 -0.0320396 -0.0107408 0.999429 -137.281 
0.999609 0.00191729 0.0278888 -2.05748 -0.00219269 0.999949 0.00984771 -1.52408 -0.0278685 -0.00990501 0.999563 -135.236 
0.999715 0.00129261 0.0238313 -2.0156 -0.00161602 0.999907 0.0135568 -1.5211 -0.0238115 -0.0135915 0.999624 -133.112 
0.999791 -0.000813551 0.0204522 -1.98231 0.000547889 0.999915 0.0129917 -1.51748 -0.020461 -0.0129777 0.999706 -130.921 
0.999824 -0.0012463 0.018727 -1.95465 0.00103174 0.999934 0.0114628 -1.50676 -0.01874 -0.0114414 0.999759 -128.661 
0.999832 0.000675057 0.018309 -1.9442 -0.000862049 0.999948 0.0102072 -1.50711 -0.0183011 -0.0102212 0.99978 -126.337 
0.999819 0.000827429 0.0190196 -1.92109 -0.00102586 0.999945 0.0104257 -1.50198 -0.0190099 -0.0104433 0.999765 -123.945 
0.999771 0.00128589 0.0213565 -1.87562 -0.0014769 0.999959 0.00893059 -1.50029 -0.0213442 -0.00896008 0.999732 -121.494 
0.999684 0.000214602 0.0251279 -1.83489 -0.000288798 0.999996 0.00294914 -1.50762 -0.0251272 -0.00295547 0.99968 -118.992 
0.999664 -0.00269725 0.0257871 -1.76566 0.00261372 0.999991 0.0032722 -1.52454 -0.0257957 -0.0032037 0.999662 -116.416 
0.999683 -0.00452125 0.0247537 -1.74162 0.0044523 0.999986 0.00283982 -1.53325 -0.0247662 -0.00272871 0.99969 -115.107 
0.99975 -0.00331093 0.0221066 -1.71462 0.00334144 0.999994 -0.00134336 -1.55743 -0.022102 0.00141689 0.999755 -112.452 
0.999849 -0.00327542 0.0170839 -1.6742 0.00325122 0.999994 0.00144406 -1.58311 -0.0170885 -0.00138829 0.999853 -109.728 
0.99989 -0.0028098 0.0145441 -1.65284 0.00280442 0.999996 0.000390248 -1.60694 -0.0145452 -0.000349417 0.999894 -106.953 
0.999917 -0.00448683 0.0120638 -1.62342 0.00451007 0.999988 -0.00190017 -1.63575 -0.0120551 0.00195442 0.999925 -104.121 
0.999933 -0.00334805 0.0110407 -1.61702 0.00335953 0.999994 -0.00102139 -1.66229 -0.0110372 0.00105841 0.999939 -101.228 
0.999928 -0.00211119 0.0118126 -1.59544 0.00206647 0.999991 0.00379651 -1.6888 -0.0118205 -0.00377182 0.999923 -98.2729 
0.999922 -0.00202144 0.0122895 -1.55368 0.00186817 0.999921 0.0124701 -1.69567 -0.0123137 -0.0124461 0.999847 -95.2539 
0.999915 -0.000975147 0.0129916 -1.55758 0.000704181 0.999782 0.0208453 -1.69644 -0.0130091 -0.0208344 0.999698 -92.2291 
0.999918 -0.00117511 0.0127156 -1.53891 0.000878491 0.999728 0.0233078 -1.69082 -0.0127395 -0.0232947 0.999647 -89.2228 
0.999924 -0.00182071 0.0121906 -1.52612 0.00156032 0.999771 0.0213356 -1.6878 -0.0122267 -0.0213149 0.999698 -87.7204 
0.999916 -0.00231118 0.0127545 -1.51576 0.00206606 0.999814 0.0191981 -1.6879 -0.0127965 -0.0191702 0.999734 -86.2138 
0.999895 -0.00369849 0.0140019 -1.47361 0.00339489 0.99976 0.0216443 -1.68451 -0.0140786 -0.0215945 0.999668 -83.2028 
0.999874 -0.00629476 0.0145774 -1.43278 0.00600681 0.999788 0.0197135 -1.67042 -0.0146984 -0.0196234 0.999699 -80.2001 
0.999847 -0.00795023 0.0156021 -1.39567 0.00761306 0.999739 0.0215524 -1.66501 -0.0157694 -0.0214303 0.999646 -77.1931 
0.999817 -0.0095271 0.0165883 -1.36776 0.00910749 0.999641 0.02519 -1.65679 -0.0168224 -0.0250344 0.999545 -74.184 
0.999811 -0.00988558 0.0167603 -1.36118 0.00948133 0.999666 0.0240297 -1.65357 -0.0169922 -0.0238662 0.999571 -72.6883 
0.999858 -0.00501513 0.0161039 -1.33146 0.00473341 0.999836 0.0174847 -1.642 -0.016189 -0.0174059 0.999717 -69.7035 
0.999878 -0.00348017 0.0152555 -1.30863 0.00317249 0.999792 0.0201466 -1.64904 -0.0153224 -0.0200957 0.999681 -66.7171 
0.999878 -0.00603028 0.0144384 -1.2818 0.00575409 0.999801 0.0190949 -1.64584 -0.0145507 -0.0190095 0.999713 -63.7555 
0.999885 -0.00849364 0.0125492 -1.24655 0.00824511 0.999771 0.0197251 -1.64293 -0.0127139 -0.0196194 0.999727 -60.7995 
0.999901 -0.00899845 0.0108155 -1.22707 0.00882107 0.999828 0.0163372 -1.64024 -0.0109606 -0.0162402 0.999808 -59.3299 
0.999922 -0.00939313 0.00827806 -1.21401 0.00921042 0.999719 0.0218393 -1.64457 -0.00848088 -0.0217614 0.999727 -56.3811 
0.999939 -0.00911118 0.00630672 -1.20898 0.00897917 0.999746 0.0206532 -1.63366 -0.0064933 -0.0205953 0.999767 -53.4514 
0.999956 -0.00772588 0.00540705 -1.20677 0.00761229 0.999756 0.0207229 -1.6396 -0.00556584 -0.0206808 0.999771 -50.5329 
0.999953 -0.00821693 0.00523346 -1.19817 0.00811341 0.999777 0.0195035 -1.63229 -0.00539255 -0.0194602 0.999796 -47.6286 
0.999937 -0.00959224 0.00579318 -1.18665 0.00947774 0.999765 0.019478 -1.62765 -0.00597866 -0.0194218 0.999794 -46.1769 
0.999906 -0.0119479 0.00677796 -1.187 0.0118115 0.999734 0.0198217 -1.63292 -0.00701298 -0.0197398 0.999781 -43.2777 
0.999887 -0.0126491 0.00817364 -1.16976 0.0124715 0.999693 0.0214243 -1.63152 -0.00844212 -0.02132 0.999737 -40.3897 
0.999885 -0.0115541 0.00987156 -1.17058 0.0113745 0.999772 0.0180598 -1.6276 -0.010078 -0.0179454 0.999788 -37.5166 
0.999887 -0.00926071 0.0118498 -1.15963 0.00902385 0.999761 0.0198879 -1.62847 -0.0120312 -0.0197787 0.999732 -34.6504 
0.999882 -0.00909407 0.0123471 -1.14625 0.0088282 0.999732 0.0214194 -1.62721 -0.0125386 -0.0213079 0.999694 -33.2187 
0.999849 -0.00883686 0.0149634 -1.13252 0.00854303 0.999772 0.0195881 -1.62372 -0.0151331 -0.0194573 0.999696 -30.3652 
0.999799 -0.00952691 0.0176228 -1.1018 0.00919516 0.999781 0.0188114 -1.63467 -0.0177981 -0.0186456 0.999668 -27.5257 
0.999754 -0.00958697 0.0200176 -1.04979 0.00927997 0.999839 0.0153736 -1.64168 -0.0201618 -0.0151841 0.999681 -24.6958 
0.999728 -0.00744773 0.0220852 -1.0021 0.0072718 0.999941 0.00803583 -1.66439 -0.0221437 -0.00787305 0.999724 -21.8911 
0.999683 -0.00861263 0.0236692 -0.957573 0.00844715 0.999939 0.00708248 -1.69734 -0.0237288 -0.00688029 0.999695 -19.0886 
0.999657 -0.011211 0.0236773 -0.901063 0.010951 0.999879 0.0110832 -1.73259 -0.0237987 -0.0108201 0.999658 -16.3002 
0.999638 -0.0127527 0.0236745 -0.845174 0.0125312 0.999877 0.009478 -1.76353 -0.0237924 -0.0091779 0.999675 -13.5306 
0.99968 -0.0121616 0.0221936 -0.793296 0.0119497 0.999882 0.00965667 -1.78814 -0.0223084 -0.00938837 0.999707 -10.7697 
0.999734 -0.0110932 0.0202341 -0.75488 0.0108705 0.99988 0.0110815 -1.81378 -0.0203546 -0.0108586 0.999734 -8.02427 
0.999757 -0.0138443 0.0171397 -0.706376 0.0136679 0.999853 0.0103667 -1.84622 -0.0172807 -0.0101299 0.999799 -5.28494 
0.999758 -0.014984 0.0160756 -0.667566 0.0148597 0.999859 0.00782675 -1.8704 -0.0161906 -0.00758598 0.99984 -2.55326 
0.99977 -0.0148912 0.0154491 -0.64285 0.0147489 0.999848 0.00928571 -1.89659 -0.015585 -0.00905571 0.999838 0.172259 
0.999791 -0.0139294 0.0149514 -0.612641 0.0137952 0.999864 0.00903847 -1.9251 -0.0150753 -0.00883032 0.999847 2.8935 
0.999795 -0.0145995 0.0140603 -0.583283 0.014466 0.99985 0.00954626 -1.95824 -0.0141975 -0.0093409 0.999856 5.60968 
0.99979 -0.0150924 0.013876 -0.561686 0.014972 0.99985 0.00874037 -1.98756 -0.0140058 -0.00853078 0.999866 8.32551 
0.999799 -0.0144935 0.013855 -0.551265 0.0143409 0.999836 0.0110481 -2.01414 -0.0140128 -0.0108472 0.999843 11.0349 
0.999783 -0.0146705 0.0148086 -0.56708 0.0145273 0.999847 0.00972838 -2.02793 -0.0149491 -0.00951114 0.999843 13.7407 
0.99978 -0.0146347 0.0150503 -0.544371 0.0144911 0.999849 0.00960151 -2.05237 -0.0151885 -0.0093813 0.999841 16.4457 
0.99975 -0.0161551 0.015472 -0.513193 0.0159949 0.999818 0.010421 -2.07697 -0.0156376 -0.0101709 0.999826 19.1485 
0.99976 -0.0157506 0.0152106 -0.482533 0.0156079 0.999833 0.00945348 -2.11291 -0.0153569 -0.00921381 0.99984 21.8455 
0.999779 -0.0147449 0.0149556 -0.464038 0.014599 0.999845 0.00981374 -2.14056 -0.0150979 -0.00959324 0.99984 24.5404 
0.999792 -0.0148525 0.0139949 -0.442432 0.0146947 0.999828 0.0113066 -2.17039 -0.0141605 -0.0110986 0.999838 27.2228 
0.999783 -0.0151259 0.0142981 -0.421795 0.0149561 0.999817 0.0119063 -2.19743 -0.0144756 -0.0116898 0.999827 29.8948 
0.999742 -0.0166495 0.01545 -0.422013 0.0164886 0.999809 0.0104867 -2.21245 -0.0156217 -0.0102292 0.999826 32.5475 
0.999689 -0.0189956 0.0161436 -0.384427 0.0188047 0.999752 0.0118952 -2.24529 -0.0163655 -0.0115879 0.999799 35.1901 
0.999641 -0.0204313 0.0173394 -0.363305 0.0202258 0.999724 0.0119422 -2.25905 -0.0175786 -0.0115872 0.999778 37.8237 
0.9996 -0.022759 0.0167812 -0.328406 0.0225234 0.999647 0.0140975 -2.27427 -0.0170961 -0.0137139 0.99976 40.4405 
0.999637 -0.023047 0.0139379 -0.291734 0.0228498 0.999639 0.0141452 -2.29532 -0.0142589 -0.0138216 0.999803 43.0483 
0.999718 -0.0206466 0.011719 -0.27203 0.0204248 0.999616 0.0187436 -2.30735 -0.0121015 -0.018499 0.999756 45.6433 
0.999767 -0.019207 0.00989606 -0.260915 0.0189444 0.999483 0.0259836 -2.30351 -0.01039 -0.0257901 0.999613 48.2355 
0.999745 -0.0208942 0.00860625 -0.273615 0.0206756 0.99948 0.0247525 -2.28408 -0.00911895 -0.0245682 0.999657 50.805 
0.999763 -0.0204299 0.00750516 -0.277824 0.0202474 0.999515 0.023642 -2.28269 -0.00798452 -0.0234845 0.999692 52.0878 
0.999767 -0.0212804 0.00348046 -0.259404 0.0211956 0.999515 0.0227964 -2.28008 -0.00396388 -0.0227173 0.999734 54.6393 
0.999772 -0.0213227 0.00134833 -0.265226 0.0212867 0.999516 0.0226907 -2.27221 -0.00183151 -0.0226569 0.999742 57.182 
0.999754 -0.0221995 0.000239114 -0.27122 0.0221879 0.999484 0.0232081 -2.26638 -0.000754197 -0.023197 0.999731 58.4514 
0.999744 -0.0226014 -0.00102468 -0.298282 0.0226189 0.999483 0.0228522 -2.26085 0.000507661 -0.0228695 0.999738 60.9752 
0.999691 -0.0247581 -0.00221632 -0.30344 0.0247998 0.999465 0.0213228 -2.24838 0.00168722 -0.0213712 0.99977 63.4856 
0.999653 -0.0261338 -0.00332678 -0.3077 0.0261999 0.999421 0.0216883 -2.24579 0.00275806 -0.0217679 0.999759 64.7368 
0.999626 -0.0269757 -0.00452792 -0.311935 0.0270747 0.999358 0.0234464 -2.24746 0.00389253 -0.0235602 0.999715 65.9892 
0.999641 -0.026269 -0.0052117 -0.316004 0.026379 0.999403 0.0223058 -2.24582 0.00462263 -0.0224353 0.999738 67.2336 
0.999738 -0.0220191 -0.00628682 -0.334359 0.0221491 0.999525 0.0214229 -2.24344 0.00581212 -0.0215565 0.999751 69.7112 
0.999806 -0.018996 -0.0052027 -0.366028 0.0191065 0.999574 0.0220712 -2.23386 0.00478122 -0.0221664 0.999743 72.1806 
0.999827 -0.0185117 -0.00190165 -0.399292 0.0185543 0.999501 0.0255556 -2.22688 0.00142763 -0.0255865 0.999672 74.6236 
0.999707 -0.0241604 0.00145408 -0.39999 0.0241263 0.999506 0.020127 -2.22371 -0.00193964 -0.020086 0.999796 77.0104 
0.999693 -0.0239782 0.00624357 -0.409142 0.0238112 0.999389 0.025572 -2.22503 -0.00685293 -0.0254155 0.999653 79.3272 
0.999705 -0.0224146 0.00936675 -0.401606 0.0221603 0.999405 0.0264268 -2.22545 -0.00995353 -0.0262114 0.999607 80.4491 
0.999661 -0.0224777 0.0131695 -0.393814 0.0221736 0.999494 0.0228036 -2.22581 -0.0136754 -0.0225038 0.999653 81.5572 
0.999506 -0.0246673 0.0194511 -0.365071 0.0244272 0.999624 0.0124888 -2.23399 -0.0197518 -0.0120075 0.999733 83.7517 
0.999408 -0.0266551 0.0217468 -0.344114 0.026422 0.999591 0.0109372 -2.24009 -0.0220294 -0.0103561 0.999704 84.8472 
0.999299 -0.0271736 0.0257542 -0.352067 0.0267992 0.999532 0.0147727 -2.23262 -0.0261435 -0.0140722 0.999559 87.0407 
0.999226 -0.0278174 0.0278053 -0.326169 0.0275046 0.999555 0.0115706 -2.23186 -0.0281148 -0.0107969 0.999546 89.2045 
0.999175 -0.0281973 0.0292174 -0.281204 0.0278315 0.99953 0.012852 -2.25203 -0.0295661 -0.0120282 0.99949 91.3588 
0.999135 -0.0291288 0.0296657 -0.258865 0.0287104 0.999484 0.0144341 -2.25741 -0.0300708 -0.0135699 0.999456 92.4326 
0.999093 -0.0322331 0.0278119 -0.200773 0.0317899 0.999363 0.0162334 -2.27306 -0.0283175 -0.0153346 0.999481 94.5668 
0.999092 -0.0371165 0.020895 -0.153061 0.0368345 0.999227 0.0137212 -2.28268 -0.0213882 -0.0129391 0.999688 96.6854 
0.999154 -0.0372386 0.0174265 -0.137299 0.0370662 0.999262 0.0101084 -2.29114 -0.01779 -0.00945396 0.999797 97.7393 
0.999324 -0.0357532 0.00859659 -0.10583 0.0357081 0.999348 0.00533812 -2.30897 -0.00878184 -0.00502754 0.999949 99.8598 
0.999367 -0.0354218 0.00338625 -0.11024 0.0354002 0.999354 0.00624197 -2.31945 -0.00360516 -0.00611814 0.999975 100.927 
0.999389 -0.0348328 -0.00299333 -0.122088 0.0348557 0.99936 0.00800634 -2.33074 0.00271254 -0.00810578 0.999963 102.002 
0.999237 -0.0348132 -0.017693 -0.150756 0.0349748 0.999349 0.00890598 -2.3506 0.0173714 -0.00951799 0.999804 104.162 
0.999185 -0.0295886 -0.0274566 -0.230727 0.0299024 0.999491 0.011089 -2.36535 0.0271146 -0.0119009 0.999561 106.347 
0.999431 -0.0207382 -0.0266137 -0.305862 0.0210031 0.999732 0.00971042 -2.37852 0.0264052 -0.0102639 0.999599 108.557 
0.999739 -0.0152307 -0.0170186 -0.367564 0.0154 0.999833 0.00986278 -2.39549 0.0168655 -0.0101223 0.999807 110.785 
0.999916 -0.0127362 -0.00229442 -0.395056 0.0127629 0.999846 0.0120072 -2.40447 0.00214114 -0.0120354 0.999925 113.047 
0.999793 -0.0108399 0.0171959 -0.387428 0.0106606 0.999888 0.0104862 -2.41237 -0.0173077 -0.0103007 0.999797 115.332 
0.999285 -0.0127371 0.0355878 -0.300533 0.0123973 0.999876 0.00975359 -2.42408 -0.0357076 -0.00930543 0.999319 117.643 
0.998477 -0.0152276 0.0530229 -0.173097 0.0147332 0.999844 0.00970286 -2.4276 -0.0531624 -0.00890688 0.998546 119.983 
0.997824 -0.01703 0.0637023 -0.0168793 0.0163021 0.999796 0.0119287 -2.44225 -0.0638925 -0.0108643 0.997898 122.345 
0.997224 -0.0128057 0.0733557 0.13015 0.0118489 0.999839 0.0134635 -2.44645 -0.0735163 -0.0125569 0.997215 124.755 
0.99676 -0.0116133 0.0795912 0.301678 0.0104205 0.999827 0.0153858 -2.44194 -0.0797561 -0.0145066 0.996709 127.198 
0.996606 -0.0141857 0.0810858 0.494171 0.0133523 0.999852 0.0108108 -2.43957 -0.0812272 -0.00969143 0.996648 129.672 
0.996696 -0.0233898 0.0777789 0.695793 0.0224281 0.999661 0.013216 -2.4383 -0.0780617 -0.0114279 0.996883 132.194 
0.997053 -0.0331058 0.0692049 0.881036 0.0319855 0.99934 0.0172334 -2.43441 -0.0697298 -0.014969 0.997454 134.761 
0.997549 -0.0417946 0.0561249 1.04601 0.0409658 0.999035 0.0158372 -2.42358 -0.0567326 -0.0134992 0.998298 137.368 
0.998029 -0.0454676 0.043262 1.17086 0.0448245 0.998871 0.0157199 -2.41437 -0.0439279 -0.0137498 0.99894 140.029 
0.998263 -0.0454365 0.0375158 1.22241 0.0448082 0.998844 0.0174215 -2.41517 -0.038264 -0.0157102 0.999144 141.371 
0.998531 -0.0436572 0.0321069 1.26339 0.0430693 0.998896 0.0187779 -2.41259 -0.0328912 -0.0173675 0.999308 142.731 
0.998726 -0.0425199 0.0271573 1.29163 0.0420443 0.998956 0.0178494 -2.4062 -0.0278879 -0.0166848 0.999472 144.097 
0.999024 -0.0407866 0.0169606 1.34795 0.0405864 0.999104 0.0119894 -2.39406 -0.0174344 -0.0112893 0.999784 146.851 
0.999167 -0.0391178 0.0116562 1.35819 0.0390775 0.999229 0.00366045 -2.41262 -0.0117904 -0.00320191 0.999925 149.648 
0.999229 -0.0381702 0.0092216 1.36019 0.0381426 0.999267 0.00315531 -2.43375 -0.00933528 -0.00280114 0.999953 152.488 
0.999326 -0.0361302 0.0065136 1.35006 0.0360905 0.99933 0.00611141 -2.46346 -0.00673004 -0.00587221 0.99996 155.354 
0.999375 -0.0352117 0.00305134 1.35089 0.0351845 0.999344 0.00854674 -2.48613 -0.00335028 -0.00843404 0.999959 158.24 
0.999362 -0.0356837 -0.00140106 1.35572 0.0356978 0.999292 0.0118483 -2.50536 0.000977279 -0.0118907 0.999929 161.12 
0.999419 -0.0337864 -0.00439794 1.33858 0.0338302 0.999374 0.010313 -2.52058 0.00404675 -0.0104558 0.999937 163.997 
0.999458 -0.0324792 -0.00531338 1.30293 0.0325203 0.99944 0.00784205 -2.5512 0.0050557 -0.0080106 0.999955 166.87 
0.999499 -0.0312964 -0.00465608 1.27114 0.0313399 0.999463 0.00957527 -2.57999 0.00435391 -0.0097164 0.999943 169.738 
0.99952 -0.0308071 -0.00328013 1.23258 0.0308427 0.999459 0.0114242 -2.60604 0.00292641 -0.0115198 0.999929 172.605 
0.999554 -0.0297133 -0.00287677 1.23686 0.0297443 0.999492 0.0114235 -2.60847 0.00253588 -0.0115039 0.999931 174.033 
0.999599 -0.0283265 -0.000598932 1.21443 0.0283313 0.999543 0.0105862 -2.64349 0.000298788 -0.0105989 0.999944 176.883 
0.999487 -0.0319997 0.00110605 1.21916 0.03199 0.999457 0.00786975 -2.66855 -0.00135728 -0.00783033 0.999968 179.711 
0.999352 -0.0358484 0.00326088 1.22722 0.035811 0.999299 0.0108832 -2.69832 -0.00364874 -0.0107594 0.999935 182.536 
0.99935 -0.0354949 0.00634292 1.22172 0.035406 0.99928 0.0136288 -2.71467 -0.00682211 -0.0133954 0.999887 185.348 
0.999375 -0.0340595 0.00944879 1.22664 0.0339698 0.999378 0.00950067 -2.73352 -0.0097665 -0.00917376 0.99991 188.142 
0.999336 -0.0346389 0.0112727 1.25435 0.0345047 0.999334 0.0118937 -2.75452 -0.0116772 -0.0114969 0.999866 190.931 
0.999252 -0.0368667 0.0117053 1.2777 0.0367134 0.999241 0.0130506 -2.77307 -0.0121775 -0.012611 0.999846 193.699 
0.99919 -0.0388146 0.0106269 1.31682 0.0387144 0.999205 0.00947689 -2.77802 -0.0109863 -0.0090578 0.999899 196.446 
0.999198 -0.0386174 0.0106186 1.31606 0.0385078 0.999205 0.0103324 -2.81128 -0.0110092 -0.00991524 0.99989 199.185 
0.999204 -0.0385148 0.0103498 1.32197 0.0383912 0.999192 0.01188 -2.83639 -0.010799 -0.0114732 0.999876 201.911 
0.999203 -0.0386361 0.00999221 1.33543 0.038514 0.999184 0.0121416 -2.85485 -0.0104532 -0.0117471 0.999876 204.623 
0.999215 -0.0383468 0.00994755 1.34036 0.0382359 0.999207 0.0111103 -2.88135 -0.0103657 -0.0107213 0.999889 207.315 
0.999225 -0.0381523 0.00970506 1.35679 0.0380417 0.999212 0.0113312 -2.9097 -0.0101297 -0.0109532 0.999889 209.994 
0.999233 -0.0381091 0.00902159 1.35938 0.0380062 0.999214 0.0113095 -2.92521 -0.00944549 -0.010958 0.999895 212.654 
0.999193 -0.0394048 0.00774053 1.35348 0.0393106 0.999155 0.0119619 -2.93168 -0.00820535 -0.0116479 0.999898 215.268 
0.999177 -0.0403284 0.00440449 1.35902 0.0402521 0.999058 0.0162126 -2.96075 -0.00505417 -0.016022 0.999859 217.81 
0.999251 -0.0386963 0.00094684 1.35897 0.0386729 0.999088 0.0181045 -2.98361 -0.00164655 -0.0180543 0.999836 220.251 
0.999186 -0.0400714 -0.00468238 1.37326 0.0401489 0.999034 0.0178475 -3.00686 0.00396269 -0.0180209 0.99983 222.576 
0.999108 -0.0406666 -0.0114141 1.33257 0.0408522 0.999029 0.0165203 -3.02465 0.0107311 -0.0169718 0.999798 224.797 
0.999055 -0.039478 -0.0182075 1.29275 0.0397653 0.999086 0.0156936 -3.04622 0.0175714 -0.0164028 0.999711 226.893 
0.999128 -0.0361832 -0.0208144 1.22062 0.0365488 0.999179 0.0174638 -3.07484 0.0201654 -0.0182093 0.999631 228.865 
0.999078 -0.0359043 -0.0235409 1.1686 0.036358 0.999156 0.019135 -3.09306 0.022834 -0.0199732 0.99954 230.708 
0.99898 -0.0360847 -0.0271269 1.11286 0.0365848 0.999165 0.018169 -3.10613 0.0264486 -0.0191429 0.999467 232.421 
0.999033 -0.0329756 -0.0290727 1.05572 0.0333928 0.999344 0.0139841 -3.11934 0.0285925 -0.0149414 0.999479 234.013 
0.999115 -0.0313442 -0.0280644 1.03413 0.0316466 0.999445 0.0103963 -3.13053 0.027723 -0.0112752 0.999552 234.786 
0.999344 -0.0304747 -0.0195804 0.995108 0.0306117 0.999509 0.00673149 -3.15038 0.0193656 -0.00732646 0.999786 236.333 
0.999391 -0.0331564 -0.0109007 0.964163 0.0332556 0.999406 0.00905308 -3.16801 0.0105941 -0.00941007 0.9999 237.87 
0.99942 -0.0340061 -0.0019172 0.951365 0.0340248 0.999364 0.0107139 -3.18725 0.00155164 -0.0107729 0.999941 239.395 
0.999389 -0.0342851 0.00680878 0.956311 0.0342104 0.999356 0.0108011 -3.20255 -0.00717471 -0.0105616 0.999918 240.908 
0.999302 -0.0346748 0.0139147 0.963736 0.0345003 0.999325 0.0125887 -3.21672 -0.0143419 -0.0120998 0.999824 242.407 
0.999184 -0.0360799 0.0181668 0.982875 0.0358188 0.999253 0.0144993 -3.2271 -0.0186764 -0.0138367 0.99973 243.894 
0.999158 -0.0357395 0.0201528 1.00492 0.0355259 0.99931 0.0108568 -3.24519 -0.0205269 -0.0101317 0.999738 245.366 
0.999154 -0.0352315 0.02121 1.02973 0.0351292 0.999369 0.00517965 -3.2551 -0.0213791 -0.00443018 0.999762 246.855 
0.999123 -0.0364067 0.0207018 1.04374 0.0363051 0.999327 0.00526455 -3.26445 -0.0208796 -0.00450835 0.999772 247.608 
0.999287 -0.032289 0.0195704 1.06191 0.0321834 0.999466 0.00568852 -3.2929 -0.0197436 -0.00505462 0.999792 249.105 
0.999323 -0.0313061 0.0193293 1.06744 0.0312268 0.999503 0.00438868 -3.30666 -0.0194571 -0.00378211 0.999804 249.871 
0.999243 -0.0334334 0.0198966 1.08188 0.0334034 0.99944 0.00183467 -3.31749 -0.0199468 -0.00116867 0.9998 250.639 
0.999113 -0.0363688 0.0212326 1.13239 0.0363208 0.999337 0.00263974 -3.33065 -0.0213145 -0.00186622 0.999771 252.194 
0.999243 -0.0322163 0.0218238 1.14241 0.0320259 0.999446 0.00901872 -3.33239 -0.0221023 -0.00831296 0.999721 252.983 
0.999219 -0.0318927 0.0233453 1.15028 0.0315725 0.999404 0.0139554 -3.34046 -0.0237764 -0.0132074 0.99963 253.781 
0.999039 -0.0331058 0.0287158 1.19295 0.0328986 0.999429 0.00765675 -3.34699 -0.0289528 -0.00670468 0.999558 255.369 
0.998968 -0.0298333 0.0342461 1.22917 0.0297584 0.999553 0.00269477 -3.36208 -0.0343112 -0.00167288 0.99941 256.977 
0.99872 -0.0336399 0.0377692 1.29545 0.033393 0.999417 0.00715023 -3.38058 -0.0379877 -0.00587985 0.999261 258.62 
0.998421 -0.0382564 0.0411417 1.36526 0.037962 0.999248 0.0079137 -3.39524 -0.0414135 -0.00633938 0.999122 260.286 
0.998401 -0.0353036 0.0441501 1.43047 0.0352412 0.999376 0.00219045 -3.41371 -0.0441999 -0.000631041 0.999023 261.967 
0.99836 -0.0343118 0.0458267 1.46061 0.0343057 0.999411 0.000919941 -3.42244 -0.0458313 0.000653688 0.998949 262.82 
0.99824 -0.0327752 0.0494216 1.54328 0.0325968 0.999459 0.0044124 -3.44405 -0.0495394 -0.00279365 0.998768 264.561 
0.998147 -0.0326029 0.0513743 1.61885 0.0324117 0.999464 0.00455127 -3.46198 -0.0514951 -0.00287771 0.998669 266.338 
0.998021 -0.036006 0.0515444 1.70622 0.0357672 0.999345 0.00554799 -3.47741 -0.0517103 -0.00369341 0.998655 268.147 
0.997941 -0.0379964 0.0516818 1.7929 0.0377143 0.999268 0.00642341 -3.49188 -0.0518881 -0.00446103 0.998643 269.992 
0.997974 -0.0376853 0.0512708 1.8741 0.0372625 0.999263 0.00917673 -3.50893 -0.0515789 -0.00724765 0.998643 271.859 
0.99811 -0.0375584 0.0486383 1.95583 0.0371548 0.999267 0.00917733 -3.52732 -0.0489474 -0.00735284 0.998774 273.728 
0.998226 -0.0375742 0.046188 1.99615 0.03724 0.999274 0.00807537 -3.53471 -0.0464579 -0.006341 0.9989 274.664 
0.998413 -0.0350969 0.0440518 2.02753 0.0348159 0.999368 0.00713007 -3.54228 -0.0442742 -0.00558505 0.999004 275.599 
0.998586 -0.0334925 0.0412719 2.0579 0.0332498 0.999426 0.00655424 -3.55649 -0.0414677 -0.00517269 0.999126 276.533 
0.998734 -0.032311 0.0385491 2.08496 0.0320588 0.99946 0.00714408 -3.56445 -0.0387591 -0.00589919 0.999231 277.467 
0.998935 -0.0319621 0.0332692 2.15049 0.0316247 0.999443 0.0106202 -3.59239 -0.0335901 -0.00955681 0.99939 279.321 
0.999076 -0.0330435 0.0274971 2.21483 0.0327016 0.999383 0.0127934 -3.61274 -0.0279029 -0.0118824 0.99954 281.172 
0.999165 -0.033056 0.0240099 2.24906 0.032757 0.999382 0.0127422 -3.61868 -0.0244162 -0.0119451 0.999631 283.014 
0.999267 -0.0322894 0.0205685 2.31194 0.032045 0.999413 0.0121054 -3.64591 -0.0209473 -0.0114374 0.999715 284.834 
0.999321 -0.0312341 0.0195224 2.31977 0.0309886 0.999438 0.012755 -3.65199 -0.0199099 -0.0121413 0.999728 285.733 
0.999404 -0.0298162 0.0173921 2.33898 0.0295922 0.999478 0.0129963 -3.67195 -0.0177705 -0.0124739 0.999764 287.486 
0.99956 -0.0248572 0.0162089 2.35505 0.0247269 0.999661 0.00819045 -3.69548 -0.016407 -0.00778605 0.999835 289.155 
0.999633 -0.021472 0.0165129 2.3675 0.021385 0.999757 0.0054245 -3.72054 -0.0166254 -0.00506938 0.999849 290.799 
0.999662 -0.0182214 0.018518 2.378 0.0181483 0.999827 0.00410533 -3.74297 -0.0185896 -0.00376787 0.99982 292.447 
0.999652 -0.0153549 0.021467 2.39893 0.0152927 0.999878 0.00306014 -3.76695 -0.0215114 -0.00273079 0.999765 294.077 
0.999604 -0.0143333 0.0242314 2.41453 0.0141896 0.999881 0.00609184 -3.78944 -0.0243159 -0.00574559 0.999688 295.692 
0.999589 -0.0171732 0.0229477 2.44296 0.016938 0.999802 0.0104046 -3.80671 -0.0231219 -0.0100117 0.999683 297.294 
0.999637 -0.0183567 0.0197079 2.47031 0.0181011 0.999751 0.0130677 -3.8249 -0.0199428 -0.0127062 0.99972 298.888 
0.999647 -0.0210824 0.016197 2.49253 0.0208441 0.999674 0.0147422 -3.8333 -0.0165025 -0.0143994 0.99976 300.489 
