-0.000000 0.000000 -0.000000 0.000000
0.007571 7.908780 -0.033001 7.904730
-0.005852 15.930700 -0.085962 15.927100
-0.007369 24.072100 -0.090852 24.072600
0.006827 32.335300 -0.201527 32.332900
0.021344 43.518600 -0.196763 43.527400
0.025370 53.457200 -0.310651 53.507600
0.002764 62.027900 -0.398384 62.040700
-0.027023 70.530000 -0.425574 70.518500
-0.052873 78.935000 -0.377666 78.936000
-0.075180 87.250200 -0.293346 87.265000
-0.191341 96.813800 -0.356934 96.814900
-0.305326 104.885000 -0.449036 104.859000
-0.413713 112.905000 -0.544382 112.874000
-0.433415 120.904000 -0.591004 120.873000
-0.471809 129.050000 -0.691734 129.014000
-0.464495 137.161000 -0.633041 137.134000
-0.478901 145.258000 -0.630059 145.218000
-0.513990 153.337000 -0.607565 153.320000
-0.484876 161.429000 -0.533962 161.394000
-0.459926 166.839000 -0.565173 166.789000
-0.377930 175.029000 -0.779909 174.946000
-0.314056 183.310000 -1.005660 183.201000
-0.303004 191.713000 -1.081970 191.598000
-0.315003 200.224000 -1.126250 200.112000
-0.342964 210.323000 -1.149940 210.208000
-0.360488 219.142000 -1.141090 219.010000
-0.374570 232.542000 -1.157450 232.386000
-0.372157 247.648000 -1.238880 247.486000
-0.347449 258.361000 -1.244270 258.216000
-0.325374 264.511000 -1.263780 264.359000
-0.314040 273.765000 -1.329810 273.611000
-0.244730 286.145000 -1.263600 286.003000
-0.175311 295.501000 -1.307460 295.357000
-0.100990 308.212000 -1.383460 307.996000
-0.105842 319.553000 -1.336480 319.356000
-0.084970 329.324000 -1.293620 329.103000
-0.045480 339.021000 -1.369320 338.806000
-0.035147 345.452000 -1.496490 345.231000
-0.062771 353.446000 -1.669120 353.214000
-0.109101 359.813000 -1.771730 359.575000
-0.155300 366.184000 -1.844200 365.930000
-0.251989 375.781000 -2.028310 375.529000
-0.287793 382.220000 -2.165100 381.966000
-0.316454 388.686000 -2.348020 388.455000
