1 1.19763e-11 1.70464e-10 5.55111e-17 1.19763e-11 1 3.5625e-10 0 1.70464e-10 3.5625e-10 1 2.22045e-16 
0.999788 -0.00732313 0.0192562 0.0423566 0.00732891 0.999973 -0.000229585 -0.0116398 -0.019254 0.000370663 0.999815 0.879969 
0.999943 -0.0106979 0.000415853 0.013096 0.0106997 0.999932 -0.00459541 -0.0308572 -0.000366663 0.00459959 0.999989 1.82318 
0.998497 -0.00122566 -0.054797 -0.0815717 0.000922747 0.999984 -0.00555285 -0.0516247 0.0548029 0.00549394 0.998482 2.8741 
0.99557 -0.00179519 -0.0940067 -0.196646 0.00135778 0.999988 -0.00471667 -0.0659799 0.0940141 0.00456813 0.99556 3.62717 
0.991289 -0.0020324 -0.131691 -0.297555 0.00166761 0.999994 -0.00288032 -0.0768642 0.131696 0.00263562 0.991287 4.41207 
0.985051 -0.00243955 -0.172246 -0.565089 0.00197685 0.999994 -0.00285779 -0.0951843 0.172252 0.00247456 0.98505 5.67224 
0.980327 -0.00476751 -0.197322 -0.857915 0.00312011 0.999958 -0.00865881 -0.112317 0.197355 0.0078728 0.9803 7.04456 
0.974861 -0.0169908 -0.222167 -1.18446 0.0142423 0.999801 -0.0139676 -0.145764 0.22236 0.0104522 0.974909 8.54044 
0.968681 -0.0101327 -0.2481 -1.62705 0.00439705 0.99971 -0.0236617 -0.187304 0.248268 0.0218297 0.968445 10.1286 
0.964119 -0.0154176 -0.265023 -1.93819 0.00841624 0.999585 -0.0275334 -0.226166 0.265338 0.0243149 0.963849 11.233 
0.957386 -0.0151373 -0.288414 -2.47928 0.00419963 0.99925 -0.0385047 -0.298934 0.28878 0.0356527 0.956731 12.9607 
0.954703 -0.0163666 -0.29711 -2.89552 0.000229545 0.998526 -0.0542674 -0.362445 0.29756 0.051741 0.9533 14.1637 
0.951891 -0.0165909 -0.305986 -3.30399 -0.0057874 0.997382 -0.0720833 -0.442852 0.306381 0.0703863 0.949303 15.426 
0.948329 -0.0145474 -0.316956 -3.71829 -0.013552 0.99618 -0.0862696 -0.543312 0.317 0.0861073 0.944509 16.7432 
0.944887 -0.0119292 -0.327179 -4.18475 -0.0211331 0.99503 -0.0973116 -0.675736 0.326713 0.0988628 0.939939 18.0591 
0.941473 -0.00770366 -0.336999 -4.70454 -0.0283596 0.994384 -0.101959 -0.822579 0.335892 0.105549 0.935968 19.4413 
0.937061 -0.00724742 -0.349091 -5.25175 -0.0292457 0.994642 -0.0991534 -0.989974 0.34794 0.103122 0.931828 20.8635 
0.927785 -0.00521075 -0.373079 -6.14779 -0.0300019 0.995623 -0.0885155 -1.23102 0.371907 0.0933164 0.923568 23.0879 
0.92057 0.00175542 -0.390574 -6.79463 -0.0355359 0.996219 -0.0792794 -1.38051 0.388958 0.0868616 0.917151 24.5786 
0.913161 0.00408903 -0.407578 -7.50468 -0.038823 0.996276 -0.0769863 -1.51925 0.405745 0.0861244 0.90992 26.0905 
0.905367 0.00483376 -0.424603 -8.23908 -0.0400508 0.99645 -0.0740552 -1.6548 0.422737 0.0840528 0.902346 27.6305 
0.897849 0.00545644 -0.440271 -9.00937 -0.038989 0.99698 -0.0671548 -1.8001 0.438575 0.0774605 0.89535 29.1963 
0.890308 0.00745304 -0.455298 -9.84063 -0.0375183 0.997667 -0.0570334 -1.93127 0.453811 0.0678593 0.88851 30.7975 
0.883655 0.0067853 -0.468089 -10.7217 -0.0361165 0.997903 -0.053715 -2.05015 0.466743 0.0643713 0.882047 32.416 
0.87776 0.00597385 -0.479064 -11.6463 -0.0342141 0.998151 -0.0502416 -2.15913 0.477878 0.0604908 0.876341 34.069 
0.872751 0.0036506 -0.488152 -12.5854 -0.0323291 0.998209 -0.0503352 -2.2725 0.487094 0.0597116 0.871306 35.7708 
0.870397 0.0025216 -0.492345 -13.5825 -0.031223 0.998257 -0.0500851 -2.37918 0.49136 0.0589664 0.868958 37.5362 
0.870173 0.00257781 -0.492739 -14.6239 -0.0301104 0.998396 -0.0479515 -2.49482 0.491825 0.0565627 0.868855 39.3247 
0.868537 -0.00127328 -0.495622 -15.6877 -0.0266502 0.99843 -0.0492672 -2.61138 0.494907 0.0559988 0.86714 41.155 
0.865122 -0.000297807 -0.501561 -16.7714 -0.0250184 0.998729 -0.0437462 -2.72699 0.500937 0.050394 0.864016 42.9976 
0.853049 -0.00385072 -0.521817 -18.4154 -0.0201355 0.998985 -0.0402888 -2.89375 0.521443 0.0448753 0.852105 45.7298 
0.841148 -0.00728194 -0.540756 -19.5902 -0.018819 0.99891 -0.0427246 -3.00781 0.540477 0.0461142 0.840094 47.5347 
0.831585 0.00262943 -0.555391 -20.8328 -0.0249396 0.999157 -0.0326117 -3.11919 0.554837 0.0409706 0.83095 49.2888 
0.82432 0.000978026 -0.566123 -22.0437 -0.0272261 0.99891 -0.0379177 -3.22459 0.565468 0.0466697 0.823448 51.0295 
0.815276 0.000103315 -0.579073 -23.9311 -0.0302625 0.998641 -0.0424284 -3.39532 0.578282 0.052115 0.814171 53.6463 
0.810392 0.00625572 -0.585855 -25.2333 -0.0323613 0.998894 -0.0340981 -3.50472 0.584994 0.0465919 0.809698 55.3584 
0.804795 0.00627709 -0.593519 -26.5435 -0.0343279 0.998763 -0.0359846 -3.61271 0.592559 0.0493345 0.804015 57.058 
0.796735 0.00280592 -0.604323 -27.8509 -0.0328842 0.998709 -0.0387171 -3.71895 0.603434 0.0507199 0.795798 58.7759 
0.787441 0.00270003 -0.616384 -29.1698 -0.0326525 0.998769 -0.0373391 -3.8164 0.615524 0.0495289 0.78656 60.4657 
0.77789 0.00122624 -0.6284 -30.5596 -0.0329347 0.998703 -0.0388207 -3.93241 0.627537 0.0508944 0.776921 62.1278 
0.766967 -0.000949078 -0.641686 -31.9584 -0.0326627 0.998645 -0.0405167 -4.03849 0.640855 0.0520341 0.765897 63.8036 
0.755235 -0.00329558 -0.655446 -33.4058 -0.0317054 0.998633 -0.0415535 -4.15294 0.654687 0.0521639 0.754098 65.4814 
0.743724 -0.00298444 -0.66848 -34.9183 -0.0308197 0.998774 -0.0387478 -4.25691 0.667776 0.04942 0.74272 67.0809 
0.731656 -0.00506823 -0.681655 -36.4425 -0.0310199 0.998689 -0.0407207 -4.37456 0.680968 0.0509384 0.730539 68.7142 
0.720734 -0.00334573 -0.693204 -38.0267 -0.0329386 0.998694 -0.0390669 -4.4942 0.692429 0.05099 0.719682 70.3332 
0.711095 -0.00367438 -0.703086 -39.6309 -0.0340436 0.998634 -0.0396503 -4.60631 0.702271 0.0521308 0.709998 71.9633 
0.701068 -0.00733294 -0.713057 -41.2702 -0.0351155 0.998379 -0.0447922 -4.72347 0.71223 0.0564417 0.699674 73.5674 
0.691501 -0.00680583 -0.722344 -42.9531 -0.0357753 0.998406 -0.0436546 -4.84508 0.721489 0.0560292 0.690155 75.1532 
0.682321 -0.00684585 -0.731021 -44.6783 -0.0357543 0.998447 -0.0427227 -4.98055 0.730178 0.0552877 0.681017 76.7327 
0.672962 -0.00858403 -0.739628 -46.4132 -0.0338574 0.998527 -0.0423944 -5.10696 0.738902 0.0535717 0.67168 78.3094 
0.665165 -0.01212 -0.746598 -48.199 -0.0307203 0.998578 -0.04358 -5.23045 0.746065 0.0519236 0.663846 79.8868 
0.656067 -0.0215284 -0.754396 -50.0047 -0.0228878 0.998566 -0.0484009 -5.35252 0.754356 0.0490207 0.654633 81.459 
0.641618 -0.0286999 -0.766487 -51.8489 -0.0132901 0.998734 -0.0485209 -5.49759 0.766909 0.0413185 0.640424 83.0013 
0.624639 -0.027848 -0.780417 -53.756 -0.0111534 0.998944 -0.0445728 -5.63091 0.780834 0.0365462 0.623668 84.5174 
0.606919 -0.0283964 -0.794256 -55.7114 -0.0125533 0.998894 -0.0453051 -5.77644 0.794665 0.037467 0.605891 85.9881 
0.587582 -0.032401 -0.808516 -57.7047 -0.011374 0.998769 -0.0482912 -5.90911 0.809085 0.0375711 0.58649 87.4283 
0.567566 -0.0332973 -0.822655 -59.7411 -0.00757567 0.998928 -0.0456587 -6.04712 0.823293 0.0321465 0.566705 88.8442 
0.548252 -0.0345034 -0.835601 -61.8377 -0.00834718 0.998873 -0.0467219 -6.18387 0.836272 0.0325903 0.547346 90.1893 
0.527072 -0.0367223 -0.849027 -63.9517 -0.00883933 0.998775 -0.0486867 -6.33029 0.849775 0.0331662 0.526102 91.5379 
0.507833 -0.0342318 -0.860775 -66.1292 -0.0105823 0.998887 -0.0459675 -6.48098 0.861391 0.0324528 0.506905 92.8358 
0.492334 -0.0329087 -0.869784 -68.3389 -0.00942751 0.999025 -0.043135 -6.62993 0.870355 0.0294367 0.491544 94.081 
0.477701 -0.0398072 -0.87762 -70.5729 -0.00381669 0.998869 -0.0473843 -6.7768 0.878514 0.0259851 0.477009 95.2896 
0.465126 -0.0469482 -0.883999 -72.8011 0.00085911 0.998616 -0.0525834 -6.92857 0.885244 0.0236984 0.464522 96.4957 
0.45686 -0.0458085 -0.888358 -75.0472 0.00481236 0.998786 -0.0490278 -7.07965 0.889525 0.0181238 0.456526 97.6554 
0.449242 -0.0438681 -0.892332 -77.3426 0.0102757 0.998981 -0.0439379 -7.23261 0.893351 0.0105694 0.449235 98.8089 
0.444448 -0.0426531 -0.894789 -79.5783 0.0129302 0.999067 -0.0412013 -7.37733 0.895711 0.00674203 0.444585 99.9162 
0.441438 -0.0438751 -0.896219 -81.8441 0.0182649 0.999036 -0.0399121 -7.5009 0.897106 0.00124938 0.441814 100.943 
0.438215 -0.0432506 -0.897829 -84.0256 0.0229385 0.999055 -0.0369309 -7.6284 0.898578 -0.00441121 0.438793 101.976 
0.43383 -0.0453948 -0.899851 -86.167 0.028019 0.998927 -0.0368845 -7.73682 0.900559 -0.00921131 0.434636 103.035 
0.433101 -0.0474603 -0.900095 -88.2841 0.0292939 0.998826 -0.0385708 -7.87827 0.900869 -0.00966225 0.433983 104.017 
0.43483 -0.0479993 -0.899232 -90.3416 0.0276318 0.998819 -0.0399535 -8.02183 0.900088 -0.00747436 0.435643 105.017 
0.44279 -0.0489415 -0.895289 -92.3768 0.0250839 0.998795 -0.0421937 -8.15314 0.896275 -0.00377442 0.443484 106.017 
0.456236 -0.047395 -0.888596 -94.3876 0.0228539 0.998875 -0.0415429 -8.289 0.889565 -0.00135452 0.456806 107.007 
0.473561 -0.0460974 -0.879554 -96.3682 0.0215772 0.998937 -0.0407369 -8.41127 0.880497 0.000313078 0.474052 108.019 
0.494364 -0.0462651 -0.868023 -98.3102 0.0194559 0.998921 -0.0421613 -8.52874 0.869037 0.00395489 0.494731 109.049 
0.516873 -0.0487044 -0.854676 -100.208 0.0161558 0.998757 -0.0471447 -8.6541 0.85591 0.0105599 0.517017 110.127 
0.540708 -0.0444739 -0.840034 -102.056 0.0121233 0.99891 -0.0450818 -8.7821 0.841123 0.0141922 0.540658 111.296 
0.564183 -0.0416634 -0.824598 -103.851 0.0107914 0.999013 -0.0430925 -8.89986 0.825579 0.0154135 0.564076 112.507 
0.586078 -0.0429003 -0.809118 -105.614 0.0111787 0.99893 -0.0448672 -9.03991 0.810178 0.0172508 0.585931 113.749 
0.607351 -0.0447558 -0.793172 -107.304 0.0137162 0.998854 -0.0458588 -9.16473 0.794315 0.0169731 0.607268 114.993 
0.628021 -0.0405776 -0.777138 -108.942 0.0138691 0.999065 -0.0409574 -9.28127 0.778073 0.0149439 0.627996 116.262 
0.647845 -0.0383577 -0.760806 -110.504 0.010637 0.99909 -0.0413136 -9.3972 0.761698 0.0186721 0.647663 117.557 
0.665147 -0.0343061 -0.745924 -111.951 0.00474791 0.999118 -0.0417171 -9.52657 0.746697 0.0242064 0.664724 118.915 
0.682773 -0.0307883 -0.729981 -113.399 0.0049139 0.999283 -0.0375504 -9.63938 0.730614 0.0220514 0.682435 120.239 
0.697951 -0.0292488 -0.715548 -114.789 0.00378337 0.999302 -0.0371572 -9.74385 0.716136 0.0232267 0.697574 121.579 
0.712041 -0.0263258 -0.701644 -116.126 0.00329044 0.999411 -0.0341589 -9.84411 0.70213 0.0220138 0.711709 122.924 
0.72645 -0.021637 -0.686879 -117.394 0.000851619 0.999532 -0.0305851 -9.9419 0.687219 0.0216336 0.726128 124.238 
0.741411 -0.017917 -0.670812 -118.589 -0.00243768 0.999565 -0.0293921 -10.0244 0.671047 0.0234269 0.741045 125.544 
0.75955 -0.0109781 -0.650356 -119.743 -0.00554846 0.999712 -0.0233554 -10.1045 0.650425 0.021348 0.75927 126.853 
0.778569 -0.00885486 -0.627496 -120.821 -0.00765144 0.999692 -0.0236006 -10.1799 0.627512 0.023176 0.778262 128.189 
0.799123 -0.0083821 -0.60111 -121.887 -0.00881929 0.999632 -0.0256637 -10.2398 0.601103 0.0258098 0.798754 129.494 
0.818711 -0.00417637 -0.57419 -122.866 -0.00990927 0.999722 -0.0214007 -10.3156 0.57412 0.0232108 0.818442 130.864 
0.836842 -0.00279479 -0.547438 -123.793 -0.0073607 0.999839 -0.0163564 -10.3882 0.547395 0.0177172 0.836687 132.26 
0.858457 -0.00287321 -0.512878 -125.13 -0.00446436 0.999905 -0.013074 -10.4666 0.512867 0.0135132 0.858362 134.4 
0.871653 0.000463281 -0.490124 -125.99 -0.00746043 0.999896 -0.0123227 -10.5165 0.490067 0.0143977 0.871566 135.863 
0.883457 0.00213544 -0.468508 -126.792 -0.00875786 0.99989 -0.0119571 -10.5663 0.468431 0.0146667 0.883378 137.351 
0.895602 0.00242874 -0.444849 -127.937 -0.00906849 0.999877 -0.0127983 -10.6393 0.444763 0.0154963 0.895514 139.662 
0.901855 0.00902879 -0.431944 -128.728 -0.0126109 0.999906 -0.00542962 -10.6768 0.431854 0.0103439 0.901884 141.253 
0.907901 0.0137942 -0.418958 -129.478 -0.0156241 0.999877 -0.00093718 -10.6975 0.418893 0.00739672 0.908005 142.892 
0.914308 0.0165311 -0.404682 -130.252 -0.0162644 0.999859 0.00409734 -10.7205 0.404693 0.00283568 0.914448 144.575 
0.920943 0.0164171 -0.389351 -130.993 -0.0150243 0.999865 0.00662219 -10.7268 0.389407 -0.00024894 0.921066 146.334 
0.927907 0.0141198 -0.372545 -131.729 -0.012794 0.9999 0.00603077 -10.7409 0.372593 -0.000829633 0.927994 148.144 
0.935034 0.00985666 -0.354421 -132.412 -0.009593 0.999951 0.00250095 -10.753 0.354428 0.00106149 0.935083 150.035 
0.945648 0.0157239 -0.324812 -133.08 -0.0158148 0.999872 0.00236041 -10.7667 0.324807 0.00290471 0.945776 151.939 
0.957731 0.0222839 -0.2868 -133.695 -0.0213668 0.999752 0.00632747 -10.7818 0.28687 6.79964e-05 0.957969 153.95 
0.969226 0.0236503 -0.245034 -134.214 -0.0223563 0.999718 0.00806124 -10.7976 0.245156 -0.0023351 0.969481 156.024 
0.979007 0.0219198 -0.202646 -134.662 -0.0195194 0.999714 0.0138365 -10.8115 0.202892 -0.00959051 0.979154 158.164 
0.987122 0.0258183 -0.157873 -135.074 -0.0228332 0.999525 0.020693 -10.7983 0.158332 -0.0168218 0.987243 160.373 
0.993084 0.0266001 -0.114355 -135.342 -0.0247294 0.999537 0.0177467 -10.7726 0.114774 -0.0147961 0.993281 162.64 
0.99685 0.0230641 -0.0758856 -135.517 -0.0217365 0.999597 0.018275 -10.7832 0.0762765 -0.0165679 0.996949 164.935 
0.999065 0.024461 -0.0356522 -135.64 -0.0237359 0.999506 0.0206217 -10.7688 0.036139 -0.0197562 0.999151 167.337 
0.999584 0.0281703 0.00613942 -135.698 -0.0282979 0.999362 0.0217838 -10.7537 -0.00552184 -0.0219484 0.999744 169.79 
0.998598 0.0289601 0.0442992 -135.569 -0.0298319 0.999372 0.0191469 -10.722 -0.0437169 -0.0204416 0.998835 172.249 
0.996317 0.0293249 0.0805722 -135.39 -0.0305358 0.999438 0.0138379 -10.704 -0.0801211 -0.0162473 0.996653 174.756 
0.992772 0.0278846 0.116735 -135.101 -0.0291217 0.999536 0.00890513 -10.7038 -0.116433 -0.0122403 0.993123 177.304 
0.987643 0.0312435 0.153574 -134.785 -0.0311183 0.999511 -0.00321975 -10.7259 -0.153599 -0.00159898 0.988132 179.898 
0.981169 0.0361477 0.189736 -134.37 -0.0343678 0.999329 -0.012664 -10.7677 -0.190067 0.00590476 0.981753 182.511 
0.973677 0.0372479 0.224867 -133.82 -0.0346753 0.99928 -0.0153807 -10.8351 -0.225278 0.0071785 0.974268 185.159 
0.964545 0.0391734 0.260994 -133.198 -0.0347325 0.999163 -0.0216077 -10.9168 -0.261622 0.0117766 0.965099 187.805 
0.95435 0.0433467 0.295529 -132.518 -0.0373053 0.998964 -0.026053 -11.0334 -0.296352 0.0138389 0.954978 190.471 
0.942002 0.051453 0.331641 -131.669 -0.0440743 0.998586 -0.0297376 -11.1669 -0.332702 0.013396 0.942937 193.152 
0.92891 0.0537223 0.366388 -130.771 -0.043425 0.998397 -0.0362956 -11.3196 -0.367751 0.017805 0.929754 195.858 
0.91386 0.0569655 0.402013 -129.695 -0.041086 0.998001 -0.0480203 -11.4787 -0.403945 0.0273667 0.914374 198.547 
0.892099 0.0637514 0.447321 -128.507 -0.0446761 0.997591 -0.0530767 -11.67 -0.449626 0.0273651 0.892797 201.243 
0.862405 0.0741157 0.500765 -127.348 -0.0507822 0.9969 -0.0600905 -11.8581 -0.503666 0.0263924 0.863495 203.933 
0.832687 0.0797955 0.547965 -125.797 -0.0521826 0.996467 -0.0658103 -12.0997 -0.55128 0.0262052 0.833908 206.478 
0.802392 0.0807797 0.591305 -124.134 -0.04627 0.996235 -0.0733105 -12.3635 -0.595001 0.0314641 0.803109 208.909 
0.770057 0.0850533 0.632281 -122.307 -0.0423531 0.995702 -0.0823582 -12.6314 -0.636568 0.0366414 0.770349 211.296 
0.736487 0.0887368 0.670606 -120.385 -0.0399714 0.995335 -0.0878077 -12.9338 -0.67527 0.0378641 0.736598 213.631 
0.706984 0.0882593 0.7017 -118.303 -0.0331922 0.99523 -0.0917371 -13.2619 -0.70645 0.0415657 0.706542 215.854 
0.674341 0.0948123 0.732308 -116.215 -0.0306237 0.99446 -0.100554 -13.5644 -0.737785 0.0453814 0.673508 218.043 
0.643616 0.0978675 0.759065 -113.951 -0.027908 0.994132 -0.104512 -13.9074 -0.764839 0.0460814 0.642571 220.089 
0.609191 0.100141 0.786676 -111.62 -0.0294661 0.994168 -0.103736 -14.2587 -0.792476 0.0400145 0.608589 222.058 
0.573195 0.103149 0.812901 -109.195 -0.034632 0.994208 -0.101736 -14.6249 -0.818687 0.0301618 0.573447 223.868 
0.537242 0.109603 0.836276 -106.749 -0.0363028 0.993607 -0.106901 -14.9817 -0.842646 0.0270727 0.537786 225.542 
0.49754 0.108151 0.860672 -104.24 -0.03584 0.993913 -0.104175 -15.3655 -0.8667 0.0209848 0.498388 227.06 
0.455813 0.104139 0.883962 -101.726 -0.0343497 0.99445 -0.0994432 -15.726 -0.889413 0.0149637 0.45686 228.453 
0.411988 0.103051 0.905343 -99.2145 -0.0330974 0.994621 -0.0981517 -16.0632 -0.910588 0.0104729 0.413183 229.722 
0.371968 0.101838 0.922642 -96.6637 -0.0264203 0.994722 -0.0991425 -16.4074 -0.92787 0.0125013 0.372695 230.793 
0.331374 0.0992356 0.938266 -94.1305 -0.0188652 0.994951 -0.0985681 -16.7331 -0.943311 0.0149623 0.331573 231.747 
0.288397 0.105352 0.951697 -91.6168 -0.0198886 0.994373 -0.104049 -17.049 -0.957304 0.0110797 0.28887 232.621 
0.252546 0.12147 0.95993 -89.1383 -0.0205746 0.992538 -0.120184 -17.4023 -0.967366 0.0106017 0.253161 233.272 
0.212824 0.126759 0.968833 -86.6724 -0.0253068 0.991932 -0.124222 -17.757 -0.976763 0.00191925 0.214315 233.904 
0.172897 0.127013 0.976716 -84.2423 -0.029696 0.991872 -0.123727 -18.1128 -0.984492 -0.0076124 0.175264 234.427 
0.136249 0.125046 0.982751 -81.8173 -0.0291011 0.992079 -0.122198 -18.4702 -0.990247 -0.0119498 0.138809 234.801 
0.097713 0.129143 0.9868 -79.4273 -0.031844 0.991443 -0.126597 -18.808 -0.994705 -0.0190535 0.100989 235.127 
0.062668 0.127233 0.989891 -77.0691 -0.0312653 0.991604 -0.125474 -19.1593 -0.997545 -0.023086 0.0661199 235.339 
0.0324486 0.118932 0.992372 -74.7208 -0.0288339 0.992593 -0.118015 -19.4875 -0.999057 -0.0247845 0.0356376 235.472 
0.00997515 0.116058 0.993192 -72.4696 -0.0262478 0.99293 -0.115764 -19.7913 -0.999606 -0.0249144 0.0129509 235.501 
-0.00517357 0.120021 0.992758 -70.2508 -0.0277208 0.992372 -0.120119 -20.0953 -0.999602 -0.0281415 -0.00180703 235.52 
-0.0157106 0.132595 0.991046 -68.0887 -0.0269334 0.990752 -0.132982 -20.4123 -0.999514 -0.0287815 -0.0119941 235.505 
-0.0226052 0.1266 0.991696 -65.9523 -0.0269035 0.991513 -0.12719 -20.7286 -0.999382 -0.0295553 -0.0190073 235.46 
-0.0254371 0.113645 0.993196 -63.8402 -0.0243832 0.993151 -0.114264 -21.0155 -0.999379 -0.0271239 -0.0224919 235.418 
-0.0247028 0.119188 0.992564 -61.777 -0.0254932 0.992469 -0.119811 -21.2876 -0.99937 -0.0282633 -0.0214783 235.389 
-0.0217553 0.122126 0.992276 -59.7462 -0.0305954 0.991965 -0.122759 -21.5731 -0.999295 -0.0330297 -0.017844 235.384 
-0.0145039 0.124934 0.992059 -57.7394 -0.033952 0.99153 -0.125363 -21.854 -0.999318 -0.0355006 -0.0101393 235.372 
-0.00269477 0.125527 0.992087 -55.7506 -0.0360722 0.991432 -0.125542 -22.1314 -0.999346 -0.0361251 0.00185635 235.375 
0.0115017 0.12385 0.992234 -53.7714 -0.0346122 0.991755 -0.123389 -22.4093 -0.999335 -0.0329242 0.0156936 235.4 
0.0257854 0.124412 0.991895 -51.809 -0.0343071 0.991751 -0.123502 -22.6888 -0.999079 -0.0308445 0.029841 235.468 
0.0387545 0.121403 0.991846 -49.8539 -0.0367253 0.992095 -0.119999 -22.9505 -0.998574 -0.0317753 0.0429067 235.572 
0.0539325 0.12038 0.991262 -47.9138 -0.0362589 0.992288 -0.118532 -23.2159 -0.997886 -0.0295493 0.0578814 235.67 
0.0680716 0.123987 0.989946 -45.9959 -0.0354813 0.991921 -0.121795 -23.4739 -0.997049 -0.0268338 0.0719208 235.802 
0.0816569 0.126104 0.988651 -44.0803 -0.0391799 0.991603 -0.123245 -23.7416 -0.99589 -0.0286714 0.085912 235.969 
0.0945805 0.123549 0.987821 -42.1752 -0.0413613 0.9919 -0.120099 -24.0013 -0.994658 -0.0294985 0.0989245 236.174 
0.108024 0.121579 0.986686 -40.2756 -0.041163 0.99219 -0.117751 -24.2556 -0.993296 -0.027895 0.112185 236.392 
0.121987 0.123076 0.984871 -38.3917 -0.0391936 0.992105 -0.119125 -24.5093 -0.991757 -0.0240688 0.125848 236.636 
0.139537 0.127155 0.982019 -36.5162 -0.0383681 0.991671 -0.122953 -24.76 -0.989473 -0.0205217 0.143253 236.925 
0.15735 0.127709 0.97925 -34.6707 -0.0404525 0.991604 -0.12282 -25.0089 -0.986714 -0.0202874 0.161195 237.235 
0.166455 0.126372 0.977918 -32.824 -0.044512 0.991706 -0.120577 -25.2657 -0.985044 -0.0234584 0.170699 237.566 
0.173206 0.129322 0.976358 -30.9598 -0.0435774 0.991377 -0.123581 -25.5171 -0.983921 -0.0211423 0.177348 237.884 
0.180564 0.12873 0.975103 -29.0758 -0.0399741 0.991539 -0.123498 -25.7726 -0.982751 -0.0166796 0.184182 238.229 
0.186826 0.129991 0.973755 -27.1824 -0.0401345 0.991389 -0.124645 -26.0397 -0.981573 -0.0157941 0.190435 238.621 
0.193409 0.124192 0.973226 -25.2721 -0.0380716 0.992159 -0.119042 -26.2979 -0.980379 -0.0140285 0.19662 239.02 
0.202413 0.124604 0.971341 -23.3652 -0.0375385 0.99213 -0.119449 -26.5613 -0.978581 -0.0122847 0.205497 239.449 
0.217088 0.124805 0.968141 -21.4429 -0.03451 0.992154 -0.120163 -26.8322 -0.975542 -0.00732466 0.219692 239.828 
0.226065 0.123711 0.966225 -19.5495 -0.0356658 0.992289 -0.118703 -27.092 -0.973459 -0.00762654 0.228734 240.402 
0.243222 0.125074 0.961873 -17.6783 -0.0329574 0.992145 -0.120677 -27.3495 -0.969411 -0.00234955 0.245433 240.952 
0.26548 0.121742 0.956399 -15.7849 -0.0336877 0.992561 -0.116994 -27.611 -0.963528 -0.00115918 0.267607 241.481 
0.286311 0.122449 0.95028 -13.9152 -0.0367403 0.992474 -0.116816 -27.8713 -0.957432 -0.00146789 0.288655 242.062 
0.306931 0.125528 0.943417 -12.0536 -0.0419339 0.992085 -0.118361 -28.135 -0.950807 -0.00323263 0.309765 242.686 
0.326238 0.123553 0.937178 -10.2017 -0.0460102 0.992322 -0.114807 -28.3974 -0.944167 -0.00566535 0.329418 243.323 
0.341546 0.12152 0.931976 -8.36701 -0.0469451 0.992574 -0.112217 -28.6416 -0.938692 -0.00542438 0.344715 244.017 
0.356983 0.120235 0.926341 -6.55162 -0.0506067 0.992714 -0.109348 -28.8963 -0.932739 -0.00784365 0.360467 244.736 
0.373564 0.122928 0.919423 -4.75331 -0.0510294 0.992403 -0.111952 -29.1338 -0.9262 -0.00509645 0.376999 245.471 
0.389909 0.12003 0.912997 -2.99285 -0.0508017 0.992762 -0.10882 -29.3784 -0.919451 -0.0039517 0.393185 246.249 
0.407077 0.114916 0.906136 -1.26019 -0.0523411 0.993359 -0.102464 -29.6109 -0.911893 -0.00571757 0.410388 247.048 
0.42395 0.112155 0.898714 0.458196 -0.0553275 0.993657 -0.0979036 -29.8273 -0.903994 -0.00821736 0.427466 247.871 
0.446305 0.110235 0.888065 2.95363 -0.0589507 0.99385 -0.0937403 -30.1347 -0.892937 -0.0105153 0.450059 249.202 
0.471212 0.110676 0.875049 5.39882 -0.0599739 0.99382 -0.0934025 -30.4348 -0.879979 -0.00846766 0.474938 250.54 
0.486266 0.107958 0.867116 7.01088 -0.0607507 0.994114 -0.089701 -30.6257 -0.871696 -0.00905936 0.489963 251.474 
0.498391 0.103155 0.860794 8.62674 -0.0613657 0.994603 -0.0836601 -30.8174 -0.864778 -0.0111278 0.502031 252.423 
0.507453 0.0972728 0.856172 10.2548 -0.0613229 0.995165 -0.0767183 -30.9936 -0.859495 -0.013572 0.510964 253.367 
0.511422 0.0946302 0.854104 12.667 -0.0631135 0.99537 -0.0724905 -31.2398 -0.857009 -0.0168323 0.515026 254.881 
0.51585 0.0962212 0.851258 14.2943 -0.0613804 0.99527 -0.0753038 -31.4049 -0.854477 -0.0134052 0.519316 255.865 
0.519628 0.0914502 0.849484 15.9208 -0.0582299 0.995734 -0.0715754 -31.5715 -0.852406 -0.0122728 0.522737 256.881 
0.522446 0.0855122 0.848374 17.55 -0.0569527 0.996236 -0.0653434 -31.7352 -0.850768 -0.0141788 0.52535 257.899 
0.523891 0.0815988 0.847868 19.1811 -0.0566043 0.996536 -0.0609313 -31.8848 -0.849902 -0.0160716 0.526695 258.947 
0.524625 0.0826702 0.84731 20.8075 -0.0608348 0.99637 -0.0595468 -32.0257 -0.849157 -0.0203062 0.527749 259.989 
0.526214 0.0786723 0.846705 22.4684 -0.0612745 0.996631 -0.0545216 -32.1631 -0.848142 -0.0231914 0.529261 261.028 
0.528258 0.0746895 0.845793 24.1352 -0.0603703 0.996906 -0.0503283 -32.2954 -0.846935 -0.0244744 0.531133 262.079 
0.531147 0.0718067 0.844231 25.8077 -0.0607446 0.997065 -0.0465887 -32.4292 -0.845099 -0.026537 0.533951 263.121 
0.533862 0.0683966 0.842801 27.4492 -0.0616462 0.997219 -0.0418792 -32.5542 -0.843321 -0.0295977 0.536594 264.207 
0.538944 0.0658083 0.839767 29.0891 -0.0610879 0.997372 -0.0389541 -32.67 -0.840123 -0.0303055 0.541548 265.273 
0.547423 0.0587111 0.834794 30.7223 -0.057691 0.99781 -0.0323446 -32.7723 -0.834865 -0.0304539 0.549612 266.344 
0.559727 0.0550708 0.826845 32.3324 -0.0535209 0.998109 -0.0302469 -32.8633 -0.826947 -0.0273235 0.561616 267.449 
0.571015 0.0569788 0.81896 33.902 -0.0567805 0.997941 -0.0298414 -32.9468 -0.818973 -0.029461 0.573075 268.6 
0.585389 0.0512405 0.809132 35.4762 -0.0561002 0.998169 -0.0226246 -33.0348 -0.808809 -0.0321482 0.587192 269.714 
0.601177 0.0501912 0.797538 37.0271 -0.0541685 0.99829 -0.0219932 -33.1034 -0.797278 -0.0299797 0.602868 270.895 
0.619816 0.04869 0.783235 38.5678 -0.0521034 0.998424 -0.0208351 -33.1778 -0.783016 -0.0278953 0.621376 272.116 
0.638853 0.0443292 0.76805 40.1031 -0.0496143 0.998634 -0.0163692 -33.2404 -0.767727 -0.0276488 0.64018 273.375 
0.65641 0.0423227 0.753216 41.5864 -0.0507216 0.998642 -0.0119103 -33.2995 -0.752697 -0.0303863 0.657666 274.699 
0.674194 0.0359985 0.737676 43.0415 -0.0490367 0.998789 -0.00392398 -33.3369 -0.736924 -0.0335277 0.675143 276.067 
0.691504 0.0270324 0.721867 44.5036 -0.0441117 0.999015 0.00484527 -33.3681 -0.721025 -0.0351933 0.692015 277.49 
0.720751 0.0194995 0.69292 46.6684 -0.0357827 0.999318 0.00909802 -33.3891 -0.69227 -0.031352 0.720957 279.7 
0.739703 0.0139326 0.67279 48.0719 -0.0323857 0.999364 0.0149111 -33.3924 -0.672154 -0.0328185 0.739684 281.245 
0.757941 0.0105006 0.652239 49.4317 -0.0301294 0.999367 0.018923 -33.3869 -0.651627 -0.0339941 0.757777 282.846 
0.774925 0.0103525 0.631968 50.7661 -0.0308421 0.999294 0.021449 -33.3781 -0.6313 -0.0361126 0.774698 284.489 
0.787447 0.0146892 0.616207 52.0647 -0.0369642 0.999042 0.0234211 -33.3629 -0.615273 -0.0412204 0.787236 286.187 
0.798998 0.0199044 0.601004 53.3478 -0.0413088 0.998908 0.0218351 -33.3488 -0.599913 -0.042273 0.798948 287.917 
0.810056 0.0215533 0.585956 54.6147 -0.0471936 0.998479 0.0285156 -33.3217 -0.58445 -0.0507526 0.809841 289.684 
0.819202 0.0266199 0.572887 55.8614 -0.0545621 0.998009 0.0316477 -33.2899 -0.570903 -0.0571838 0.819023 291.485 
0.825785 0.0301987 0.563177 57.085 -0.0609508 0.997496 0.0358842 -33.2526 -0.560683 -0.0639587 0.825557 293.317 
0.82908 0.0403481 0.557673 58.3164 -0.0657438 0.997509 0.0255693 -33.2176 -0.555252 -0.0578625 0.829667 295.161 
0.830491 0.0456523 0.555158 59.5428 -0.0694313 0.997347 0.0218514 -33.2043 -0.552687 -0.0566927 0.831458 297.029 
0.831256 0.0452766 0.554043 60.7769 -0.0705296 0.997213 0.0243263 -33.1883 -0.551397 -0.0592978 0.832133 298.921 
0.832184 0.0439059 0.552759 62.003 -0.0680712 0.997409 0.0232571 -33.1786 -0.550305 -0.0569811 0.833017 300.828 
0.834408 0.0427371 0.549488 63.2467 -0.0651798 0.997644 0.0213836 -33.1618 -0.54728 -0.0536582 0.835228 302.736 
0.83826 0.0399994 0.543802 64.4741 -0.0630231 0.997729 0.0237609 -33.1552 -0.541616 -0.0541899 0.838877 304.668 
0.847076 0.0372832 0.530162 65.6864 -0.0589034 0.997977 0.0239322 -33.1355 -0.528197 -0.0515007 0.847559 306.602 
0.858924 0.0360614 0.510832 66.8511 -0.0578154 0.997969 0.026762 -33.1159 -0.508829 -0.0525204 0.859264 308.566 
0.87136 0.0376708 0.489195 67.9403 -0.0585023 0.997912 0.0273601 -33.0964 -0.487143 -0.0524595 0.871745 310.56 
0.884269 0.0361061 0.465579 69.0016 -0.0579582 0.997783 0.0327003 -33.0649 -0.463367 -0.0559 0.884402 312.562 
0.897039 0.0338772 0.440652 69.9996 -0.0543132 0.99795 0.0338438 -33.0257 -0.438602 -0.0542924 0.89704 314.579 
0.908373 0.0389131 0.416346 70.9367 -0.058998 0.997627 0.0354787 -32.9931 -0.413977 -0.0567915 0.908514 316.621 
0.917929 0.046715 0.393985 71.7969 -0.0657013 0.997231 0.0348323 -32.9539 -0.391267 -0.0578589 0.918457 318.681 
0.923793 0.0547527 0.378958 72.6115 -0.0739324 0.996605 0.0362349 -32.9124 -0.375687 -0.0614908 0.924704 320.75 
0.927549 0.0546624 0.369682 73.4083 -0.0729125 0.996704 0.035565 -32.8651 -0.366519 -0.0599427 0.928477 322.819 
0.930892 0.0543091 0.361234 74.175 -0.0717301 0.99681 0.0349833 -32.8165 -0.358182 -0.0584771 0.931819 324.891 
0.935312 0.0499622 0.350279 74.96 -0.0654294 0.997329 0.0324544 -32.7908 -0.347722 -0.0532735 0.936083 326.948 
0.939659 0.0524014 0.338076 75.7117 -0.0665789 0.997316 0.0304687 -32.7607 -0.335572 -0.0511388 0.940626 329.018 
0.944215 0.0537217 0.32492 76.4058 -0.0693195 0.996922 0.0366124 -32.7291 -0.321953 -0.0570933 0.945033 331.108 
0.947645 0.0550008 0.314555 77.051 -0.0703464 0.996812 0.0376339 -32.6814 -0.311482 -0.0577914 0.948493 333.198 
0.95014 0.0525126 0.307371 77.7082 -0.065768 0.997292 0.032919 -32.645 -0.30481 -0.0514928 0.95102 335.265 
0.950619 0.0523777 0.305909 78.3653 -0.0658188 0.99726 0.0337826 -32.611 -0.303301 -0.052249 0.951461 337.318 
0.945314 0.0596375 0.320664 79.0133 -0.0748369 0.996572 0.0352749 -32.5853 -0.317461 -0.0573433 0.946536 339.322 
0.937369 0.0614613 0.342874 79.6867 -0.0780648 0.99634 0.0348209 -32.5571 -0.339479 -0.0594064 0.938736 341.255 
0.931737 0.0553442 0.358892 80.3906 -0.0729922 0.99669 0.0358005 -32.5422 -0.355723 -0.059553 0.932692 343.108 
0.928244 0.0544471 0.367965 81.0694 -0.0712238 0.996942 0.0321565 -32.5198 -0.365089 -0.0560569 0.929283 344.912 
0.92985 0.0508845 0.364404 81.7511 -0.0661371 0.997375 0.0294911 -32.5017 -0.361946 -0.0515229 0.930774 346.681 
0.936132 0.0462574 0.348592 82.4004 -0.0600216 0.997782 0.0287826 -32.4808 -0.346487 -0.0478674 0.936833 348.45 
0.945303 0.0424024 0.323427 83.0084 -0.0547322 0.998076 0.0291182 -32.4555 -0.32157 -0.0452274 0.945805 350.227 
0.956841 0.0353785 0.288449 83.5424 -0.0463507 0.998435 0.0312954 -32.4422 -0.28689 -0.0433145 0.956984 352.014 
0.96895 0.0334793 0.244981 83.9867 -0.0422461 0.998638 0.0306173 -32.42 -0.243623 -0.0400162 0.969044 353.8 
0.980336 0.0338443 0.194414 84.3498 -0.0403149 0.998754 0.0294216 -32.3933 -0.193176 -0.0366809 0.980478 355.608 
0.988984 0.0406104 0.142342 84.5414 -0.0448411 0.998639 0.0266403 -32.3641 -0.141066 -0.0327296 0.989459 357.454 
0.995967 0.0384167 0.0810767 84.7038 -0.040899 0.998737 0.0291803 -32.3388 -0.0798533 -0.0323786 0.996281 359.27 
0.998997 0.0405467 0.0189935 84.7342 -0.0410652 0.998771 0.0277503 -32.3051 -0.017845 -0.0285024 0.999434 361.101 
0.99842 0.0435421 -0.0355257 84.6473 -0.0426618 0.998772 0.0251725 -32.276 0.0365781 -0.0236171 0.999052 362.949 
0.995939 0.0516588 -0.0737387 84.5027 -0.0495843 0.998328 0.0296934 -32.2455 0.0751494 -0.0259166 0.996835 364.819 
0.994026 0.0616677 -0.0900494 84.2979 -0.058713 0.997658 0.0351029 -32.2035 0.0920032 -0.0296061 0.995318 366.705 
0.993418 0.0650385 -0.0942875 84.093 -0.063099 0.997733 0.0234112 -32.1593 0.0955963 -0.0173077 0.99527 368.61 
0.993746 0.0658291 -0.0901985 83.9077 -0.064096 0.997702 0.021982 -32.1364 0.0914382 -0.0160632 0.995681 370.558 
0.994509 0.0621149 -0.0842256 83.7244 -0.0606273 0.997958 0.0201086 -32.1173 0.0853026 -0.0148919 0.996244 372.537 
0.995048 0.0573812 -0.0811634 83.5525 -0.0567447 0.998337 0.0101289 -32.1096 0.0816096 -0.00547317 0.996649 374.558 
0.995373 0.0564691 -0.0777407 83.3642 -0.0559098 0.998392 0.00935468 -32.1101 0.0781439 -0.00496493 0.99693 376.63 
0.995349 0.0590615 -0.0761084 83.1693 -0.0582496 0.998219 0.0128459 -32.1084 0.0767316 -0.00835286 0.997017 378.754 
0.995058 0.0640245 -0.0758914 82.9709 -0.0632536 0.997919 0.0125209 -32.1053 0.0765351 -0.00765864 0.997037 380.917 
0.994948 0.0628684 -0.0782649 82.7973 -0.0622842 0.998009 0.00988586 -32.0997 0.0787306 -0.00496126 0.996884 383.103 
0.994699 0.0607891 -0.0829315 82.5843 -0.06059 0.998151 0.00491833 -32.1108 0.0830771 0.000132554 0.996543 385.322 
0.994203 0.0505631 -0.0948853 82.3731 -0.0500914 0.998718 0.00734784 -32.1327 0.0951351 -0.00255231 0.995461 387.556 
0.992482 0.0406047 -0.115458 82.1578 -0.0400897 0.999173 0.00677982 -32.1583 0.115638 -0.00210016 0.993289 389.79 
0.990202 0.0363006 -0.134843 81.867 -0.036059 0.999341 0.00423472 -32.1734 0.134908 0.000669082 0.990858 392.01 
0.987439 0.0362459 -0.153787 81.5284 -0.0357573 0.999343 0.00594321 -32.2047 0.153901 -0.000369552 0.988086 394.23 
0.984441 0.0340812 -0.172381 81.1519 -0.0337956 0.999418 0.00459225 -32.2278 0.172437 0.00130491 0.98502 396.436 
0.981418 0.0343934 -0.188773 80.7147 -0.0347139 0.999396 0.00160885 -32.2518 0.188714 0.0049741 0.982019 398.613 
0.978552 0.0348836 -0.203024 80.2506 -0.0353029 0.999375 0.00155665 -32.2887 0.202952 0.0056441 0.979172 400.772 
0.976186 0.0292336 -0.214959 79.7798 -0.0301461 0.999545 -0.000967368 -32.3223 0.214833 0.00742451 0.976623 402.916 
0.973904 0.0194502 -0.226127 79.2684 -0.0224299 0.999692 -0.0106148 -32.3645 0.225851 0.0154098 0.97404 405.044 
0.971274 0.0156976 -0.237445 78.7525 -0.0180029 0.999809 -0.00754339 -32.4176 0.237281 0.0116014 0.971372 407.18 
0.969357 0.0141682 -0.245248 78.1979 -0.016466 0.999838 -0.00732112 -32.4615 0.245105 0.011135 0.969433 409.315 
0.968176 0.0147627 -0.249836 77.6099 -0.0164569 0.999854 -0.00469358 -32.5056 0.24973 0.00865572 0.968277 411.449 
0.967717 0.00937254 -0.251865 77.0167 -0.00928181 0.999956 0.00154827 -32.5472 0.251868 0.000839473 0.967761 413.588 
0.967197 -0.00122988 -0.254024 76.4592 0.00183347 0.999996 0.00213938 -32.5607 0.25402 -0.00253495 0.967196 415.737 
0.96654 -0.00658407 -0.25643 75.8902 0.00719274 0.999973 0.00143579 -32.5899 0.256414 -0.00323218 0.966562 417.898 
0.965884 -0.00899702 -0.258819 75.3015 0.00987849 0.999949 0.0021054 -32.6174 0.258786 -0.00459031 0.965924 420.057 
0.965199 -0.00547105 -0.26146 74.6988 0.00746729 0.99995 0.00664207 -32.6527 0.261411 -0.00836332 0.965191 422.224 
0.964851 0.000157244 -0.262799 74.0963 0.00296679 0.99993 0.0114907 -32.6668 0.262782 -0.0118665 0.964782 424.381 
0.965485 0.00281028 -0.260445 73.4845 0.000784837 0.999906 0.0136987 -32.667 0.260459 -0.0134303 0.965392 426.523 
0.966209 0.0050362 -0.257709 72.9086 -0.000429863 0.999839 0.0179274 -32.6689 0.257758 -0.0172108 0.966056 428.673 
0.967049 0.00910176 -0.254428 72.3271 -0.0034462 0.999737 0.0226655 -32.6729 0.254567 -0.0210418 0.966826 430.823 
0.967868 0.0112139 -0.25121 71.7461 -0.0053115 0.999694 0.0241616 -32.6662 0.251404 -0.022051 0.967631 432.951 
0.968886 0.0114654 -0.247243 71.1747 -0.00551698 0.999679 0.0247384 -32.6482 0.247447 -0.0226047 0.968638 435.061 
0.969865 0.0104462 -0.24342 70.6195 -0.00307355 0.999526 0.0306478 -32.6282 0.243624 -0.0289761 0.969437 437.167 
0.970365 0.00781919 -0.241517 70.0877 -4.80903e-05 0.999483 0.0321654 -32.599 0.241643 -0.0312005 0.969863 439.253 
0.970651 0.00153591 -0.240487 69.5664 0.00647096 0.999451 0.0325012 -32.5674 0.240405 -0.0331035 0.970108 441.31 
0.970593 -0.00447793 -0.240686 69.0512 0.0124036 0.999429 0.0314248 -32.5439 0.240408 -0.0334861 0.970094 443.351 
0.970676 -0.00561325 -0.240328 68.536 0.0141642 0.999326 0.0338678 -32.5165 0.239976 -0.0362787 0.970101 445.374 
0.97054 -0.00539869 -0.24088 68.0209 0.0147872 0.999199 0.0371856 -32.4774 0.240486 -0.039652 0.969842 447.375 
0.970293 -0.00669368 -0.241841 67.5199 0.0159815 0.999207 0.0364634 -32.4424 0.241405 -0.0392452 0.969631 449.346 
0.970113 -0.00648821 -0.242566 67.025 0.016485 0.999095 0.0392057 -32.4063 0.242092 -0.0420326 0.969342 451.304 
0.969616 -0.00810914 -0.244499 66.5379 0.0185432 0.999011 0.0404037 -32.3675 0.243929 -0.0437099 0.968807 453.235 
0.968991 -0.00611478 -0.247022 66.0841 0.0170253 0.99897 0.0420567 -32.3392 0.24651 -0.0449582 0.968097 455.155 
0.969086 -0.00306023 -0.246703 65.5882 0.0147804 0.998847 0.0456694 -32.2943 0.246279 -0.0479039 0.968015 457.046 
0.969125 -0.00102633 -0.246567 65.0939 0.0139847 0.99861 0.0508098 -32.2457 0.246172 -0.0526893 0.967793 458.918 
0.969119 0.000342107 -0.246594 64.5771 0.0144258 0.998208 0.0580786 -32.1773 0.246172 -0.0598423 0.967377 460.772 
0.968248 -0.00102431 -0.24999 64.08 0.0174717 0.997824 0.063582 -32.1043 0.24938 -0.0659309 0.966159 462.619 
0.967434 -0.00352728 -0.253101 63.5886 0.0209851 0.997578 0.0663094 -32.0226 0.252254 -0.0694613 0.965165 464.438 
0.966658 -0.00423915 -0.256036 63.1053 0.0222215 0.99748 0.0673815 -31.9335 0.255105 -0.0708243 0.964316 466.24 
0.966989 -0.00341291 -0.254794 62.6199 0.0215228 0.997431 0.0683223 -31.8455 0.253907 -0.0715508 0.964579 468.009 
0.967557 -0.00909751 -0.252491 62.1508 0.0271023 0.997322 0.0679228 -31.7589 0.251197 -0.0725622 0.965212 469.752 
0.967808 -0.0108174 -0.251459 61.7065 0.0292517 0.99714 0.0696877 -31.6708 0.249986 -0.0747998 0.965356 471.454 
0.968021 -0.0132339 -0.250519 61.2738 0.0308077 0.99732 0.0663583 -31.5874 0.24897 -0.0719542 0.965835 473.1 
0.968735 -0.0129528 -0.247761 60.8509 0.0295523 0.997551 0.0633967 -31.5051 0.246333 -0.0687365 0.966745 474.691 
0.969135 -0.013669 -0.246151 60.4554 0.0297448 0.997651 0.0617095 -31.4332 0.24473 -0.0671266 0.967265 476.257 
0.969817 -0.0178017 -0.243184 60.063 0.0333592 0.99764 0.0600067 -31.3661 0.241542 -0.0663079 0.968122 477.808 
0.97167 -0.0196216 -0.235526 59.7043 0.0341307 0.997751 0.0576849 -31.2902 0.233864 -0.0640894 0.970155 479.353 
0.978876 -0.014922 -0.20391 59.1273 0.0277773 0.997792 0.0603279 -31.1543 0.202559 -0.0647176 0.977129 481.651 
0.984739 -0.0123511 -0.173598 58.8428 0.0251215 0.99712 0.0715597 -31.0849 0.172214 -0.0748287 0.982213 483.216 
0.990892 -0.010798 -0.134223 58.6318 0.0209838 0.996985 0.0747063 -30.9999 0.133011 -0.0768424 0.988131 484.785 
0.996233 -0.00884861 -0.0862604 58.4896 0.0157994 0.996651 0.0802331 -30.9123 0.0852615 -0.0812938 0.993037 486.342 
0.999416 -0.0114235 -0.0322092 58.4276 0.0139178 0.996832 0.0783107 -30.8168 0.0312125 -0.0787132 0.996409 487.898 
0.999689 -0.0147685 0.0200853 58.4705 0.0132138 0.997062 0.0754484 -30.7235 -0.0211405 -0.0751595 0.996947 489.473 
0.997127 -0.0191894 0.0732819 58.5836 0.0135612 0.996974 0.0765405 -30.622 -0.0745289 -0.0753268 0.99437 491.061 
0.992073 -0.0272356 0.122673 58.7982 0.0175654 0.996701 0.0792314 -30.5291 -0.124427 -0.0764486 0.989279 492.624 
0.9802 -0.0335059 0.195155 59.298 0.0179985 0.996576 0.0806999 -30.4024 -0.197191 -0.0755896 0.977447 495 
0.964546 -0.0399128 0.260879 59.9375 0.0204801 0.996837 0.0767888 -30.2557 -0.263119 -0.0687235 0.962313 497.356 
0.953492 -0.0431474 0.298314 60.4311 0.0213785 0.99689 0.0758561 -30.1567 -0.300659 -0.0659506 0.951449 498.942 
0.942005 -0.0427315 0.332868 60.9933 0.0188367 0.997029 0.0746853 -30.0642 -0.33507 -0.0640838 0.940011 500.508 
0.928387 -0.0439921 0.369002 61.5964 0.0176802 0.997073 0.0743878 -29.9718 -0.371195 -0.0625366 0.926447 502.086 
0.913967 -0.0492609 0.402787 62.2858 0.0200314 0.996871 0.076464 -29.8717 -0.405294 -0.0618172 0.912094 503.649 
0.898494 -0.0506387 0.436055 63.0241 0.0184072 0.996797 0.0778288 -29.7743 -0.4386 -0.0619022 0.896548 505.211 
0.881944 -0.0505115 0.468639 63.8051 0.0185959 0.997196 0.0724851 -29.6643 -0.470987 -0.055213 0.880411 506.736 
0.864205 -0.0446587 0.501155 64.6736 0.0122254 0.997623 0.0678181 -29.5597 -0.502992 -0.0524819 0.862696 508.248 
0.841521 -0.0454917 0.538306 65.5964 0.00896308 0.997487 0.0702848 -29.4686 -0.54015 -0.0543213 0.839814 509.743 
0.814493 -0.0473091 0.578241 66.5945 0.00546327 0.997251 0.0738953 -29.3744 -0.580148 -0.0570281 0.812512 511.195 
0.781248 -0.0487994 0.622311 67.6553 0.00284599 0.997208 0.0746246 -29.2777 -0.624215 -0.0565292 0.779205 512.578 
0.745466 -0.0516846 0.664537 68.8097 0.00274725 0.997219 0.0744773 -29.1859 -0.666538 -0.0536946 0.743534 513.899 
0.709138 -0.0587809 0.702615 70.0431 0.00697336 0.997055 0.0763757 -29.0883 -0.705035 -0.0492614 0.707459 515.13 
0.674957 -0.0609452 0.735336 71.3021 0.00742478 0.997094 0.0758248 -28.9983 -0.73782 -0.0457187 0.673447 516.289 
0.645992 -0.0662999 0.760459 72.6372 0.0118953 0.996974 0.0768155 -28.8971 -0.763251 -0.0405764 0.644826 517.379 
0.615843 -0.0690198 0.78484 73.9952 0.00928628 0.996722 0.0803663 -28.8019 -0.787814 -0.0422048 0.614465 518.475 
0.586139 -0.0681733 0.807337 75.4286 0.00965375 0.996971 0.0771776 -28.6899 -0.810153 -0.037443 0.585022 519.492 
0.553005 -0.0762913 0.829678 76.8838 0.00604806 0.99614 0.0875668 -28.5895 -0.833156 -0.0434069 0.551332 520.496 
0.51551 -0.0785463 0.853276 78.3918 0.00203866 0.995899 0.0904435 -28.4706 -0.856881 -0.044885 0.513557 521.435 
0.453286 -0.0816608 0.887617 80.791 0.00534968 0.996026 0.0889025 -28.2746 -0.891349 -0.0355497 0.451921 522.678 
0.40783 -0.086188 0.908981 82.4611 0.0109292 0.995924 0.0895283 -28.1416 -0.912993 -0.0265779 0.40711 523.416 
0.359097 -0.088705 0.929075 84.1766 0.0108649 0.995803 0.0908765 -28.014 -0.933237 -0.0225391 0.358553 524.107 
0.310259 -0.08588 0.946765 85.9502 0.00641819 0.996078 0.0882498 -27.8881 -0.95063 -0.0213038 0.309593 524.713 
0.234643 -0.0859554 0.968274 88.7004 3.64927e-05 0.996084 0.0884152 -27.6973 -0.972082 -0.0207107 0.233727 525.455 
0.180419 -0.0865986 0.97977 90.5793 -0.00120456 0.996096 0.0882635 -27.5618 -0.983589 -0.0171046 0.17961 525.843 
0.126198 -0.0884506 0.988054 92.507 0.000242865 0.99602 0.0891326 -27.4313 -0.992005 -0.0110084 0.125717 526.137 
0.076317 -0.0885552 0.993143 94.4767 0.00287507 0.996064 0.0885946 -27.2962 -0.997079 -0.00390592 0.0762712 526.29 
0.000158503 -0.0895931 0.995978 97.4805 -0.000882405 0.995978 0.0895932 -27.0726 -1 -0.000893057 7.88078e-05 526.386 
-0.0492732 -0.0944244 0.994312 99.5226 -0.005395 0.995532 0.0942729 -26.9326 -0.998771 -0.000719192 -0.0495624 526.344 
-0.0999161 -0.0929253 0.990647 101.574 -0.0127472 0.995667 0.0921106 -26.7803 -0.994914 -0.00342461 -0.100668 526.2 
-0.149663 -0.0904646 0.98459 103.635 -0.0146238 0.995899 0.0892808 -26.6304 -0.988629 -0.0010364 -0.150372 525.924 
-0.196368 -0.0918283 0.976221 105.697 -0.0138702 0.995766 0.0908768 -26.4812 -0.980432 0.00430491 -0.19681 525.519 
-0.23398 -0.0845976 0.968554 107.727 -0.00578481 0.996311 0.0856246 -26.3068 -0.972224 0.0144316 -0.233607 524.941 
-0.27319 -0.0835713 0.958323 109.798 -0.00816188 0.996385 0.0845638 -26.1527 -0.961926 0.0152802 -0.272884 524.371 
-0.314887 -0.0790532 0.945831 111.878 -0.0122809 0.996781 0.0792231 -26.0179 -0.94905 0.0133306 -0.314844 523.728 
-0.355139 -0.0787647 0.93149 113.95 -0.0198603 0.996855 0.0767199 -25.8889 -0.934603 0.00874648 -0.355586 523.008 
-0.393909 -0.0807965 0.915591 116.004 -0.0232745 0.996686 0.0779395 -25.7621 -0.918855 0.00939121 -0.394484 522.178 
-0.424146 -0.0823045 0.901846 118.04 -0.0234998 0.996526 0.0798931 -25.6265 -0.905289 0.0126932 -0.424607 521.251 
-0.44394 -0.0766486 0.892772 120.072 -0.0166577 0.996869 0.0773026 -25.5001 -0.895902 0.0194462 -0.443827 520.277 
-0.457734 -0.0718678 0.88618 122.118 -0.00681667 0.996982 0.0773327 -25.3521 -0.889063 0.029357 -0.456843 519.282 
-0.464528 -0.0720847 0.88262 124.163 -0.000402939 0.996699 0.0811895 -25.22 -0.885558 0.0373592 -0.463023 518.241 
-0.467502 -0.0755949 0.880754 126.229 -0.00130445 0.996395 0.0848279 -25.0769 -0.883991 0.0385083 -0.465915 517.175 
-0.469958 -0.0820652 0.878866 128.307 -0.00398637 0.995856 0.0908576 -24.9151 -0.88268 0.0391958 -0.468338 516.098 
-0.472264 -0.0793452 0.877879 130.395 -0.00176589 0.996023 0.0890735 -24.7407 -0.881456 0.040516 -0.470526 515.041 
-0.473748 -0.0750208 0.877459 132.549 0.00178321 0.996281 0.0861426 -24.568 -0.880659 0.0423746 -0.471853 513.87 
-0.476139 -0.0761983 0.876063 134.684 0.00205619 0.99614 0.08776 -24.4065 -0.879368 0.0435873 -0.474144 512.732 
-0.478389 -0.0812839 0.874378 136.86 -0.000591459 0.995736 0.092242 -24.2283 -0.878148 0.0436104 -0.476397 511.587 
-0.481555 -0.0838896 0.872392 139.051 -0.00270787 0.995546 0.0942374 -24.0567 -0.876412 0.0430182 -0.479638 510.434 
-0.482632 -0.080895 0.872079 141.225 0.000513802 0.995699 0.0926464 -23.888 -0.875823 0.0451622 -0.480514 509.225 
-0.482317 -0.0782285 0.872497 143.433 0.00470687 0.995759 0.0918822 -23.7074 -0.875984 0.0484231 -0.479903 508.026 
-0.482375 -0.0817692 0.87214 145.679 0.00187516 0.995535 0.0943755 -23.5194 -0.875963 0.0471597 -0.480067 506.825 
-0.480082 -0.0725008 0.874222 147.925 0.00567665 0.996301 0.0857424 -23.3333 -0.877205 0.046126 -0.477895 505.584 
-0.479869 -0.0717841 0.874399 150.207 0.0078483 0.996256 0.0860952 -23.1545 -0.877305 0.048177 -0.477509 504.334 
-0.480308 -0.0748493 0.873901 152.536 0.00842266 0.995913 0.0899288 -22.9654 -0.87706 0.050554 -0.477714 503.07 
-0.48094 -0.075061 0.873534 154.879 0.00553602 0.996049 0.0886364 -22.7773 -0.876736 0.0474647 -0.478624 501.81 
-0.480586 -0.0751527 0.873722 157.246 0.00646744 0.99599 0.0892269 -22.58 -0.876924 0.0485319 -0.478173 500.518 
-0.481826 -0.0733248 0.873194 159.634 0.00690797 0.996144 0.087461 -22.3816 -0.87624 0.048173 -0.479461 499.209 
-0.482142 -0.0733697 0.873015 162.047 0.0081396 0.996069 0.0882066 -22.1914 -0.876055 0.0496341 -0.47965 497.89 
-0.482766 -0.0758357 0.87246 164.482 0.00482491 0.995998 0.0892437 -22.0088 -0.875736 0.0472933 -0.480468 496.556 
-0.483478 -0.0785398 0.871826 166.944 -0.00564588 0.996226 0.0866155 -21.8167 -0.875339 0.0369544 -0.482096 495.233 
-0.483635 -0.0801824 0.871589 169.405 -0.00832907 0.996172 0.0870218 -21.6288 -0.87523 0.0348273 -0.482452 493.891 
-0.483593 -0.0760769 0.871981 171.869 -0.00115176 0.99627 0.0862819 -21.435 -0.875292 0.040721 -0.481877 492.542 
-0.483091 -0.0754155 0.872316 174.326 0.00479886 0.996041 0.0887696 -21.2495 -0.875557 0.0470699 -0.480816 491.17 
-0.48213 -0.0764817 0.872755 176.808 0.0057628 0.995884 0.0904552 -21.0529 -0.876081 0.0486407 -0.479704 489.822 
-0.482639 -0.0737459 0.872709 179.281 0.00792477 0.99604 0.0885503 -20.8621 -0.875783 0.0496539 -0.480143 488.494 
-0.482077 -0.0697336 0.873349 181.762 0.0127176 0.996165 0.0865599 -20.6781 -0.876036 0.0528355 -0.479342 487.156 
-0.480063 -0.074658 0.874051 184.245 0.00869727 0.995918 0.0898442 -20.4892 -0.877191 0.0507327 -0.477454 485.823 
-0.477509 -0.0821547 0.874778 186.738 0.000666513 0.995585 0.0938642 -20.2778 -0.878627 0.045404 -0.475346 484.505 
-0.472567 -0.0772302 0.877904 189.209 0.000456455 0.996131 0.0878764 -20.0484 -0.881295 0.0419282 -0.470703 483.188 
-0.468885 -0.0733969 0.880204 191.659 0.00103859 0.996495 0.0836472 -19.8606 -0.883258 0.0401351 -0.467166 481.878 
-0.4672 -0.0777796 0.880724 194.121 -0.000459118 0.996144 0.0877293 -19.6817 -0.884151 0.0405828 -0.465434 480.583 
-0.466254 -0.0757886 0.881398 196.559 0.000949705 0.99628 0.0861693 -19.5019 -0.88465 0.0410139 -0.464448 479.293 
-0.469653 -0.0713126 0.879966 199.001 0.00339551 0.996579 0.0825751 -19.3338 -0.882845 0.0417696 -0.467804 478.004 
-0.47347 -0.0685401 0.878139 201.416 0.00846386 0.996568 0.0823471 -19.1682 -0.880769 0.0464213 -0.471265 476.713 
-0.479796 -0.0728071 0.874354 203.836 0.00611035 0.99625 0.0863103 -18.9978 -0.877359 0.0467539 -0.477552 475.454 
-0.485877 -0.0722064 0.87104 206.225 0.00721193 0.996217 0.0866061 -18.8315 -0.873998 0.0483617 -0.483518 474.163 
-0.490789 -0.0653259 0.868826 208.576 0.0124323 0.996559 0.0819528 -18.6565 -0.87119 0.0510231 -0.488288 472.85 
-0.496679 -0.0684505 0.865231 210.923 0.00842176 0.996458 0.0836667 -18.5034 -0.867893 0.0488423 -0.494344 471.56 
-0.502119 -0.0735885 0.861662 213.24 0.00220228 0.996261 0.0863671 -18.3386 -0.864796 0.0452642 -0.50008 470.268 
-0.504735 -0.074864 0.860022 215.463 0.00231495 0.996112 0.0880691 -18.1678 -0.863271 0.0464425 -0.502599 468.956 
-0.509076 -0.0782151 0.857161 217.656 -8.85411e-05 0.995867 0.0908193 -18.0281 -0.860722 0.046158 -0.506979 467.724 
-0.511812 -0.0786133 0.855493 219.756 -0.00540826 0.99608 0.0882966 -17.8633 -0.85908 0.0405645 -0.510231 466.511 
-0.511908 -0.0815407 0.855161 221.793 -0.0105691 0.996007 0.0886438 -17.7097 -0.858975 0.0363392 -0.510726 465.323 
-0.507956 -0.0833164 0.857344 223.761 -0.0141203 0.995983 0.0884233 -17.5703 -0.861267 0.0328092 -0.507092 464.193 
-0.49742 -0.0841975 0.863414 225.673 -0.0157176 0.99599 0.0880708 -17.4398 -0.867367 0.0302374 -0.496749 463.135 
-0.475984 -0.0839217 0.875441 227.54 -0.0140429 0.996035 0.0878469 -17.3044 -0.879342 0.02952 -0.475275 462.114 
-0.448461 -0.0818287 0.890049 229.411 -0.0133717 0.996303 0.08486 -17.1711 -0.893702 0.0261549 -0.447897 461.207 
-0.416815 -0.0828683 0.905206 231.287 -0.0213222 0.996453 0.0814035 -17.0456 -0.908741 0.0146292 -0.417104 460.382 
-0.382547 -0.0806065 0.920413 233.161 -0.0235158 0.996714 0.0775149 -16.9358 -0.923637 0.00800887 -0.383186 459.627 
-0.345195 -0.0804319 0.935078 235.057 -0.0217327 0.996739 0.0777129 -16.8217 -0.938279 0.00650435 -0.345817 458.936 
-0.306182 -0.0868921 0.947999 236.983 -0.0248336 0.996216 0.0832909 -16.7002 -0.951649 0.00196 -0.307182 458.32 
-0.267181 -0.0925739 0.959189 238.936 -0.0294745 0.995694 0.0878871 -16.5678 -0.963195 -0.00478981 -0.268759 457.804 
-0.22746 -0.0938355 0.969256 240.88 -0.0360419 0.995476 0.0879157 -16.4401 -0.97312 -0.0149365 -0.229813 457.357 
-0.185182 -0.0935179 0.978244 242.849 -0.0349591 0.995458 0.0885457 -16.3033 -0.982082 -0.0178015 -0.18761 456.984 
-0.136824 -0.0862012 0.986838 244.827 -0.0261648 0.996174 0.083389 -16.177 -0.99025 -0.0144108 -0.138556 456.7 
-0.0836817 -0.0784576 0.993399 246.843 -0.0171624 0.996861 0.0772853 -16.0513 -0.996345 -0.0105817 -0.0847655 456.513 
-0.027162 -0.0780694 0.996578 248.879 -0.0174017 0.996832 0.077615 -15.938 -0.99948 -0.015234 -0.0284345 456.46 
0.0327827 -0.0782362 0.996396 250.96 -0.0165225 0.996753 0.0788078 -15.8168 -0.999326 -0.0190465 0.0313836 456.496 
0.0935123 -0.0805544 0.992354 253.063 -0.0209484 0.996342 0.0828521 -15.6864 -0.995398 -0.0285359 0.0914827 456.68 
0.15228 -0.0737509 0.985582 255.143 -0.029003 0.996449 0.0790453 -15.5548 -0.987912 -0.0406218 0.1496 457.001 
0.208193 -0.0670374 0.975788 257.215 -0.0342826 0.996535 0.0757773 -15.4324 -0.977487 -0.0492288 0.205173 457.443 
0.264751 -0.0646882 0.962145 259.307 -0.0358152 0.996399 0.0768465 -15.3069 -0.963652 -0.0548046 0.261481 457.999 
0.321218 -0.0669695 0.944634 261.405 -0.0331803 0.996088 0.0819001 -15.1687 -0.946424 -0.0576511 0.31774 458.658 
0.375588 -0.059391 0.924882 263.445 -0.0299481 0.996646 0.076161 -15.0308 -0.926303 -0.0563037 0.372549 459.446 
0.425094 -0.0582899 0.90327 265.458 -0.032943 0.996267 0.0797946 -14.899 -0.90455 -0.0636766 0.421587 460.381 
0.470778 -0.064153 0.879916 267.457 -0.0301372 0.995601 0.0887116 -14.7531 -0.881737 -0.0682817 0.466774 461.43 
0.513304 -0.0627873 0.855907 269.423 -0.030531 0.995353 0.0913268 -14.5927 -0.857664 -0.0730102 0.509001 462.589 
0.549453 -0.061485 0.833259 271.325 -0.0289209 0.995291 0.0925117 -14.4332 -0.835024 -0.0749294 0.545088 463.825 
0.57795 -0.0555393 0.81418 273.173 -0.0347441 0.995102 0.0925442 -14.2596 -0.815332 -0.0817739 0.573189 465.164 
0.60138 -0.0504339 0.797369 275.019 -0.0399508 0.994859 0.0930563 -14.0835 -0.797963 -0.0878178 0.596274 466.555 
0.622322 -0.0483508 0.781267 276.858 -0.038275 0.995017 0.0920675 -13.9152 -0.781825 -0.0871986 0.61737 467.979 
0.639791 -0.0431576 0.767336 278.655 -0.0361783 0.995624 0.0861622 -13.7505 -0.767697 -0.0828867 0.63543 469.472 
0.65041 -0.0428315 0.758375 280.441 -0.036366 0.995508 0.0874131 -13.5908 -0.758713 -0.0844334 0.645931 471.009 
0.656162 -0.0457938 0.753229 282.199 -0.0350303 0.995232 0.0910229 -13.4401 -0.753806 -0.0861116 0.65143 472.557 
0.660572 -0.0473401 0.749269 283.95 -0.0339091 0.99511 0.0927678 -13.2799 -0.749997 -0.0866868 0.655737 474.104 
0.665688 -0.0459162 0.744816 285.686 -0.0329197 0.995327 0.0907819 -13.1113 -0.745504 -0.0849515 0.661065 475.641 
0.668065 -0.0455356 0.742708 287.416 -0.0276516 0.995917 0.0859326 -12.9466 -0.743589 -0.0779457 0.664079 477.174 
0.667091 -0.0478699 0.743437 289.107 -0.0249808 0.995935 0.0865437 -12.7992 -0.744557 -0.0763042 0.663183 478.707 
0.662541 -0.0492646 0.747404 290.779 -0.0279422 0.995515 0.0903882 -12.6644 -0.748504 -0.08077 0.658192 480.189 
0.653786 -0.0499211 0.755031 292.427 -0.0310999 0.995205 0.0927306 -12.5138 -0.75604 -0.0841074 0.649099 481.617 
0.641032 -0.0458694 0.766142 294.03 -0.0340279 0.995533 0.0880743 -12.3749 -0.766759 -0.0825287 0.636608 482.974 
0.610542 -0.0444587 0.790735 296.38 -0.0327202 0.996155 0.0812722 -12.1941 -0.791308 -0.075493 0.606739 484.874 
0.586923 -0.0444485 0.808422 297.917 -0.0301364 0.996601 0.0766743 -12.0826 -0.809082 -0.0693648 0.583588 486.018 
0.562249 -0.0455279 0.825714 299.445 -0.0220803 0.997301 0.0700238 -11.9975 -0.826673 -0.0576028 0.559727 487.049 
0.518665 -0.020794 0.854725 301.619 -0.0210443 0.999091 0.0370763 -11.9368 -0.854719 -0.0372172 0.517756 488.446 
0.461654 -0.0116114 0.886984 303.765 -0.026142 0.999302 0.026688 -11.9192 -0.886675 -0.0355082 0.461028 489.608 
0.381348 -0.0239325 0.924122 305.895 -0.0204468 0.999202 0.0343144 -11.8916 -0.924206 -0.0319811 0.380554 490.495 
0.271671 -0.0139879 0.962289 308.055 -0.00318814 0.999876 0.0154343 -11.8807 -0.962385 -0.00726097 0.271592 491.124 
0.149679 -0.00118865 0.988734 310.245 -0.000818315 0.999999 0.00132607 -11.8958 -0.988734 -0.00100758 0.149678 491.501 
0.0667298 -0.0122054 0.997696 311.747 0.000394441 0.999925 0.0122063 -11.9139 -0.997771 -0.000420993 0.0667296 491.609 
-0.0225683 -0.0168117 0.999604 313.219 0.00556553 0.999841 0.0169414 -11.9162 -0.99973 0.00594566 -0.0224712 491.604 
-0.108084 -0.014681 0.994033 314.67 0.00602055 0.999863 0.0154217 -11.9253 -0.994124 0.00765146 -0.107981 491.437 
-0.185385 -0.00614474 0.982647 316.083 0.0174827 0.999802 0.00955028 -11.9242 -0.982511 0.0189498 -0.18524 491.194 
-0.2461 -0.00465869 0.969233 317.486 0.0215955 0.999714 0.0102885 -11.9298 -0.969004 0.0234631 -0.245929 490.837 
-0.290657 -0.00735688 0.956799 318.885 0.0244274 0.999587 0.0151064 -11.9384 -0.956515 0.0277629 -0.290357 490.405 
-0.343932 -0.00696671 0.938969 320.969 0.0294821 0.999399 0.018214 -11.9528 -0.938532 0.0339471 -0.34352 489.684 
-0.378137 -0.00661162 0.925726 322.351 0.0333491 0.999228 0.0207589 -11.9476 -0.925149 0.0387218 -0.377625 489.123 
-0.41667 -0.00755573 0.909026 323.714 0.031596 0.999241 0.0227882 -11.9394 -0.908509 0.0382168 -0.416115 488.491 
-0.465426 -0.00623769 0.885065 325.055 0.0280836 0.999368 0.0218115 -11.9306 -0.884641 0.0350074 -0.464957 487.82 
-0.520242 -0.00119204 0.854018 326.333 0.0297776 0.999366 0.0195345 -11.9311 -0.8535 0.0355932 -0.519876 487.052 
-0.581477 -0.00369449 0.813554 327.532 0.0314789 0.999139 0.0270364 -11.9195 -0.812954 0.0413309 -0.58086 486.146 
-0.64645 0.00179847 0.762954 328.685 0.0386309 0.998792 0.0303775 -11.9021 -0.761978 0.0491112 -0.645738 485.173 
-0.707402 0.00613728 0.706784 329.725 0.0399149 0.998713 0.0312776 -11.8759 -0.705683 0.0503371 -0.706737 484.11 
-0.763925 0.0110201 0.645212 330.662 0.0447878 0.998349 0.0359767 -11.8352 -0.643749 0.056381 -0.763156 482.961 
-0.813634 0.0167857 0.581135 331.47 0.0505886 0.997836 0.0420062 -11.804 -0.579173 0.0635765 -0.812722 481.77 
-0.852821 0.0246547 0.521621 332.149 0.0540098 0.997692 0.0411465 -11.7578 -0.519403 0.0632632 -0.852185 480.591 
-0.883546 0.0352236 0.467017 332.789 0.0593785 0.997546 0.0371002 -11.7145 -0.464565 0.0605105 -0.883469 479.38 
-0.909275 0.0391349 0.414353 333.397 0.0613381 0.997299 0.0404099 -11.6845 -0.411652 0.0621593 -0.909219 478.129 
-0.93076 0.0452903 0.362814 333.87 0.0660749 0.996796 0.0450775 -11.6315 -0.35961 0.0659292 -0.930771 476.814 
-0.959748 0.0510549 0.276182 334.51 0.0683212 0.996241 0.0532553 -11.5746 -0.272425 0.0699808 -0.959629 474.833 
-0.975408 0.0575468 0.212762 334.797 0.069596 0.996343 0.0495774 -11.5318 -0.209131 0.0631656 -0.975845 473.47 
-0.99144 0.0654381 0.112982 335.065 0.073027 0.995249 0.0643874 -11.4393 -0.108232 0.072087 -0.991509 471.387 
-0.996824 0.0650985 0.0458599 335.124 0.0681344 0.99535 0.0680824 -11.367 -0.0412146 0.0709908 -0.996625 469.966 
-0.997583 0.0668554 -0.0189399 335.052 0.0654621 0.995636 0.0665115 -11.2828 0.0233039 0.0651109 -0.997606 468.538 
-0.994242 0.0707635 -0.0804732 334.922 0.065358 0.995547 0.0679324 -11.2011 0.084922 0.0622817 -0.994439 467.04 
-0.984417 0.0775057 -0.157847 334.577 0.0673979 0.995377 0.0684191 -11.0747 0.16242 0.0567144 -0.98509 464.782 
-0.974236 0.0754122 -0.212551 334.111 0.0630058 0.995923 0.06456 -10.9549 0.216553 0.0495047 -0.975015 462.475 
-0.967864 0.0724579 -0.240808 333.709 0.0582373 0.996141 0.0656644 -10.8668 0.244637 0.0495302 -0.968349 460.907 
-0.95952 0.0744698 -0.271618 333.063 0.0572058 0.995839 0.0709444 -10.7333 0.275771 0.0525344 -0.959787 458.484 
-0.957032 0.0765993 -0.279682 332.586 0.0594126 0.995816 0.0694328 -10.6447 0.28383 0.0498328 -0.957579 456.834 
-0.955711 0.0764207 -0.284212 332.098 0.0606522 0.996112 0.0638876 -10.553 0.28799 0.04382 -0.95663 455.149 
-0.95379 0.0795355 -0.289758 331.36 0.0610873 0.995519 0.0721797 -10.4097 0.2942 0.0511437 -0.954374 452.535 
-0.952344 0.0808886 -0.294104 330.841 0.0627241 0.995524 0.0706947 -10.299 0.298506 0.0488783 -0.953155 450.755 
-0.951476 0.0773079 -0.297854 330.295 0.0595173 0.995884 0.068357 -10.1975 0.301913 0.0473126 -0.952161 448.939 
-0.95057 0.0797219 -0.3001 329.706 0.0616526 0.995694 0.0692218 -10.0932 0.304327 0.0472982 -0.951393 447.108 
-0.949395 0.0806015 -0.303566 329.12 0.0624334 0.995654 0.0691029 -9.98353 0.307817 0.0466533 -0.950301 445.239 
-0.947997 0.0814357 -0.307683 328.533 0.0626762 0.995549 0.0703854 -9.87703 0.312046 0.0474408 -0.948882 443.336 
-0.947205 0.0814011 -0.310123 327.908 0.0621844 0.995509 0.0713722 -9.77974 0.31454 0.0483194 -0.948014 441.437 
-0.94612 0.0788212 -0.314078 327.294 0.0582087 0.995521 0.0744904 -9.66489 0.318543 0.0521948 -0.94647 439.514 
-0.944816 0.0772772 -0.318357 326.672 0.057442 0.995804 0.0712434 -9.55841 0.322526 0.0490248 -0.94529 437.588 
-0.943879 0.07918 -0.32066 326.041 0.0579194 0.995476 0.0753224 -9.46382 0.325173 0.0525228 -0.944195 435.643 
-0.94512 0.0779744 -0.317283 325.39 0.057186 0.995593 0.0743282 -9.35605 0.32168 0.0521049 -0.945414 433.712 
-0.94792 0.0709109 -0.310514 324.757 0.0515048 0.996198 0.0702669 -9.24522 0.314316 0.0506145 -0.947968 431.78 
-0.951129 0.0671154 -0.301411 324.144 0.0497625 0.996651 0.0648949 -9.15623 0.304757 0.0467244 -0.951283 429.833 
-0.95513 0.0588767 -0.290275 323.552 0.0445717 0.997455 0.0556545 -9.0677 0.292813 0.0402192 -0.955323 427.892 
-0.96186 0.0449516 -0.269823 322.745 0.0305789 0.997892 0.0572381 -8.95424 0.271827 0.0468042 -0.961207 424.946 
-0.968069 0.0466356 -0.246306 322.237 0.0318994 0.997473 0.0634855 -8.86938 0.248645 0.0536013 -0.967111 422.979 
-0.975057 0.0492398 -0.216423 321.794 0.0364779 0.997373 0.0625737 -8.78228 0.218936 0.0531183 -0.974292 421.015 
-0.980882 0.0446261 -0.189419 321.442 0.0348633 0.997901 0.0545651 -8.70697 0.191457 0.0469181 -0.980379 419.033 
-0.985752 0.0429169 -0.162639 321.116 0.0346678 0.997981 0.0532248 -8.62884 0.164595 0.0468281 -0.985249 417.041 
-0.989948 0.0436727 -0.134523 320.836 0.0364965 0.997799 0.0553587 -8.55215 0.136644 0.0498927 -0.989363 415.054 
-0.993283 0.0405882 -0.10836 320.639 0.0347651 0.997876 0.0550969 -8.47782 0.110366 0.0509597 -0.992584 413.049 
-0.995907 0.0323912 -0.0843758 320.515 0.0274135 0.997852 0.0594984 -8.40105 0.0861218 0.0569419 -0.994656 411.038 
-0.99777 0.0296524 -0.0597957 320.417 0.0260573 0.997856 0.0600324 -8.32924 0.0614476 0.0583405 -0.996404 409.044 
-0.998964 0.0284384 -0.0355182 320.382 0.0262606 0.997832 0.0603449 -8.25423 0.0371573 0.0593497 -0.997545 407.036 
-0.999587 0.0272372 -0.00919167 320.365 0.0265842 0.997535 0.0649393 -8.1653 0.0109378 0.0646681 -0.997847 405.023 
-0.999466 0.0290956 0.0148515 320.413 0.0300045 0.997423 0.0651689 -8.07976 -0.0129171 0.0655797 -0.997764 403.037 
-0.998865 0.0296458 0.037293 320.526 0.0318468 0.997697 0.0598793 -7.99933 -0.0354319 0.060999 -0.997509 401.041 
-0.997666 0.029324 0.0616693 320.638 0.0328593 0.997827 0.0571171 -7.9151 -0.0598604 0.0590101 -0.996461 399.043 
-0.99609 0.0287598 0.0835296 320.796 0.0333783 0.997959 0.0544324 -7.84046 -0.0817936 0.0570077 -0.995018 397.036 
-0.994339 0.0277494 0.102565 321.007 0.0330613 0.998179 0.0504576 -7.77393 -0.100978 0.0535629 -0.993446 395.043 
-0.992476 0.0259427 0.11966 321.262 0.0321219 0.998232 0.0500034 -7.71175 -0.118151 0.0534709 -0.991555 393.064 
-0.99043 0.0222738 0.136209 321.549 0.0299776 0.998049 0.0547715 -7.65655 -0.134723 0.0583305 -0.989165 391.104 
-0.988086 0.0212172 0.152435 321.87 0.029644 0.998143 0.0532225 -7.58977 -0.151023 0.0571072 -0.986879 389.152 
-0.985785 0.0165042 0.167198 322.213 0.0260224 0.998153 0.0548976 -7.52974 -0.165983 0.0584682 -0.984394 387.215 
-0.983215 0.0151636 0.18182 322.567 0.0259772 0.998022 0.0572409 -7.45456 -0.180592 0.0610033 -0.981664 385.3 
-0.980657 0.0126518 0.195323 322.963 0.0247223 0.997923 0.0594841 -7.38017 -0.194164 0.0631623 -0.978933 383.406 
-0.977654 0.0126127 0.209842 323.351 0.0243299 0.998279 0.0533506 -7.2905 -0.208808 0.0572638 -0.976279 381.525 
-0.974544 0.0126485 0.22384 323.768 0.0236751 0.998631 0.0466459 -7.2258 -0.222944 0.0507579 -0.973509 379.703 
-0.971551 0.0132511 0.236459 324.215 0.0238643 0.998829 0.0420786 -7.17891 -0.235625 0.0465245 -0.97073 377.931 
-0.967451 0.0185696 0.252377 324.643 0.0274702 0.999117 0.0317891 -7.14914 -0.251564 0.0376872 -0.967107 376.243 
-0.964534 0.0197829 0.263216 325.137 0.0236524 0.999654 0.0115399 -7.16698 -0.262896 0.0173563 -0.964668 374.677 
-0.962229 0.0170242 0.271709 325.601 0.0166854 0.999854 -0.00355705 -7.19554 -0.27173 0.00111088 -0.962373 373.19 
-0.961254 0.018976 0.275009 326.069 0.0147582 0.99974 -0.0173982 -7.24457 -0.275268 -0.0126655 -0.961284 371.808 
-0.960566 0.0240139 0.277014 326.456 0.0167938 0.999455 -0.0284076 -7.3009 -0.277545 -0.0226353 -0.960446 370.465 
-0.961865 0.0297106 0.271905 326.86 0.0250469 0.999474 -0.0206071 -7.37829 -0.272375 -0.0130109 -0.962103 369.144 
-0.966846 0.0329068 0.25323 327.239 0.0287568 0.999385 -0.0200733 -7.45615 -0.253735 -0.0121258 -0.967198 367.842 
-0.974988 0.03501 0.219481 327.521 0.0319431 0.999336 -0.0175079 -7.50822 -0.219949 -0.010059 -0.97546 366.536 
-0.985557 0.0386851 0.164865 327.731 0.0393384 0.999226 0.000698434 -7.55303 -0.16471 0.00717387 -0.986316 365.25 
-0.994572 0.0414398 0.0954422 327.836 0.042996 0.998973 0.0143063 -7.57779 -0.0947513 0.0183323 -0.995332 363.971 
-0.99879 0.0464709 0.0160655 327.811 0.0468698 0.998578 0.0254138 -7.55777 -0.0148616 0.026136 -0.999548 362.707 
-0.9962 0.0514082 -0.0703041 327.718 0.0490356 0.998181 0.0350688 -7.55076 0.071979 0.0314881 -0.996909 361.471 
-0.985942 0.0461726 -0.160584 327.512 0.0399128 0.99832 0.0419928 -7.5156 0.162253 0.0349931 -0.986128 360.194 
-0.955115 0.0533184 -0.291397 326.94 0.0372528 0.997478 0.0604098 -7.4454 0.293883 0.046843 -0.954693 358.317 
-0.906415 0.0483811 -0.419609 326.138 0.0233108 0.997634 0.0646733 -7.34831 0.421745 0.0488394 -0.905398 356.467 
-0.844646 0.0599389 -0.531959 325.09 0.026631 0.997186 0.070074 -7.23849 0.534663 0.0450211 -0.843866 354.751 
-0.803097 0.0646411 -0.592332 324.283 0.0278586 0.997084 0.0710403 -7.16958 0.595197 0.0405507 -0.802556 353.653 
-0.749202 0.0728435 -0.658324 322.878 0.0391308 0.997066 0.0657926 -7.04843 0.661185 0.0235312 -0.749854 352.071 
-0.711195 0.0768622 -0.698781 321.306 0.0444527 0.996933 0.0644149 -6.92445 0.701588 0.0147488 -0.71243 350.451 
-0.681756 0.0768104 -0.727536 319.561 0.0456541 0.997002 0.0624782 -6.79278 0.730153 0.00937996 -0.683219 348.821 
-0.670764 0.0797132 -0.737375 318.324 0.0493261 0.996801 0.0628879 -6.70921 0.740029 0.0058111 -0.67255 347.697 
-0.677069 0.0838884 -0.731123 316.404 0.0518235 0.99645 0.0663399 -6.56942 0.734093 0.00702728 -0.679013 345.908 
-0.680347 0.0766603 -0.72887 315.11 0.0428494 0.996974 0.0648618 -6.47083 0.731637 0.0128968 -0.681573 344.623 
-0.681829 0.0749554 -0.727661 313.758 0.0403073 0.997075 0.0649389 -6.37519 0.7304 0.0149472 -0.682856 343.317 
-0.685424 0.0725449 -0.724521 311.663 0.038932 0.997253 0.0630218 -6.22795 0.727102 0.0149896 -0.686365 341.308 
-0.687912 0.0711935 -0.722294 310.245 0.0388607 0.997363 0.061295 -6.12735 0.724753 0.0140967 -0.688864 339.914 
-0.690921 0.0666831 -0.719848 308.794 0.0378485 0.997708 0.0560951 -6.03913 0.721938 0.0115121 -0.691862 338.506 
-0.693843 0.0624782 -0.717411 307.334 0.0366279 0.998002 0.0514898 -5.96878 0.719195 0.00944854 -0.694745 337.047 
-0.695767 0.0605121 -0.715714 305.881 0.0338452 0.9981 0.0514853 -5.90198 0.71747 0.0115983 -0.696493 335.537 
-0.700623 0.0638747 -0.710667 304.39 0.0342508 0.997848 0.0559198 -5.83032 0.712709 0.0148379 -0.701303 334.058 
-0.707672 0.0651249 -0.703533 302.926 0.0328449 0.997699 0.0593171 -5.74291 0.705777 0.0188696 -0.708182 332.541 
-0.71535 0.064705 -0.695765 301.472 0.0295896 0.997615 0.0623541 -5.66605 0.69814 0.0240176 -0.715558 330.996 
-0.734729 0.0653215 -0.675209 299.283 0.0349428 0.997676 0.0584948 -5.5212 0.67746 0.0193841 -0.735304 328.671 
-0.762215 0.0690923 -0.643627 297.243 0.0444275 0.997527 0.0544697 -5.4381 0.645798 0.0129229 -0.763399 326.236 
-0.783598 0.0682455 -0.617508 295.91 0.0448725 0.997569 0.0533072 -5.36654 0.619646 0.0140623 -0.784756 324.587 
-0.801412 0.0623088 -0.594858 294.647 0.0394573 0.9979 0.0513676 -5.28903 0.59681 0.0176951 -0.802188 322.849 
-0.815999 0.0623986 -0.574676 293.44 0.0351759 0.997674 0.0583808 -5.21182 0.576982 0.027424 -0.816296 321.076 
-0.831034 0.0616265 -0.552797 292.254 0.0373929 0.997785 0.0550206 -5.11733 0.554963 0.0250533 -0.831498 319.307 
-0.844579 0.0582271 -0.532255 291.125 0.0359318 0.997992 0.0521609 -5.04227 0.534224 0.0249291 -0.844976 317.473 
-0.857893 0.0583195 -0.510508 289.997 0.0399214 0.9981 0.0469344 -4.96605 0.512275 0.0198845 -0.858591 315.617 
-0.868605 0.0622782 -0.491575 288.908 0.0446823 0.997873 0.0474687 -4.89764 0.493486 0.0192669 -0.86954 313.71 
-0.875937 0.0670328 -0.477745 287.836 0.0495213 0.997562 0.0491723 -4.82757 0.479876 0.0194133 -0.877121 311.765 
-0.879958 0.0657132 -0.470485 286.79 0.0475677 0.997597 0.0503686 -4.75539 0.472664 0.0219423 -0.880969 309.798 
-0.88154 0.0628193 -0.46791 285.744 0.0448421 0.997768 0.0494731 -4.6824 0.469974 0.0226304 -0.88239 307.816 
-0.883909 0.0625163 -0.463462 284.692 0.0455516 0.997822 0.0477205 -4.61578 0.465436 0.0210691 -0.884831 305.822 
-0.886657 0.0659712 -0.457699 283.661 0.0484691 0.997578 0.0498931 -4.53567 0.459881 0.0220538 -0.887706 303.778 
-0.888882 0.0730943 -0.452267 282.59 0.0566123 0.997149 0.0498916 -4.46527 0.454624 0.0187439 -0.890486 301.725 
-0.890133 0.0725656 -0.449886 281.543 0.0588068 0.997277 0.0445048 -4.39535 0.45189 0.0131589 -0.891976 299.639 
-0.890715 0.0762596 -0.44812 280.495 0.059083 0.996887 0.0522095 -4.31649 0.450706 0.0200276 -0.892448 297.521 
-0.889774 0.0861909 -0.448188 279.429 0.0677097 0.996068 0.0571316 -4.21051 0.45135 0.0204876 -0.892112 295.39 
-0.888607 0.0915459 -0.449441 278.342 0.0760924 0.995724 0.0523722 -4.10595 0.452314 0.0123392 -0.891773 293.244 
-0.887607 0.0919564 -0.451329 277.243 0.0755717 0.995664 0.0542391 -4.01645 0.45436 0.0140353 -0.890708 291.068 
-0.885593 0.082074 -0.457153 276.149 0.0636893 0.996425 0.0555125 -3.91583 0.460075 0.0200457 -0.887654 288.864 
-0.880449 0.0717049 -0.468687 275.035 0.0499386 0.997024 0.0587238 -3.81253 0.471503 0.0282977 -0.88141 286.626 
-0.873345 0.0641771 -0.482857 273.894 0.0431357 0.997578 0.0545696 -3.71225 0.485189 0.0268298 -0.873997 284.386 
-0.865328 0.0658833 -0.496856 272.658 0.0438537 0.997473 0.0558894 -3.61398 0.499283 0.0265737 -0.866031 282.179 
-0.85131 0.0813787 -0.518313 270.692 0.0589982 0.99648 0.0595519 -3.45037 0.521335 0.0201176 -0.853115 278.898 
-0.843173 0.0826549 -0.531251 269.331 0.063561 0.996507 0.0541613 -3.34573 0.533872 0.0119005 -0.845481 276.718 
-0.834436 0.0889228 -0.543884 267.941 0.0648953 0.995885 0.0632597 -3.23768 0.547271 0.0174906 -0.836773 274.521 
-0.828219 0.101595 -0.551118 266.476 0.0756084 0.994696 0.0697423 -3.10717 0.55528 0.0160927 -0.831507 272.371 
-0.824789 0.102357 -0.556099 265.036 0.0814972 0.99473 0.0622183 -2.97809 0.559537 0.00599635 -0.828784 270.216 
-0.823365 0.0966044 -0.55923 263.592 0.0736499 0.995261 0.0634907 -2.85623 0.562714 0.0110888 -0.826578 268.043 
-0.822004 0.0921673 -0.561974 262.137 0.0672542 0.995622 0.0649149 -2.73372 0.565497 0.0155652 -0.824604 265.837 
-0.821631 0.0949237 -0.56206 260.651 0.0676568 0.995307 0.0691905 -2.60069 0.56599 0.0188218 -0.824197 263.636 
-0.82096 0.0933664 -0.563301 259.205 0.0668018 0.995471 0.0676405 -2.45408 0.567065 0.0179006 -0.823479 261.408 
-0.821534 0.0900832 -0.562998 257.698 0.0625296 0.995719 0.0680772 -2.31258 0.56672 0.0207237 -0.82365 259.178 
-0.81952 0.0929221 -0.565467 256.171 0.0635088 0.995414 0.0715324 -2.1638 0.569521 0.02271 -0.821663 256.948 
-0.817641 0.0929817 -0.568171 254.629 0.0647734 0.995463 0.0696946 -2.01263 0.572073 0.0201828 -0.819954 254.697 
-0.816274 0.0913258 -0.5704 253.111 0.0628849 0.995604 0.0694128 -1.85673 0.574232 0.0207903 -0.818429 252.415 
-0.816713 0.0924032 -0.569597 251.562 0.0631597 0.99548 0.0709311 -1.70814 0.573577 0.0219548 -0.818857 250.171 
-0.817424 0.0937653 -0.568354 249.985 0.0663645 0.995422 0.0687742 -1.56423 0.572201 0.0184991 -0.819905 247.912 
-0.817833 0.0918348 -0.56808 248.419 0.0642899 0.995585 0.06839 -1.41808 0.571853 0.0194098 -0.820127 245.653 
-0.81829 0.0908387 -0.567582 246.851 0.0624402 0.995638 0.069326 -1.27096 0.571404 0.0212888 -0.820393 243.342 
-0.817916 0.0906975 -0.568144 245.279 0.0632342 0.995685 0.0679158 -1.12955 0.571852 0.0196233 -0.820122 241.023 
-0.818151 0.0896149 -0.567977 243.667 0.0625949 0.995791 0.0669492 -0.986273 0.571586 0.0192221 -0.820317 238.683 
-0.816597 0.0921864 -0.569799 242.067 0.0643333 0.995549 0.0688693 -0.843494 0.573612 0.0195814 -0.818893 236.298 
-0.816246 0.0957833 -0.569709 240.415 0.0684645 0.995248 0.0692359 -0.695438 0.573634 0.0175086 -0.818925 233.937 
-0.816187 0.0967777 -0.569625 238.744 0.0724583 0.995234 0.0652656 -0.558586 0.573226 0.0119949 -0.819309 231.572 
-0.815331 0.0952468 -0.571107 237.054 0.0700491 0.995358 0.0659971 -0.410905 0.574741 0.013804 -0.818219 229.21 
-0.812549 0.0931563 -0.5754 235.381 0.0656476 0.995491 0.0684643 -0.262037 0.579184 0.017857 -0.815001 226.813 
-0.809881 0.0954603 -0.578774 233.682 0.0666436 0.995255 0.070898 -0.112782 0.582796 0.0188473 -0.8124 224.412 
-0.807938 0.0934648 -0.581809 231.971 0.0666077 0.995498 0.0674264 0.036927 0.585491 0.0157234 -0.810526 222.033 
-0.805848 0.0935515 -0.584685 230.266 0.0663409 0.995488 0.0678463 0.178863 0.588394 0.0158853 -0.808418 219.619 
-0.804564 0.0988471 -0.585582 228.533 0.069494 0.994947 0.0724668 0.332531 0.589786 0.0176097 -0.807368 217.23 
-0.803811 0.101775 -0.586115 226.788 0.0730506 0.994687 0.072537 0.491071 0.590383 0.01549 -0.806975 214.853 
-0.803388 0.106101 -0.585928 225.035 0.0761244 0.994224 0.0756584 0.653292 0.590571 0.0161797 -0.806824 212.479 
-0.803187 0.105686 -0.586277 223.317 0.0770475 0.994301 0.0736854 0.818269 0.590724 0.0140119 -0.806752 210.085 
-0.804348 0.102173 -0.585308 221.621 0.072789 0.994628 0.0735958 0.979468 0.589683 0.0165926 -0.807464 207.683 
-0.806365 0.100125 -0.582881 219.916 0.0694767 0.994778 0.0747634 1.13948 0.587323 0.0197899 -0.809111 205.299 
-0.808824 0.0989083 -0.579673 218.212 0.0678785 0.994868 0.0750403 1.30268 0.58412 0.021347 -0.811386 202.908 
-0.81223 0.0886942 -0.576555 216.519 0.0612413 0.995877 0.0669259 1.46089 0.580114 0.0190502 -0.814313 200.528 
-0.815475 0.0855098 -0.572441 214.858 0.055491 0.996021 0.069733 1.60279 0.576126 0.0251002 -0.816975 198.111 
-0.818436 0.086758 -0.568011 213.201 0.055112 0.99583 0.0726934 1.75823 0.571949 0.0281907 -0.819805 195.694 
-0.821134 0.0894198 -0.563687 211.552 0.0581962 0.995621 0.0731635 1.92129 0.567761 0.0272725 -0.822742 193.262 
-0.825147 0.0926172 -0.557275 209.93 0.0627966 0.995393 0.0724492 2.08231 0.561418 0.0247863 -0.827161 190.843 
-0.83172 0.094812 -0.547039 208.328 0.0657135 0.995196 0.0725747 2.23683 0.551292 0.024414 -0.833955 188.407 
-0.83962 0.0885813 -0.535903 206.773 0.0621667 0.995801 0.0672007 2.36729 0.539605 0.0231078 -0.841601 185.951 
-0.847802 0.0863225 -0.52324 205.24 0.0592977 0.995906 0.0682218 2.50816 0.526987 0.0268116 -0.84945 183.473 
-0.855106 0.0880291 -0.510925 203.737 0.059627 0.995639 0.0717479 2.65088 0.515013 0.0308871 -0.856626 180.981 
-0.862431 0.0863895 -0.498748 202.269 0.0618605 0.995931 0.0655392 2.79281 0.502381 0.0256702 -0.864265 178.484 
-0.867005 0.0878106 -0.490501 200.845 0.0632824 0.995784 0.0664101 2.92737 0.494264 0.0265379 -0.868907 175.945 
-0.8692 0.0909604 -0.486021 199.458 0.0657477 0.995467 0.0687216 3.06669 0.490069 0.027778 -0.871241 173.396 
-0.87126 0.0897751 -0.482542 198.071 0.0671962 0.99569 0.0639175 3.19216 0.4862 0.0232638 -0.873538 170.868 
-0.873528 0.0868946 -0.478955 196.711 0.0637142 0.995883 0.0644754 3.31544 0.482586 0.0258048 -0.875468 168.323 
-0.876188 0.0868795 -0.474074 195.341 0.0629009 0.995819 0.0662414 3.4498 0.477847 0.0282203 -0.87799 165.78 
-0.878593 0.0869454 -0.46959 194.001 0.0637532 0.99584 0.0651007 3.58843 0.473297 0.0272591 -0.880481 163.229 
-0.881151 0.0913866 -0.46392 192.638 0.0688894 0.995488 0.0652532 3.72002 0.46779 0.0255388 -0.883471 160.687 
-0.88305 0.0895095 -0.460663 191.315 0.0686263 0.995719 0.0619236 3.85041 0.464234 0.023068 -0.885412 158.111 
-0.885019 0.0838161 -0.457947 189.996 0.0597689 0.995976 0.0667811 3.97545 0.461702 0.0317316 -0.886468 155.531 
-0.886263 0.0796004 -0.456291 188.697 0.0542516 0.996181 0.0684107 4.12011 0.459994 0.0358753 -0.887197 152.937 
-0.886772 0.0820039 -0.454875 187.384 0.0564804 0.995986 0.0694465 4.25546 0.458744 0.0358917 -0.887843 150.362 
-0.887454 0.0817975 -0.45358 186.068 0.0580545 0.996126 0.0660523 4.38531 0.457226 0.032286 -0.888764 147.765 
-0.888425 0.078768 -0.452214 184.784 0.0559573 0.996404 0.0636225 4.52653 0.455599 0.0312192 -0.889638 145.161 
-0.889782 0.0773434 -0.449784 183.478 0.0542966 0.996476 0.063939 4.66571 0.453144 0.03247 -0.890846 142.563 
-0.89142 0.0778389 -0.446443 182.199 0.0552653 0.996458 0.0633867 4.8066 0.449796 0.0318314 -0.892564 139.974 
-0.892563 0.0806173 -0.443658 180.923 0.0592445 0.996325 0.0618531 4.93259 0.447014 0.0289236 -0.894059 137.377 
-0.89322 0.0842178 -0.441663 179.628 0.0645723 0.996146 0.0593573 5.05166 0.44496 0.0244999 -0.895215 134.776 
-0.891797 0.0826519 -0.444822 178.356 0.0627109 0.996263 0.0593893 5.16697 0.448068 0.0250681 -0.893648 132.156 
-0.888434 0.0793107 -0.4521 177.071 0.0575244 0.996432 0.0617585 5.284 0.455385 0.0288616 -0.889827 129.569 
-0.882177 0.0766896 -0.464632 175.8 0.0512797 0.996427 0.0671022 5.40172 0.468118 0.0353698 -0.882958 126.984 
-0.873601 0.0745461 -0.480899 174.485 0.0456504 0.996393 0.0715265 5.53296 0.484496 0.0405324 -0.873854 124.423 
-0.864193 0.0681843 -0.498519 173.095 0.0392331 0.996891 0.0683371 5.67035 0.501628 0.039498 -0.864181 121.923 
-0.853484 0.0651224 -0.517034 171.67 0.0340637 0.997011 0.0693475 5.80137 0.520004 0.0415749 -0.853151 119.452 
-0.842497 0.0684808 -0.534331 170.163 0.0361976 0.996842 0.0706831 5.93944 0.537483 0.0402089 -0.842315 117.027 
-0.830297 0.0711962 -0.552755 168.618 0.0382228 0.996746 0.0709687 6.08202 0.556009 0.0377973 -0.830317 114.623 
-0.816396 0.0747879 -0.57263 167.016 0.041664 0.996623 0.0707631 6.22053 0.575988 0.0339126 -0.816754 112.262 
-0.801815 0.0800128 -0.592191 165.325 0.0449234 0.996262 0.0737826 6.38153 0.595881 0.0325568 -0.802412 109.966 
-0.787525 0.085886 -0.610268 163.599 0.0491851 0.995842 0.0766784 6.53539 0.614316 0.03037 -0.788475 107.692 
-0.775102 0.0862639 -0.62592 161.819 0.052842 0.996016 0.0718339 6.69956 0.629623 0.0226038 -0.776572 105.469 
-0.765764 0.0895271 -0.63686 160.018 0.0590324 0.995868 0.069014 6.86232 0.640407 0.015253 -0.767884 103.282 
-0.757426 0.0956331 -0.64588 158.185 0.0652295 0.99535 0.0708829 7.01551 0.649655 0.0115581 -0.760141 101.118 
-0.748155 0.0950649 -0.656679 156.346 0.065641 0.995433 0.0693202 7.166 0.66027 0.00875715 -0.750977 98.9586 
-0.741099 0.0937848 -0.664813 154.486 0.0639643 0.995554 0.0691382 7.31715 0.668342 0.00871394 -0.743803 96.8004 
-0.734366 0.0962855 -0.671889 152.59 0.061747 0.99526 0.0751377 7.46854 0.675939 0.0136915 -0.736831 94.6548 
-0.729632 0.0908665 -0.677776 150.67 0.0570835 0.995766 0.0720472 7.62951 0.681454 0.0138781 -0.73173 92.5402 
-0.722361 0.0920084 -0.685367 148.733 0.0526565 0.99555 0.0781506 7.78564 0.689508 0.0203639 -0.723992 90.4288 
-0.711428 0.0904552 -0.696914 146.749 0.0520002 0.995739 0.0761578 7.96161 0.700833 0.0179411 -0.7131 88.3549 
-0.700767 0.0899617 -0.707695 144.727 0.0541601 0.995863 0.0729635 8.12498 0.711331 0.0128015 -0.70274 86.3382 
-0.695104 0.0931753 -0.712846 142.668 0.0575237 0.995595 0.0740411 8.30373 0.716604 0.0104607 -0.697401 84.342 
-0.691629 0.0932439 -0.716209 140.627 0.0541285 0.995534 0.0773387 8.46946 0.720222 0.0147223 -0.693588 82.3269 
-0.692794 0.0938951 -0.714996 138.562 0.0535681 0.995449 0.0788201 8.64508 0.719143 0.0163052 -0.694671 80.3042 
-0.695972 0.0924091 -0.712098 136.497 0.0514765 0.995554 0.0788825 8.82317 0.716221 0.0182437 -0.697635 78.2704 
-0.704237 0.0805642 -0.705379 134.357 0.0495154 0.996695 0.0644013 9.05665 0.708236 0.0104267 -0.705898 76.3275 
-0.705412 0.0832465 -0.703892 132.298 0.0537907 0.996503 0.0639454 9.18292 0.706754 0.00724499 -0.707423 74.2528 
-0.705904 0.089588 -0.702619 130.232 0.0588105 0.995957 0.0679048 9.32162 0.705862 0.00661285 -0.708318 72.1738 
-0.705348 0.0870943 -0.703491 128.193 0.0575791 0.996183 0.0655995 9.46633 0.706519 0.00576415 -0.707671 70.0801 
-0.704846 0.0857649 -0.704157 126.13 0.056251 0.996296 0.0650408 9.59557 0.707127 0.00623423 -0.707059 68.0107 
-0.703784 0.0870709 -0.705058 124.066 0.0555254 0.996166 0.0675961 9.74046 0.708241 0.00842436 -0.70592 65.9278 
-0.701832 0.0865559 -0.707064 121.995 0.0545348 0.996206 0.0678202 9.89721 0.710251 0.00903884 -0.70389 63.8398 
-0.697838 0.0850115 -0.711193 119.908 0.0541964 0.996352 0.0659189 10.0417 0.714202 0.00745665 -0.6999 61.764 
-0.693718 0.0868168 -0.714995 117.817 0.0531151 0.996172 0.0694236 10.167 0.718286 0.0101833 -0.695674 59.6878 
-0.690059 0.08662 -0.718551 115.713 0.050291 0.996151 0.0717873 10.3127 0.722003 0.0134009 -0.69176 57.6164 
-0.687063 0.0873748 -0.721325 113.568 0.0506279 0.996087 0.0724339 10.4715 0.724832 0.0132475 -0.688799 55.5565 
-0.684301 0.0870125 -0.72399 111.406 0.0525464 0.996158 0.0700571 10.6233 0.727304 0.0098971 -0.686244 53.4722 
-0.683675 0.0882651 -0.724429 109.246 0.0514762 0.996019 0.0727755 10.7837 0.727969 0.0124639 -0.685497 51.4032 
-0.683165 0.0829157 -0.725542 107.078 0.043024 0.996377 0.073356 10.9482 0.728996 0.0188986 -0.684257 49.3344 
-0.68223 0.0873919 -0.725896 104.893 0.0459767 0.995994 0.0766985 11.1124 0.729691 0.0189518 -0.683515 47.2666 
-0.682716 0.07988 -0.726304 102.746 0.0490779 0.996775 0.0634942 11.2719 0.729034 0.00770297 -0.684434 45.2077 
-0.683621 0.0799819 -0.725441 100.584 0.0443365 0.996692 0.0681075 11.4176 0.728489 0.0143961 -0.684906 43.1448 
-0.683987 0.0830609 -0.72475 98.4289 0.0477563 0.996464 0.0691307 11.5766 0.727929 0.0126731 -0.685535 41.084 
-0.683705 0.0862958 -0.724638 96.2724 0.0521854 0.996223 0.0694008 11.713 0.72789 0.00963418 -0.685626 39.0269 
-0.683007 0.0885771 -0.725021 94.1033 0.0562986 0.996051 0.0686532 11.8563 0.728239 0.00607294 -0.685296 36.9267 
-0.684254 0.089485 -0.723732 91.9361 0.0563352 0.995963 0.0698824 11.9945 0.727064 0.00704575 -0.686533 34.8519 
-0.685725 0.0864122 -0.722713 89.8014 0.0515697 0.9962 0.0701817 12.1323 0.726032 0.0108552 -0.687575 32.7968 
-0.686826 0.0851161 -0.721821 87.6648 0.0475107 0.996253 0.0722694 12.2849 0.725267 0.0153423 -0.688296 30.718 
-0.687858 0.0850174 -0.720849 85.5155 0.0489521 0.996289 0.0707912 12.4352 0.724192 0.0134073 -0.689468 28.6565 
-0.689296 0.0815954 -0.719871 83.3704 0.0479407 0.996597 0.0670571 12.5861 0.722892 0.0117111 -0.690862 26.5853 
-0.690049 0.080041 -0.719323 81.2546 0.0453544 0.996695 0.0673963 12.7217 0.72234 0.0138823 -0.691398 24.4975 
-0.690826 0.0780786 -0.718792 79.1169 0.0410203 0.996783 0.068851 12.8634 0.721856 0.018079 -0.691807 22.4331 
-0.691631 0.0762856 -0.718211 76.9913 0.0383663 0.996883 0.0689385 13.0077 0.721231 0.0201249 -0.692402 20.3439 
-0.69215 0.0678373 -0.718558 74.909 0.0306319 0.997437 0.0646594 13.1443 0.721103 0.0227432 -0.692454 18.2887 
-0.692746 0.0718369 -0.717595 72.7752 0.0297748 0.997027 0.0710665 13.2787 0.720567 0.0278648 -0.692826 16.2255 
-0.694031 0.0706743 -0.716467 70.6478 0.0323358 0.997226 0.0670459 13.4254 0.719218 0.0233644 -0.694391 14.1581 
-0.693632 0.0692284 -0.716995 68.5304 0.0275935 0.997194 0.0695883 13.569 0.719801 0.0284843 -0.693596 12.0567 
-0.69392 0.0657425 -0.717045 66.4169 0.0262548 0.997471 0.0660454 13.7129 0.719573 0.0270044 -0.693891 9.94723 
-0.693527 0.0651977 -0.717474 64.2906 0.025923 0.99751 0.065587 13.8415 0.719964 0.0268873 -0.69349 7.8248 
-0.694819 0.0652452 -0.716219 62.1569 0.0251224 0.99747 0.0664945 13.9907 0.718746 0.0282085 -0.694701 5.73623 
-0.696059 0.0593599 -0.715526 60.0354 0.019396 0.997767 0.0639063 14.1217 0.717722 0.0306042 -0.695657 3.6434 
-0.696654 0.0543242 -0.715348 57.9112 0.0142138 0.997978 0.061945 14.2468 0.717267 0.0329864 -0.696018 1.55054 
-0.697574 0.0525649 -0.714582 55.7759 0.0125639 0.998049 0.0611521 14.3799 0.716402 0.0336802 -0.696874 -0.542582 
-0.69894 0.0504243 -0.713401 53.6503 0.0143179 0.998298 0.0565336 14.5019 0.715037 0.0292992 -0.698472 -2.62376 
-0.701398 0.0504172 -0.710984 51.4821 0.0167308 0.998385 0.054292 14.599 0.712573 0.0261849 -0.701109 -4.62594 
-0.702489 0.0449061 -0.710277 49.4037 0.0145205 0.998704 0.0487801 14.7 0.711547 0.0239539 -0.70223 -6.71208 
-0.703273 0.0350556 -0.710055 47.2916 0.00687807 0.999072 0.0425121 14.7852 0.710886 0.0250138 -0.702862 -8.79058 
-0.703417 0.0324966 -0.710034 45.213 0.000278048 0.998967 0.0454449 14.8467 0.710777 0.0317693 -0.7027 -10.8901 
-0.706188 0.0362407 -0.707096 43.1192 0.00303442 0.998835 0.0481626 14.9176 0.708018 0.0318662 -0.705475 -12.9444 
-0.709561 0.0324237 -0.703897 41.098 0.00922155 0.999283 0.0367342 14.9643 0.704583 0.0195742 -0.709351 -14.9777 
-0.712312 0.0441351 -0.700474 39.1323 0.022857 0.99895 0.0396981 15.0168 0.70149 0.0122667 -0.712573 -17.0047 
-0.718694 0.0484341 -0.693637 37.2232 0.0251421 0.998729 0.0436873 15.0816 0.694872 0.0139583 -0.718998 -18.9715 
-0.722362 0.0428991 -0.690183 35.4092 0.0179859 0.998902 0.0432634 15.1469 0.691281 0.0188383 -0.72234 -20.9437 
-0.726834 0.0408843 -0.685595 33.6251 0.0244849 0.999135 0.0336241 15.1857 0.686376 0.00765247 -0.727206 -22.8495 
-0.731345 0.040063 -0.68083 31.8689 0.0245947 0.999173 0.0323762 15.2227 0.681564 0.00693338 -0.731726 -24.7046 
-0.734486 0.0275433 -0.678065 30.2422 0.0112069 0.999532 0.0284619 15.2447 0.678531 0.0133059 -0.734451 -26.5243 
-0.736708 0.0203031 -0.675906 28.6507 -0.00465137 0.999373 0.0350893 15.2644 0.676195 0.0289944 -0.736152 -28.3032 
-0.738992 0.00657971 -0.673682 27.1589 -0.0177674 0.999414 0.0292509 15.2805 0.67348 0.0335858 -0.738442 -29.9907 
-0.736218 -0.0103627 -0.676665 25.7606 -0.040564 0.998761 0.0288386 15.2986 0.675528 0.0486797 -0.735726 -31.6011 
-0.726208 -0.0218059 -0.687129 24.4178 -0.0615126 0.997549 0.033354 15.3075 0.684718 0.066489 -0.725769 -33.0944 
-0.709779 -0.0360124 -0.703503 23.1309 -0.0787639 0.996487 0.0284563 15.3049 0.700007 0.0756083 -0.710122 -34.435 
-0.684217 -0.0490691 -0.727625 21.9162 -0.0956377 0.995155 0.0228217 15.3126 0.72298 0.0852034 -0.685595 -35.6672 
-0.647417 -0.0598768 -0.75978 20.736 -0.111827 0.993582 0.016987 15.303 0.753887 0.0959618 -0.649958 -36.7473 
-0.564446 -0.0576756 -0.823453 19.0018 -0.119219 0.992793 0.0121837 15.2692 0.816816 0.105048 -0.567254 -38.0929 
-0.464385 -0.0564136 -0.883835 17.2659 -0.118821 0.992915 -0.000945059 15.2184 0.877626 0.104579 -0.467799 -38.9482 
-0.347581 -0.0360892 -0.936955 15.5743 -0.101308 0.994855 -0.000737451 15.1672 0.932161 0.0946643 -0.349449 -39.5317 
-0.18268 -0.00799572 -0.98314 13.9374 -0.0992826 0.995005 0.0103558 15.1722 0.978147 0.0995005 -0.182562 -40.0313 
-0.00608372 0.0147982 -0.999872 12.3144 -0.0898832 0.995835 0.0152853 15.1422 0.995934 0.0899647 -0.00472827 -40.0567 
0.165745 0.0225895 -0.98591 10.7587 -0.0925533 0.995681 0.00725392 15.1146 0.981816 0.0900469 0.167119 -39.8112 
0.33235 0.0249025 -0.942827 9.31372 -0.0928015 0.995664 -0.00641482 15.0731 0.938579 0.0896278 0.33322 -39.3372 
0.484127 0.026177 -0.874606 7.98899 -0.0937299 0.995353 -0.022092 15.0234 0.869963 0.092672 0.484331 -38.5693 
0.579142 0.0355911 -0.81445 7.14789 -0.0926312 0.995449 -0.0223677 14.9706 0.809947 0.0883975 0.579803 -37.9495 
0.705004 0.047032 -0.707642 5.96222 -0.0924763 0.995376 -0.0259758 14.9031 0.703149 0.0837532 0.706093 -36.8299 
0.8064 0.0440045 -0.58973 4.93284 -0.0839384 0.995648 -0.0404844 14.8295 0.585382 0.0821477 0.806585 -35.4707 
0.860081 0.0396809 -0.508611 4.36378 -0.0737797 0.996164 -0.0470454 14.7662 0.504794 0.077988 0.85971 -34.4389 
0.904108 0.0343056 -0.425925 3.86333 -0.0616369 0.996818 -0.0505486 14.6917 0.422836 0.0719541 0.903345 -33.322 
0.936035 0.0305239 -0.35058 3.4505 -0.0525248 0.99719 -0.0534171 14.5977 0.347964 0.0684144 0.935008 -32.1355 
0.965445 0.02007 -0.259835 2.93834 -0.0378921 0.997245 -0.0637635 14.4626 0.257839 0.0714058 0.963546 -30.2035 
0.976579 0.0157064 -0.214585 2.67333 -0.031464 0.997035 -0.0702156 14.3593 0.212846 0.0753228 0.974178 -28.8575 
0.985588 0.00748982 -0.168996 2.3104 -0.0195241 0.99738 -0.0696614 14.1994 0.168032 0.0719569 0.983152 -26.7417 
0.988584 -0.00414043 -0.150613 1.98209 -0.00541772 0.997999 -0.0629959 14.0356 0.150573 0.0630927 0.986584 -24.5311 
0.989251 -0.00144647 -0.14622 1.75152 -0.00742822 0.998163 -0.0601299 13.9229 0.146038 0.0605697 0.987423 -23.011 
0.989653 -0.0033112 -0.143444 1.50817 -0.00542813 0.998154 -0.0604907 13.8114 0.14338 0.0606434 0.987808 -21.4554 
0.990191 -0.00425229 -0.139653 1.17062 -0.00376925 0.99836 -0.0571246 13.6512 0.139666 0.0570907 0.988551 -19.0534 
0.990827 -0.00948231 -0.134801 0.812708 0.00227147 0.998563 -0.0535459 13.4842 0.135115 0.0527486 0.989425 -16.5566 
0.991146 -0.0135462 -0.132081 0.589979 0.00724366 0.998817 -0.0480814 13.373 0.132576 0.0466989 0.990072 -14.8536 
0.991558 -0.0183724 -0.128358 0.338116 0.0123681 0.998799 -0.0474189 13.266 0.129075 0.0454311 0.990594 -13.1756 
0.991443 -0.0242782 -0.128262 0.184121 0.018831 0.998875 -0.0435126 13.1798 0.129174 0.040725 0.990785 -11.5049 
0.991679 -0.0263962 -0.126002 -0.168252 0.0222343 0.999163 -0.0343239 13.0085 0.126802 0.0312367 0.991436 -9.05478 
0.990791 -0.0297176 -0.1321 -0.34439 0.0248944 0.998967 -0.0380152 12.9218 0.133093 0.0343766 0.990507 -7.47521 
0.990306 -0.0239977 -0.136813 -0.571768 0.0183246 0.998925 -0.0425757 12.832 0.137688 0.039656 0.989682 -5.94532 
0.989486 -0.0191679 -0.143356 -0.953366 0.0154038 0.999508 -0.0273209 12.6949 0.143809 0.0248254 0.989294 -3.70537 
0.987954 -0.0165362 -0.153859 -1.16271 0.0119483 0.999457 -0.0306958 12.6305 0.154283 0.0284877 0.987616 -2.25133 
0.985226 -0.0140247 -0.170683 -1.5423 0.010661 0.999731 -0.0206079 12.5547 0.170926 0.0184838 0.985111 -0.127307 
0.980267 -0.0165873 -0.196981 -1.95305 0.0107996 0.999479 -0.03042 12.4739 0.197383 0.0276924 0.979935 1.93809 
0.975898 -0.0197121 -0.217334 -2.3058 0.0129775 0.999392 -0.0323713 12.4036 0.21784 0.0287706 0.97556 3.30945 
0.970319 -0.0215828 -0.240865 -2.63125 0.0156018 0.999521 -0.0267111 12.3462 0.241327 0.0221603 0.970191 4.70912 
0.964706 -0.0205358 -0.262526 -3.02869 0.013726 0.999521 -0.0277472 12.288 0.26297 0.0231644 0.964526 6.09401 
0.958153 -0.0255867 -0.285112 -3.4176 0.0155174 0.999175 -0.0375206 12.2238 0.285837 0.0315262 0.957759 7.47914 
