0 0.000036 0.004386 100.000000 25.641026
0 0.000049 0.000947 200.000000 26.315790
0 0.000052 0.001586 300.000000 27.522936
1 0.000052 0.004104 100.000000 25.641026
1 0.000047 0.001010 200.000000 26.315790
1 0.000054 0.001391 300.000000 27.522936
2 0.000041 0.004899 100.000000 25.641026
2 0.000044 0.000902 200.000000 26.315790
2 0.000051 0.001439 300.000000 27.522936
3 0.000063 0.004448 100.000000 25.641026
3 0.000050 0.001094 200.000000 26.315790
3 0.000053 0.001592 300.000000 27.522936
4 0.000058 0.003959 100.000000 25.641026
4 0.000049 0.001555 200.000000 26.315790
4 0.000052 0.001374 300.000000 27.522936
5 0.000081 0.002241 100.000000 25.641026
5 0.000064 0.002825 200.000000 26.315790
5 0.000054 0.002835 300.000000 27.522936
6 0.000060 0.001273 100.000000 25.641026
6 0.000070 0.002941 200.000000 26.315790
6 0.000056 0.002804 300.000000 27.777779
7 0.000042 0.000996 100.000000 25.641026
7 0.000065 0.002756 200.000000 26.315790
7 0.000055 0.002458 300.000000 27.777779
8 0.000047 0.001040 100.000000 25.641026
8 0.000063 0.002620 200.000000 26.315790
8 0.000049 0.002533 300.000000 27.777779
9 0.000059 0.001348 100.000000 25.641026
9 0.000054 0.001716 200.000000 26.315790
9 0.000046 0.002166 300.000000 27.777779
10 0.000067 0.001121 100.000000 25.641026
10 0.000051 0.001700 200.000000 26.315790
10 0.000048 0.001929 300.000000 27.777779
11 0.000103 0.001824 100.000000 25.641026
11 0.000045 0.001469 200.000000 26.666666
11 0.000041 0.001250 300.000000 28.037384
12 0.000098 0.001523 100.000000 26.315790
12 0.000045 0.001442 200.000000 27.027027
12 0.000050 0.001229 300.000000 28.037384
13 0.000105 0.001999 100.000000 26.315790
13 0.000040 0.001292 200.000000 27.027027
13 0.000045 0.000872 300.000000 28.037384
14 0.000082 0.001830 100.000000 26.315790
14 0.000049 0.001029 200.000000 27.027027
14 0.000045 0.001118 300.000000 28.037384
15 0.000063 0.002813 100.000000 26.315790
15 0.000044 0.001674 200.000000 27.027027
15 0.000050 0.001205 300.000000 27.777779
16 0.000049 0.002941 100.000000 26.315790
16 0.000045 0.001935 200.000000 27.027027
16 0.000046 0.001384 300.000000 27.522936
17 0.000044 0.002620 100.000000 26.315790
17 0.000038 0.001668 200.000000 27.027027
17 0.000046 0.001065 300.000000 27.522936
18 0.000048 0.002298 100.000000 26.315790
18 0.000037 0.001310 200.000000 27.027027
18 0.000047 0.000881 300.000000 27.272728
19 0.000045 0.002703 100.000000 26.315790
19 0.000042 0.001536 200.000000 27.027027
19 0.000049 0.001144 300.000000 27.272728
20 0.000058 0.002603 100.000000 25.641026
20 0.000044 0.001287 200.000000 27.027027
20 0.000053 0.001296 300.000000 27.272728
21 0.000063 0.003136 100.000000 25.641026
21 0.000041 0.001492 200.000000 27.027027
21 0.000059 0.001607 300.000000 27.272728
22 0.000072 0.003220 100.000000 25.641026
22 0.000043 0.001169 200.000000 27.027027
22 0.000058 0.001313 300.000000 27.272728
23 0.000064 0.003296 100.000000 26.315790
23 0.000046 0.001256 200.000000 27.397261
23 0.000055 0.001372 300.000000 27.522936
24 0.000071 0.003682 100.000000 26.315790
24 0.000049 0.001145 200.000000 27.397261
24 0.000062 0.001516 300.000000 27.522936
25 0.000116 0.003180 100.000000 25.641026
25 0.000052 0.001132 200.000000 27.397261
25 0.000066 0.001881 300.000000 27.272728
26 0.000123 0.003596 100.000000 25.641026
26 0.000042 0.001162 200.000000 27.397261
26 0.000065 0.001800 300.000000 27.522936
27 0.000100 0.004075 100.000000 25.641026
27 0.000046 0.001261 200.000000 27.397261
27 0.000072 0.001986 300.000000 27.522936
28 0.000096 0.003913 100.000000 25.641026
28 0.000046 0.001537 200.000000 27.397261
28 0.000070 0.002478 300.000000 27.272728
29 0.000064 0.004083 100.000000 25.641026
29 0.000045 0.001685 200.000000 27.397261
29 0.000063 0.002336 300.000000 27.027027
30 0.000073 0.004498 100.000000 25.641026
30 0.000047 0.001740 200.000000 27.397261
30 0.000071 0.001924 300.000000 27.027027
31 0.000081 0.004643 100.000000 25.641026
31 0.000064 0.001535 200.000000 27.397261
31 0.000078 0.001581 300.000000 26.785715
32 0.000054 0.004939 100.000000 25.641026
32 0.000063 0.001607 200.000000 27.777779
32 0.000077 0.002069 300.000000 26.548672
33 0.000045 0.005338 100.000000 25.641026
33 0.000060 0.001703 200.000000 27.777779
33 0.000078 0.002327 300.000000 26.315790
34 0.000040 0.004413 100.000000 25.641026
34 0.000057 0.001626 200.000000 27.777779
34 0.000078 0.001607 300.000000 26.548672
35 0.000041 0.004265 100.000000 25.641026
35 0.000056 0.001621 200.000000 27.777779
35 0.000075 0.001485 300.000000 26.548672
36 0.000057 0.004492 100.000000 25.641026
36 0.000062 0.002191 200.000000 27.777779
37 0.000067 0.005069 100.000000 25.641026
37 0.000063 0.002483 200.000000 27.777779
38 0.000065 0.005993 100.000000 25.641026
38 0.000067 0.002752 200.000000 27.777779
39 0.000045 0.005394 100.000000 25.641026
39 0.000054 0.002356 200.000000 27.777779
40 0.000061 0.004491 100.000000 25.641026
40 0.000056 0.001778 200.000000 28.169014
41 0.000041 0.004409 100.000000 25.641026
41 0.000048 0.002408 200.000000 28.169014
42 0.000049 0.004233 100.000000 26.315790
42 0.000051 0.002533 200.000000 28.169014
43 0.000058 0.003857 100.000000 26.315790
43 0.000045 0.002572 200.000000 28.169014
44 0.000089 0.004512 100.000000 26.315790
44 0.000062 0.002285 200.000000 28.169014
45 0.000106 0.005270 100.000000 26.315790
45 0.000069 0.003104 200.000000 28.571428
46 0.000111 0.004871 100.000000 26.315790
46 0.000063 0.002949 200.000000 28.571428
47 0.000101 0.004206 100.000000 26.315790
47 0.000064 0.002769 200.000000 28.571428
48 0.000097 0.004564 100.000000 26.315790
48 0.000074 0.003240 200.000000 28.571428
49 0.000111 0.004870 100.000000 26.315790
49 0.000098 0.003771 200.000000 28.571428
50 0.000110 0.004601 100.000000 26.315790
50 0.000100 0.003831 200.000000 28.571428
51 0.000076 0.003454 100.000000 26.315790
51 0.000082 0.002540 200.000000 28.571428
52 0.000053 0.003188 100.000000 27.027027
52 0.000084 0.002769 200.000000 28.169014
53 0.000049 0.003826 100.000000 27.027027
53 0.000070 0.003219 200.000000 27.777779
54 0.000041 0.003839 100.000000 27.027027
54 0.000056 0.003575 200.000000 27.397261
55 0.000054 0.002873 100.000000 27.027027
55 0.000067 0.002939 200.000000 27.397261
56 0.000055 0.003199 100.000000 27.027027
56 0.000061 0.003304 200.000000 27.397261
57 0.000078 0.004571 100.000000 27.027027
57 0.000054 0.003649 200.000000 27.397261
58 0.000073 0.005720 100.000000 27.027027
58 0.000065 0.004307 200.000000 27.397261
59 0.000079 0.006190 100.000000 27.027027
59 0.000065 0.004431 200.000000 27.397261
60 0.000124 0.007651 100.000000 27.027027
60 0.000060 0.004721 200.000000 27.397261
61 0.000120 0.007271 100.000000 27.777779
61 0.000061 0.004366 200.000000 27.777779
62 0.000134 0.007545 100.000000 27.777779
62 0.000058 0.004252 200.000000 27.777779
63 0.000111 0.010377 100.000000 27.777779
63 0.000056 0.007309 200.000000 27.777779
64 0.000104 0.010341 100.000000 27.777779
64 0.000054 0.007106 200.000000 27.777779
65 0.000078 0.009030 100.000000 27.777779
65 0.000065 0.005545 200.000000 27.777779
66 0.000071 0.008374 100.000000 28.571428
66 0.000067 0.005055 200.000000 27.397261
67 0.000044 0.007615 100.000000 28.571428
67 0.000078 0.004228 200.000000 27.027027
68 0.000042 0.007982 100.000000 28.571428
68 0.000077 0.003889 200.000000 27.027027
69 0.000055 0.007513 100.000000 28.571428
69 0.000077 0.003543 200.000000 26.666666
70 0.000071 0.006461 100.000000 28.571428
70 0.000098 0.003008 200.000000 26.315790
71 0.000081 0.005500 100.000000 28.571428
71 0.000099 0.003050 200.000000 26.315790
72 0.000084 0.005460 100.000000 28.571428
72 0.000101 0.003018 200.000000 26.315790
73 0.000088 0.005267 100.000000 28.571428
74 0.000071 0.006159 100.000000 28.571428
75 0.000061 0.006076 100.000000 29.411764
76 0.000069 0.005977 100.000000 29.411764
77 0.000065 0.005994 100.000000 29.411764
78 0.000061 0.006506 100.000000 29.411764
79 0.000057 0.006702 100.000000 29.411764
80 0.000034 0.007126 100.000000 29.411764
81 0.000040 0.007273 100.000000 29.411764
82 0.000033 0.007391 100.000000 29.411764
83 0.000029 0.007347 100.000000 29.411764
84 0.000047 0.007236 100.000000 29.411764
85 0.000080 0.007519 100.000000 29.411764
86 0.000090 0.006942 100.000000 29.411764
87 0.000097 0.007233 100.000000 29.411764
88 0.000128 0.007447 100.000000 28.571428
89 0.000120 0.007359 100.000000 27.777779
90 0.000097 0.006417 100.000000 27.027027
91 0.000091 0.006847 100.000000 26.315790
92 0.000095 0.007179 100.000000 26.315790
93 0.000146 0.006743 100.000000 26.315790
94 0.000154 0.007005 100.000000 26.315790
95 0.000168 0.007273 100.000000 26.315790
96 0.000205 0.006338 100.000000 27.027027
97 0.000204 0.006948 100.000000 26.315790
98 0.000181 0.005902 100.000000 26.315790
99 0.000162 0.006207 100.000000 26.315790
100 0.000158 0.006310 100.000000 25.641026
101 0.000139 0.006010 100.000000 25.000000
102 0.000155 0.005632 100.000000 24.390244
103 0.000119 0.005881 100.000000 23.809525
104 0.000134 0.005230 100.000000 23.255814
105 0.000130 0.005714 100.000000 23.255814
