1 1.19763e-11 1.70464e-10 5.55111e-17 1.19763e-11 1 3.5625e-10 0 1.70464e-10 3.5625e-10 1 2.22045e-16 
0.999891 -0.0118345 0.00882119 0.0882615 0.0118638 0.999924 -0.00328123 -0.0127384 -0.00878169 0.00338553 0.999956 1.50095 
0.999173 -0.00913185 -0.0396157 0.0368634 0.00893704 0.999947 -0.00509187 -0.0353362 0.0396601 0.00473362 0.999202 2.51119 
0.99499 -0.00665826 -0.0997477 -0.111858 0.00611821 0.999965 -0.00571911 -0.0568388 0.0997823 0.00508018 0.994996 3.62197 
0.987468 -0.00852958 -0.157589 -0.266431 0.00809124 0.999961 -0.00342288 -0.0776825 0.157612 0.00210489 0.987499 4.82585 
0.981149 -0.0115063 -0.192908 -0.511069 0.0102894 0.99992 -0.00730888 -0.0901695 0.192976 0.0051862 0.98119 6.1708 
0.976526 -0.0125814 -0.215033 -0.932592 0.0100498 0.999867 -0.0128626 -0.129001 0.215166 0.0103996 0.976522 7.58651 
0.972425 -0.0247274 -0.231901 -1.14341 0.0215716 0.999637 -0.0161349 -0.147996 0.232216 0.0106875 0.972606 8.59019 
0.967583 -0.0231981 -0.251487 -1.39817 0.0177224 0.999554 -0.0240165 -0.16131 0.251932 0.018781 0.967563 9.64221 
0.961472 -0.0209209 -0.274106 -1.89929 0.0129464 0.99944 -0.0308696 -0.253116 0.274598 0.0261316 0.961204 11.2932 
0.957701 -0.0180557 -0.2872 -2.36462 0.00818802 0.999335 -0.0355223 -0.349124 0.28765 0.0316682 0.957212 12.4272 
0.95397 -0.0193622 -0.299277 -2.77519 0.00536827 0.998856 -0.0475109 -0.422025 0.299854 0.0437174 0.952983 13.6008 
0.952819 -0.0169714 -0.303064 -3.2397 -0.00266529 0.997929 -0.0642629 -0.500366 0.303527 0.0620387 0.950801 14.8036 
0.948417 -0.0138694 -0.316723 -3.89862 -0.0143322 0.996145 -0.0865388 -0.66016 0.316702 0.0866142 0.944562 16.7552 
0.945141 -0.0103088 -0.3265 -4.376 -0.0229567 0.994935 -0.0978679 -0.795854 0.325855 0.0999944 0.940117 18.0594 
0.941646 -0.0068524 -0.336534 -4.89471 -0.0293423 0.994316 -0.102348 -0.946564 0.335322 0.10625 0.936093 19.4501 
0.936913 -0.00818643 -0.349465 -5.45621 -0.0285611 0.99459 -0.0998709 -1.10358 0.348393 0.103551 0.931611 20.861 
0.930084 -0.00915532 -0.367232 -5.96068 -0.0280846 0.994991 -0.0959353 -1.25331 0.366271 0.0995415 0.925169 22.2927 
0.923797 -0.00197551 -0.382877 -6.62803 -0.0330906 0.995833 -0.0849785 -1.41652 0.381449 0.0911726 0.919883 23.7782 
0.912192 0.00250339 -0.409756 -7.65417 -0.0381143 0.996164 -0.0787633 -1.63798 0.407987 0.0874648 0.908788 26.0349 
0.9046 0.00364254 -0.426247 -8.41533 -0.0397425 0.996329 -0.075829 -1.77367 0.424406 0.085535 0.901423 27.553 
0.896017 0.00475783 -0.443995 -9.16125 -0.0402569 0.996695 -0.0705611 -1.92439 0.442192 0.0810978 0.893247 29.0869 
0.886679 0.00555624 -0.462352 -9.91031 -0.0385159 0.99734 -0.0618788 -2.0641 0.460778 0.0726746 0.884535 30.7233 
0.878866 0.00582313 -0.477033 -10.7531 -0.0392431 0.997419 -0.0601245 -2.20857 0.475452 0.0715616 0.876827 32.3412 
0.872165 0.00574823 -0.489177 -11.635 -0.0387704 0.997598 -0.057402 -2.33138 0.487672 0.0690296 0.870293 34.0362 
0.868051 0.00466624 -0.496453 -12.6527 -0.0380057 0.997646 -0.0570761 -2.46239 0.495018 0.068413 0.866185 35.6864 
0.865901 0.00511436 -0.500189 -13.6644 -0.0385415 0.997657 -0.0565201 -2.592 0.498728 0.0682188 0.86407 37.442 
0.864941 0.00413713 -0.501857 -14.6692 -0.0363311 0.997859 -0.05439 -2.73032 0.500557 0.0652772 0.863239 39.2449 
0.863411 0.000490237 -0.504501 -15.7578 -0.0330758 0.997903 -0.0556368 -2.85847 0.503416 0.0647242 0.861617 41.0625 
0.85901 -0.000526581 -0.511959 -16.8301 -0.0295554 0.998281 -0.0506175 -2.97634 0.511106 0.0586121 0.857517 42.9053 
0.851085 -0.00281983 -0.52502 -17.9005 -0.0246306 0.99867 -0.0452913 -3.09048 0.524449 0.0514784 0.849884 44.7312 
0.840136 -0.00880646 -0.542304 -19.0807 -0.0222866 0.998463 -0.0507404 -3.22049 0.541918 0.054715 0.838649 46.5155 
0.828126 -0.00547592 -0.560515 -20.2927 -0.0231324 0.998767 -0.043934 -3.35704 0.560064 0.0493489 0.826978 48.2944 
0.818944 -0.00107723 -0.573872 -21.5415 -0.0275515 0.998771 -0.0411922 -3.46635 0.573211 0.0495451 0.817908 50.0298 
0.812512 -0.00506455 -0.582922 -22.7903 -0.0312302 0.998148 -0.0522027 -3.58953 0.582107 0.0606201 0.81085 51.7399 
0.805874 -0.00413603 -0.592072 -24.0558 -0.0310941 0.9983 -0.0492962 -3.72252 0.59127 0.0581364 0.804376 53.4632 
0.799296 0.000369849 -0.600938 -25.3324 -0.031397 0.99866 -0.0411459 -3.84824 0.600117 0.0517554 0.798236 55.1856 
0.792918 -0.000398505 -0.609328 -26.6763 -0.0324827 0.99855 -0.0429228 -3.96464 0.608462 0.0538269 0.791756 56.8655 
0.784938 -0.00345693 -0.619564 -28.0134 -0.0315672 0.998463 -0.0455642 -4.09103 0.618769 0.055323 0.783622 58.5516 
0.775693 -0.00221265 -0.631107 -29.3659 -0.0325584 0.998522 -0.0435184 -4.22332 0.63027 0.0543047 0.774474 60.2187 
0.765178 -0.00458119 -0.643802 -30.7869 -0.0319875 0.998469 -0.0451231 -4.34004 0.643023 0.0551208 0.76386 61.8607 
0.753971 -0.00801563 -0.656859 -32.2464 -0.0300991 0.998454 -0.0467331 -4.45511 0.656218 0.0550063 0.752564 63.4792 
0.740903 -0.0146781 -0.671452 -33.7974 -0.0235427 0.998579 -0.047807 -4.54794 0.6712 0.0512282 0.739504 65.0839 
0.728437 -0.0122948 -0.685003 -35.2833 -0.0257573 0.998641 -0.0453146 -4.69168 0.684629 0.0506526 0.72713 66.7245 
0.716682 -0.01165 -0.697303 -36.8466 -0.0299747 0.998422 -0.0474886 -4.85171 0.696756 0.0549356 0.715202 68.2949 
0.705398 -0.0097968 -0.708743 -38.4757 -0.0318799 0.998454 -0.0455308 -4.99354 0.708094 0.054712 0.703996 69.9337 
0.694216 -0.0115863 -0.719673 -40.0853 -0.0315456 0.99842 -0.0465037 -5.11707 0.719075 0.0549861 0.692754 71.5426 
0.68333 -0.0171661 -0.729907 -41.7613 -0.0298498 0.998231 -0.0514216 -5.24351 0.729499 0.0569255 0.681609 73.1168 
0.673978 -0.01604 -0.738578 -43.4859 -0.0311631 0.998257 -0.050117 -5.38963 0.738094 0.0567941 0.672303 74.6744 
0.663791 -0.0170594 -0.747724 -45.2429 -0.029773 0.998345 -0.0492083 -5.52978 0.747325 0.054926 0.662184 76.2135 
0.654226 -0.0216648 -0.755989 -47.072 -0.0238537 0.998501 -0.0492574 -5.63868 0.755923 0.0502586 0.652728 77.6798 
0.646443 -0.0263542 -0.762507 -48.9104 -0.0182503 0.998583 -0.0499859 -5.79181 0.762744 0.046229 0.645046 79.1713 
0.637453 -0.0351973 -0.769685 -50.7536 -0.0106398 0.998459 -0.0544709 -5.94171 0.770416 0.0429119 0.636096 80.6918 
0.62302 -0.0435435 -0.780993 -52.6696 0.00115848 0.9985 -0.0547462 -6.07635 0.782205 0.0332032 0.622135 82.1423 
0.594631 -0.0435861 -0.802817 -55.5667 0.00352735 0.998661 -0.0516061 -6.2938 0.803991 0.0278548 0.593988 84.3949 
0.56535 -0.0488666 -0.823402 -58.58 0.00366933 0.998383 -0.0567318 -6.52441 0.824843 0.029052 0.564615 86.4986 
0.545127 -0.0511556 -0.836791 -60.6801 0.0103614 0.998471 -0.0542897 -6.67512 0.838289 0.0209245 0.544824 87.7771 
0.514219 -0.0547614 -0.855909 -63.8733 0.0099707 0.998274 -0.0578797 -6.87733 0.857601 0.0212289 0.513878 89.7342 
0.48548 -0.0523151 -0.872681 -67.1095 0.00548654 0.998371 -0.0567976 -7.16919 0.874231 0.0227861 0.484976 91.5984 
0.463486 -0.0514706 -0.884608 -70.4951 0.00502289 0.998448 -0.0554626 -7.49186 0.88609 0.0212629 0.463026 93.355 
0.443367 -0.061877 -0.894202 -73.8988 0.0125344 0.997945 -0.062841 -7.77293 0.896252 0.0166533 0.443232 95.0925 
0.434819 -0.0596748 -0.898538 -76.1806 0.0170184 0.998168 -0.058056 -7.98905 0.900357 0.00995214 0.435038 96.1686 
0.426438 -0.0576296 -0.902679 -78.4845 0.0229362 0.998336 -0.0529013 -8.16872 0.904226 0.00185508 0.42705 97.2737 
0.418553 -0.0545759 -0.906551 -81.8827 0.0264436 0.998502 -0.0479025 -8.44316 0.907807 -0.00392272 0.419369 98.8767 
0.412501 -0.0518032 -0.909483 -85.1626 0.0298109 0.998615 -0.0433591 -8.71844 0.910469 -0.00922686 0.413473 100.406 
0.411398 -0.050942 -0.910031 -88.3684 0.0312799 0.998638 -0.0417613 -8.95633 0.910919 -0.0112852 0.412431 101.781 
0.413575 -0.0531375 -0.908918 -91.5166 0.0291312 0.998557 -0.0451228 -9.16068 0.910004 -0.00781617 0.414526 103.171 
0.429944 -0.0535682 -0.901265 -94.5994 0.0243884 0.998563 -0.0477169 -9.37101 0.902526 -0.00146481 0.430633 104.554 
0.454972 -0.0499528 -0.889104 -97.611 0.020948 0.99875 -0.0453936 -9.5868 0.890259 0.00202787 0.455449 105.992 
0.485187 -0.0520909 -0.872858 -100.542 0.0177219 0.998605 -0.0497444 -9.78431 0.874231 0.00866667 0.485433 107.519 
0.521176 -0.0498881 -0.85199 -103.391 0.0140325 0.998656 -0.0498921 -9.98595 0.853334 0.014047 0.521175 109.149 
0.560963 -0.0469916 -0.826506 -106.169 0.0133603 0.998771 -0.047718 -10.2004 0.827733 0.0157256 0.560901 110.819 
0.593564 -0.0479591 -0.803356 -108.723 0.0141905 0.998691 -0.0491356 -10.4157 0.804661 0.0177651 0.593468 112.681 
0.614027 -0.0434416 -0.788088 -110.371 0.0146545 0.99894 -0.0436465 -10.5497 0.789149 0.0152511 0.614013 113.938 
0.642124 -0.0392111 -0.765597 -112.729 0.0076692 0.99897 -0.0447312 -10.7563 0.766562 0.0228515 0.641763 115.956 
0.668711 -0.0342686 -0.742733 -114.984 0.00677222 0.999177 -0.0400033 -10.9458 0.743492 0.0217207 0.668392 117.963 
0.68424 -0.0310627 -0.728595 -116.386 0.0034054 0.999218 -0.0394022 -11.0623 0.729249 0.0244794 0.683811 119.287 
0.698662 -0.0266136 -0.714957 -117.741 0.000735439 0.999334 -0.0364806 -11.1628 0.715452 0.0249618 0.698216 120.612 
0.713236 -0.0210781 -0.700607 -119.027 -0.00278772 0.999455 -0.032907 -11.2677 0.700919 0.0254236 0.712788 121.91 
0.728784 -0.0163153 -0.684549 -120.249 -0.00734411 0.999472 -0.0316397 -11.3587 0.684704 0.0280859 0.72828 123.192 
0.747318 -0.00889053 -0.664407 -121.428 -0.0109299 0.999611 -0.0256697 -11.4442 0.664377 0.0264453 0.74693 124.485 
0.777789 -0.00639681 -0.628493 -123.106 -0.0148045 0.999484 -0.0284941 -11.5659 0.628351 0.0314669 0.777293 126.439 
0.807808 -0.00185646 -0.589443 -124.628 -0.0152558 0.999594 -0.0240557 -11.6918 0.589248 0.0284248 0.807452 128.428 
0.842915 0.00298633 -0.538038 -126.554 -0.013836 0.999774 -0.0161269 -11.8435 0.537868 0.0210379 0.842766 131.21 
0.875951 0.00762211 -0.48234 -128.757 -0.0172502 0.999731 -0.0155291 -11.9801 0.482092 0.0219232 0.875846 134.815 
0.892596 0.00957461 -0.450756 -130.393 -0.0177044 0.999748 -0.0138228 -12.0773 0.450509 0.0203186 0.89254 137.88 
0.905338 0.0209891 -0.424172 -131.997 -0.0246087 0.999692 -0.00305681 -12.1527 0.423977 0.0132058 0.905577 141.134 
0.922905 0.0175762 -0.384625 -133.895 -0.0189394 0.999821 0.000243917 -12.1727 0.384561 0.00705947 0.923073 145.527 
0.936414 0.0168217 -0.350493 -135.024 -0.0197161 0.999795 -0.00469127 -12.2055 0.350342 0.0113033 0.936554 148.362 
0.948799 0.0258569 -0.314819 -135.738 -0.0276714 0.999616 -0.0012948 -12.2411 0.314665 0.00993998 0.949151 150.314 
0.961475 0.0332914 -0.272869 -136.371 -0.0346332 0.9994 -0.000101023 -12.2741 0.272702 0.00954747 0.962051 152.312 
0.977362 0.0367887 -0.208353 -137.112 -0.0363904 0.999321 0.00574585 -12.3092 0.208423 0.00196628 0.978037 155.494 
0.989152 0.0440918 -0.140121 -137.753 -0.0429337 0.999014 0.0112784 -12.3401 0.14048 -0.00514008 0.99007 158.809 
0.994304 0.0472363 -0.0955449 -138.096 -0.0467801 0.998881 0.00701068 -12.3679 0.0957691 -0.00250115 0.9954 161.062 
0.997343 0.0482731 -0.0545589 -138.291 -0.0478115 0.998809 0.00973658 -12.3996 0.0549639 -0.00710217 0.998463 163.433 
0.998556 0.0523371 -0.0120841 -138.452 -0.0522208 0.998588 0.0097472 -12.3898 0.0125771 -0.00910209 0.999879 165.861 
0.996925 0.0598229 0.0506214 -138.441 -0.0602242 0.998164 0.00643881 -12.42 -0.0501432 -0.00946764 0.998697 169.541 
0.992245 0.061805 0.107842 -138.193 -0.0619405 0.998078 -0.00209596 -12.4703 -0.107764 -0.00460008 0.994166 173.347 
0.984506 0.0654238 0.162689 -137.692 -0.0631589 0.997821 -0.0190609 -12.5489 -0.163582 0.00849031 0.986493 177.209 
0.974263 0.0709103 0.213971 -136.904 -0.0653777 0.99732 -0.0328327 -12.6997 -0.215726 0.0179988 0.976288 181.134 
0.961829 0.0684262 0.264958 -135.983 -0.0600265 0.997408 -0.0396801 -12.8971 -0.266987 0.022261 0.963443 185.154 
0.946151 0.0747867 0.314969 -134.753 -0.0633131 0.996909 -0.0465184 -13.1238 -0.317474 0.0240718 0.947961 189.158 
0.927103 0.0798629 0.3662 -133.356 -0.0629678 0.996336 -0.057872 -13.3719 -0.36948 0.0305944 0.928735 193.194 
0.901337 0.0848912 0.424717 -131.927 -0.0586544 0.995495 -0.0744999 -13.6974 -0.429128 0.0422381 0.902256 197.28 
0.862389 0.0946005 0.497329 -130.044 -0.060632 0.994615 -0.0840545 -14.0681 -0.502602 0.0423336 0.863481 201.259 
0.8169 0.101071 0.567854 -127.738 -0.0583326 0.993956 -0.0929965 -14.5324 -0.573822 0.0428444 0.817859 205.097 
0.784311 0.106104 0.611227 -126.002 -0.0533644 0.993152 -0.103928 -14.8741 -0.618068 0.0488939 0.784602 207.544 
0.738381 0.107773 0.665717 -123.095 -0.0432277 0.992681 -0.11276 -15.4377 -0.672997 0.0544823 0.737636 210.975 
0.706467 0.110953 0.698995 -121.014 -0.0394597 0.992274 -0.117624 -15.8326 -0.706646 0.0555156 0.705387 213.193 
0.679478 0.112581 0.725007 -118.781 -0.0311784 0.991695 -0.124773 -16.2742 -0.733034 0.0621758 0.677345 215.232 
0.650921 0.114444 0.750469 -116.49 -0.0265885 0.991402 -0.128124 -16.7163 -0.75868 0.0634448 0.648367 217.233 
0.618654 0.11569 0.777099 -114.107 -0.026859 0.991635 -0.126247 -17.17 -0.785204 0.057231 0.616587 219.126 
0.583598 0.11802 0.803421 -111.714 -0.0297968 0.991828 -0.124052 -17.609 -0.811496 0.0484574 0.582345 220.952 
0.547834 0.124514 0.827269 -109.309 -0.0303883 0.991171 -0.12906 -18.0357 -0.836035 0.0455641 0.546781 222.665 
0.507988 0.123631 0.852446 -106.842 -0.0294078 0.991558 -0.126282 -18.4745 -0.860862 0.0390813 0.507335 224.235 
0.466125 0.12065 0.876454 -104.336 -0.0280221 0.992174 -0.121676 -18.887 -0.884275 0.0321563 0.465858 225.637 
0.425673 0.11864 0.897066 -101.803 -0.0230164 0.992466 -0.120335 -19.2877 -0.904584 0.0305761 0.425197 226.859 
0.384806 0.118363 0.915377 -99.2819 -0.0164657 0.992466 -0.121409 -19.6694 -0.922851 0.0316467 0.383855 227.976 
0.342828 0.116351 0.932165 -96.7665 -0.0106019 0.992716 -0.12001 -20.0564 -0.939338 0.03126 0.341564 228.989 
0.303773 0.12034 0.945114 -94.2601 -0.00725249 0.992254 -0.124011 -20.4415 -0.952717 0.0308168 0.302293 229.85 
0.266131 0.136846 0.954174 -91.7943 -0.00798352 0.990151 -0.139779 -20.8354 -0.963904 0.0295819 0.264602 230.576 
0.226444 0.142113 0.963601 -89.3447 -0.0111381 0.989612 -0.143332 -21.2377 -0.973961 0.0217238 0.225674 231.227 
0.187562 0.14225 0.971898 -86.9181 -0.0137482 0.989741 -0.142208 -21.6438 -0.982156 0.0133111 0.187594 231.768 
0.150534 0.140924 0.978509 -84.5009 -0.0125111 0.98998 -0.140651 -22.0345 -0.988526 0.00893069 0.150789 232.192 
0.112137 0.144953 0.983063 -82.1208 -0.0146572 0.989437 -0.144221 -22.4239 -0.993585 0.0017636 0.113078 232.564 
0.0764046 0.143794 0.986654 -79.7676 -0.0134102 0.989605 -0.143186 -22.8082 -0.996987 -0.00229116 0.0775387 232.803 
0.0465019 0.135404 0.989699 -77.428 -0.0104419 0.990782 -0.135062 -23.1828 -0.998864 -0.00405374 0.0474871 232.958 
0.0235342 0.132208 0.990943 -75.1849 -0.00700475 0.991215 -0.132077 -23.5358 -0.999698 -0.00383296 0.0242535 233.04 
0.00755746 0.136226 0.990649 -72.9705 -0.00876937 0.990648 -0.136159 -23.8777 -0.999933 -0.00765835 0.00868141 233.096 
-0.00869772 0.151077 0.988484 -69.7532 -0.00975453 0.988461 -0.151159 -24.4107 -0.999915 -0.0109569 -0.00712368 233.13 
-0.0141028 0.132512 0.991081 -67.6268 -0.00663235 0.991145 -0.132615 -24.7637 -0.999879 -0.00844345 -0.0130991 233.111 
-0.0153509 0.131021 0.991261 -65.5488 -0.0072503 0.991337 -0.131144 -25.0717 -0.999856 -0.0092001 -0.014268 233.093 
-0.0135684 0.13652 0.990544 -63.5094 -0.00951512 0.990573 -0.136654 -25.3862 -0.999863 -0.0112793 -0.0121415 233.08 
-0.00950108 0.138671 0.990293 -61.4937 -0.0135817 0.990228 -0.138793 -25.7041 -0.999863 -0.0147685 -0.00752485 233.106 
-0.00155482 0.140638 0.99006 -59.5044 -0.018726 0.989883 -0.140643 -26.0179 -0.999823 -0.0187586 0.00109451 233.125 
0.0118265 0.138765 0.990255 -57.5158 -0.0199908 0.990159 -0.138512 -26.3285 -0.99973 -0.0181579 0.0144842 233.146 
0.0265601 0.139266 0.989899 -55.5614 -0.0177295 0.990158 -0.138827 -26.6295 -0.99949 -0.0138632 0.0287678 233.199 
0.0392154 0.137913 0.989668 -53.6051 -0.0207834 0.990328 -0.137181 -26.9373 -0.999015 -0.015189 0.0417024 233.311 
0.0600318 0.134756 0.989059 -50.6963 -0.0224807 0.990777 -0.133626 -27.3831 -0.997943 -0.0142129 0.0625076 233.481 
0.0803772 0.140502 0.986812 -47.821 -0.0239892 0.990002 -0.139002 -27.8169 -0.996476 -0.0125003 0.0829441 233.722 
0.100303 0.138371 0.985288 -44.9724 -0.0282673 0.990279 -0.136195 -28.2581 -0.994555 -0.0141907 0.103239 234.018 
0.121584 0.136944 0.983089 -42.1458 -0.0269855 0.990527 -0.134642 -28.6944 -0.992214 -0.0101587 0.124128 234.371 
0.138778 0.138585 0.980579 -40.2755 -0.0235121 0.990342 -0.136637 -28.985 -0.990044 -0.0040932 0.140696 234.626 
0.157617 0.141365 0.977329 -38.4258 -0.0240622 0.989956 -0.139311 -29.2795 -0.987207 -0.00155893 0.159435 234.937 
0.172182 0.13816 0.975328 -36.5944 -0.025846 0.990408 -0.135734 -29.5696 -0.984726 -0.00183741 0.174101 235.242 
0.177769 0.141011 0.973917 -34.7535 -0.028542 0.990003 -0.13813 -29.8457 -0.983658 -0.00324235 0.180016 235.637 
0.18327 0.142054 0.972745 -32.8889 -0.0280772 0.989857 -0.139263 -30.1323 -0.982662 -0.00178917 0.1854 236.011 
0.189005 0.142811 0.971536 -31.0083 -0.0265011 0.98975 -0.140333 -30.4265 -0.981619 0.000776788 0.190852 236.408 
0.197922 0.140772 0.970057 -29.1088 -0.0244533 0.990035 -0.138682 -30.7243 -0.979913 0.00372699 0.199392 236.775 
0.205717 0.135391 0.969201 -27.1862 -0.021156 0.990767 -0.133913 -31.0185 -0.978383 0.0070439 0.206682 237.182 
0.217357 0.138724 0.966184 -25.2898 -0.0190472 0.990264 -0.137896 -31.3225 -0.975906 0.0115696 0.217883 237.645 
0.230396 0.13696 0.96341 -23.3878 -0.0186402 0.990485 -0.136352 -31.623 -0.972918 0.0134568 0.230757 238.135 
0.248018 0.13627 0.959123 -21.4858 -0.016193 0.990502 -0.136541 -31.9181 -0.96862 0.0183336 0.247869 238.636 
0.280552 0.133032 0.950575 -18.6602 -0.0152335 0.990841 -0.134171 -32.3635 -0.959718 0.0231614 0.280009 239.454 
0.312361 0.136605 0.94009 -15.8706 -0.0204929 0.990345 -0.137098 -32.7985 -0.949742 0.0235591 0.312145 240.354 
0.340901 0.136143 0.930189 -13.111 -0.028713 0.990505 -0.134448 -33.244 -0.939661 0.019125 0.341573 241.363 
0.365268 0.131778 0.921528 -10.3864 -0.0306192 0.991095 -0.129589 -33.6775 -0.930399 0.0191184 0.366051 242.433 
0.387576 0.135546 0.911818 -7.72292 -0.0348881 0.990579 -0.132425 -34.0968 -0.921177 0.0195132 0.388654 243.601 
0.411948 0.131892 0.901612 -5.11413 -0.0377534 0.99109 -0.127731 -34.5091 -0.910425 0.0185798 0.413257 244.803 
0.436791 0.126318 0.89065 -2.55284 -0.0423909 0.991882 -0.119886 -34.9033 -0.898563 0.0146096 0.4386 246.058 
0.453109 0.124959 0.882654 -0.890494 -0.044941 0.99207 -0.117379 -35.1529 -0.890322 0.0135181 0.455131 246.934 
0.479013 0.12444 0.868942 1.5769 -0.0480556 0.992134 -0.115591 -35.5226 -0.876491 0.013612 0.481225 248.257 
0.503015 0.121512 0.855693 3.96397 -0.0496382 0.992495 -0.111758 -35.8979 -0.862851 0.0137411 0.505272 249.681 
0.518389 0.114853 0.847397 6.3576 -0.0518922 0.993338 -0.102888 -36.2447 -0.853569 0.0093629 0.520896 251.153 
0.526118 0.107445 0.843597 8.76033 -0.0521714 0.994196 -0.0940891 -36.5664 -0.84881 0.00549034 0.52867 252.68 
0.528587 0.109942 0.84173 10.3448 -0.0524045 0.993913 -0.0969106 -36.7803 -0.84726 0.00711525 0.53113 253.726 
0.532815 0.109347 0.839137 11.9548 -0.051981 0.993973 -0.0965179 -36.9834 -0.844634 0.00780703 0.535288 254.743 
0.535682 0.103465 0.838057 13.5676 -0.0492778 0.994604 -0.0912941 -37.1954 -0.842981 0.00760695 0.53789 255.776 
0.538959 0.0975395 0.836665 15.1887 -0.0487724 0.99522 -0.084606 -37.3929 -0.840919 0.00479301 0.54114 256.813 
0.539085 0.0984694 0.836475 16.7767 -0.0521688 0.995139 -0.0835259 -37.5758 -0.840634 0.0013896 0.541602 257.891 
0.539475 0.0969822 0.836398 18.392 -0.0535061 0.995285 -0.0808942 -37.7637 -0.8403 -0.00111196 0.542121 258.98 
0.540843 0.0913439 0.836149 20.0275 -0.0521153 0.995815 -0.0750768 -37.952 -0.839508 -0.00297144 0.54334 260.07 
0.542546 0.0881014 0.835393 21.6456 -0.0505405 0.996107 -0.0722269 -38.1273 -0.838504 -0.00303479 0.544886 261.173 
0.544848 0.0837097 0.834346 23.2674 -0.0494694 0.99648 -0.067672 -38.2902 -0.837074 -0.00440367 0.547071 262.277 
0.552327 0.0804432 0.829737 25.7242 -0.0501527 0.996737 -0.0632489 -38.5332 -0.832118 -0.00667955 0.554559 263.886 
0.560037 0.0737024 0.825183 27.3319 -0.0476709 0.997252 -0.0567176 -38.6872 -0.827095 -0.00757319 0.562011 264.995 
0.572123 0.0700537 0.81717 28.9126 -0.0439635 0.997533 -0.0547355 -38.8244 -0.818988 -0.00461018 0.573792 266.13 
0.583964 0.0711199 0.808658 30.4779 -0.046109 0.997453 -0.0544269 -38.9585 -0.810469 -0.00550312 0.585755 267.288 
0.596902 0.0656919 0.79962 32.0072 -0.0462912 0.997802 -0.0474177 -39.0843 -0.800977 -0.00871164 0.598631 268.465 
0.612502 0.0640994 0.787866 33.5378 -0.0443171 0.997924 -0.0467364 -39.2011 -0.789226 -0.00628985 0.614071 269.665 
0.631246 0.0620691 0.773095 35.0634 -0.0417906 0.998067 -0.0460085 -39.319 -0.774456 -0.0032654 0.63262 270.902 
0.649929 0.0580045 0.757778 36.5783 -0.0406237 0.998309 -0.041574 -39.4344 -0.758909 -0.00376363 0.651186 272.175 
0.667442 0.0560586 0.742549 38.0364 -0.0424913 0.998405 -0.0371809 -39.5447 -0.743448 -0.00673572 0.668759 273.528 
0.685216 0.0503483 0.726597 39.5045 -0.0425508 0.998671 -0.0290736 -39.6457 -0.727096 -0.0109956 0.686448 274.913 
0.70159 0.0424699 0.711314 40.9133 -0.0395997 0.999003 -0.0205884 -39.7205 -0.711479 -0.0137232 0.702573 276.374 
0.72053 0.0379686 0.692384 42.3382 -0.0341306 0.999231 -0.0192772 -39.7874 -0.692584 -0.00974168 0.721272 277.854 
0.739489 0.0327312 0.672373 43.7259 -0.0326015 0.999387 -0.0127946 -39.8577 -0.672379 -0.0124589 0.740102 279.395 
0.758305 0.0296193 0.651226 45.0908 -0.0314922 0.999465 -0.00878772 -39.9095 -0.651138 -0.0138448 0.758833 280.977 
0.776019 0.0265018 0.630152 46.422 -0.0304459 0.999526 -0.0045427 -39.9618 -0.629974 -0.0156603 0.776458 282.615 
0.790454 0.0289314 0.611837 47.7089 -0.0346738 0.999396 -0.00246121 -40.0071 -0.611539 -0.0192692 0.79098 284.303 
0.801143 0.0343886 0.597485 48.9503 -0.041588 0.999133 -0.00174211 -40.0474 -0.597027 -0.0234525 0.801878 286.044 
0.812488 0.0370029 0.581803 50.2024 -0.045561 0.998962 9.15135e-05 -40.0781 -0.581195 -0.0265818 0.81333 287.806 
0.821733 0.0403071 0.568445 51.4121 -0.0536884 0.998535 0.00680723 -40.1028 -0.567338 -0.0361127 0.822693 289.624 
0.829354 0.0458914 0.556835 52.6212 -0.0625345 0.997983 0.0108908 -40.1221 -0.555213 -0.0438538 0.830551 291.464 
0.833629 0.0529826 0.549777 53.8198 -0.0686758 0.997607 0.00799284 -40.1427 -0.548038 -0.0444194 0.835273 293.331 
0.835347 0.0631748 0.546081 55.0059 -0.0738242 0.997268 -0.00244196 -40.1599 -0.544744 -0.0382741 0.837729 295.207 
0.836645 0.0617166 0.544258 56.2051 -0.0729604 0.997334 -0.00093731 -40.1971 -0.542865 -0.0389251 0.838917 297.105 
0.837297 0.0611725 0.543316 57.4097 -0.0725921 0.997362 -0.000423341 -40.2429 -0.541908 -0.039086 0.839528 299.013 
0.837183 0.0632125 0.543258 58.5794 -0.0737086 0.997277 -0.00245338 -40.2847 -0.541934 -0.0379889 0.839562 300.949 
0.839426 0.0618114 0.539947 59.7921 -0.0717635 0.997418 -0.00261441 -40.3282 -0.538714 -0.0365539 0.841695 302.875 
0.845987 0.0595508 0.529867 61.0253 -0.0698222 0.997559 -0.000635537 -40.375 -0.528612 -0.0364589 0.84808 304.799 
0.856267 0.0574254 0.513332 62.2046 -0.0673649 0.997728 0.000754786 -40.4122 -0.512122 -0.0352268 0.85819 306.763 
0.868604 0.0589885 0.491984 63.3272 -0.0691093 0.997606 0.00240117 -40.4542 -0.490664 -0.0360863 0.870601 308.752 
0.880767 0.0599027 0.469747 64.3819 -0.0714062 0.997425 0.00669244 -40.4929 -0.468136 -0.0394373 0.882776 310.769 
0.892757 0.0581274 0.446772 65.3905 -0.0701122 0.997486 0.0103228 -40.5246 -0.445049 -0.0405399 0.894588 312.792 
0.904893 0.0579678 0.421673 66.3406 -0.06975 0.997485 0.0125553 -40.536 -0.419885 -0.0407729 0.906661 314.827 
0.915493 0.0645744 0.397118 67.2251 -0.0757569 0.997048 0.012518 -40.5579 -0.395138 -0.0415446 0.917682 316.878 
0.922746 0.0742703 0.378186 68.0321 -0.0857988 0.996218 0.0136997 -40.5675 -0.375738 -0.0450893 0.925628 318.955 
0.927394 0.0763003 0.366221 68.8226 -0.0876265 0.99605 0.0143778 -40.5785 -0.363677 -0.0454245 0.930417 321.028 
0.93097 0.074195 0.357477 69.601 -0.0848294 0.996295 0.0141365 -40.583 -0.355104 -0.0434852 0.933815 323.106 
0.935089 0.0709377 0.347242 70.3626 -0.0803786 0.996682 0.0128407 -40.5894 -0.345179 -0.039918 0.937688 325.181 
0.93876 0.072646 0.336827 71.1015 -0.0806882 0.99669 0.00992003 -40.6046 -0.334991 -0.0364905 0.941514 327.253 
0.942877 0.0746654 0.324667 71.7823 -0.0827884 0.996504 0.0112576 -40.6143 -0.322691 -0.0374932 0.945762 329.34 
0.946634 0.0767584 0.313037 72.4354 -0.0866269 0.996083 0.0177175 -40.6214 -0.31045 -0.0438894 0.949576 331.442 
0.949655 0.0766009 0.303789 73.0528 -0.0846204 0.996324 0.0133014 -40.6269 -0.301654 -0.0383385 0.952646 333.524 
0.952029 0.0720547 0.297405 73.708 -0.0794087 0.996761 0.0127033 -40.6437 -0.295526 -0.0357105 0.954667 335.586 
0.949426 0.07869 0.30397 74.3183 -0.0874341 0.996054 0.0152408 -40.6662 -0.301571 -0.0410473 0.95256 337.63 
0.941799 0.0855727 0.325104 74.9653 -0.0955573 0.995313 0.0148388 -40.6836 -0.32231 -0.0450412 0.945562 339.604 
0.934607 0.0837406 0.345685 75.6238 -0.0948146 0.995379 0.0152181 -40.7137 -0.342813 -0.0469989 0.938227 341.509 
0.93024 0.0802614 0.358066 76.3102 -0.0912279 0.995734 0.0138098 -40.7333 -0.35543 -0.0455121 0.933594 343.334 
0.929308 0.0785697 0.36085 76.9805 -0.0879747 0.996076 0.00968336 -40.7576 -0.358673 -0.0407445 0.932573 345.117 
0.931324 0.0742563 0.356542 77.3376 -0.0828498 0.996523 0.00886833 -40.7643 -0.354644 -0.0377988 0.934237 345.992 
0.937558 0.0681986 0.341077 77.9761 -0.0758784 0.997075 0.00920999 -40.7976 -0.339451 -0.0345153 0.93999 347.768 
0.946427 0.0646737 0.316376 78.564 -0.0715286 0.997388 0.0100889 -40.812 -0.314897 -0.0321783 0.94858 349.553 
0.958095 0.0577016 0.28058 79.0987 -0.0637065 0.997893 0.0123204 -40.8263 -0.279278 -0.0296789 0.959752 351.332 
0.969938 0.0546811 0.237128 79.5404 -0.0592676 0.998167 0.012251 -40.835 -0.236023 -0.0259367 0.971401 353.118 
0.980468 0.0584132 0.187805 79.8567 -0.0617973 0.998014 0.0122098 -40.8478 -0.186719 -0.0235772 0.98213 354.945 
0.989462 0.0615519 0.131058 80.1064 -0.0635295 0.99792 0.0109584 -40.8497 -0.130111 -0.019169 0.991314 356.764 
0.995661 0.0607095 0.0705262 80.2312 -0.0619148 0.997968 0.0150288 -40.8599 -0.0694705 -0.0193302 0.997397 358.596 
0.997981 0.0629549 0.00840305 80.2636 -0.0630764 0.997895 0.015079 -40.8518 -0.00743606 -0.0155786 0.999851 360.42 
0.996662 0.0671608 -0.0464176 80.1803 -0.0665888 0.997686 0.0137641 -40.8463 0.0472346 -0.0106273 0.998827 362.266 
0.993646 0.0747871 -0.0841134 79.9878 -0.073451 0.99712 0.0188728 -40.8258 0.0852826 -0.0125747 0.996277 364.132 
0.991386 0.0851897 -0.0994862 79.7506 -0.0830894 0.996227 0.0250741 -40.8067 0.101247 -0.0165918 0.994723 366.01 
0.990732 0.0904361 -0.101353 79.3964 -0.0896901 0.995899 0.0119026 -40.778 0.102013 -0.00270195 0.994779 368.853 
0.991453 0.0890942 -0.0953029 79.1922 -0.0883154 0.996016 0.0123668 -40.7816 0.0960251 -0.00384442 0.995371 370.818 
0.992307 0.0840955 -0.0908537 79.0014 -0.0839818 0.996454 0.00508065 -40.7846 0.0909589 0.0025885 0.995851 372.815 
0.993052 0.0792148 -0.0870233 78.7325 -0.0796068 0.996826 -0.00103821 -40.8177 0.0866649 0.00795865 0.996206 375.905 
0.992844 0.0823925 -0.0864425 78.5403 -0.082491 0.996589 0.00243807 -40.8423 0.0863486 0.00471011 0.996254 378.028 
0.992413 0.0871653 -0.0867118 78.3276 -0.0873008 0.996179 0.00223591 -40.8602 0.0865754 0.00535106 0.996231 380.19 
0.992187 0.0882523 -0.0881846 78.1021 -0.0886322 0.996064 -0.000394268 -40.8715 0.0878028 0.00820718 0.996104 382.377 
0.991953 0.0849824 -0.0938488 77.9049 -0.0858403 0.996296 -0.00513529 -40.9139 0.0930647 0.01315 0.995573 384.599 
0.991564 0.0732933 -0.106908 77.6961 -0.0739773 0.997257 -0.00244084 -40.9607 0.106436 0.010329 0.994266 386.832 
0.989888 0.0637595 -0.126714 77.4335 -0.0646115 0.997907 -0.00262031 -41.0022 0.126281 0.010781 0.991936 389.057 
0.987328 0.0597004 -0.147036 77.1479 -0.0609955 0.998129 -0.00431119 -41.0449 0.146503 0.0132251 0.989122 391.284 
0.984309 0.0570015 -0.166994 76.8103 -0.0582106 0.998302 -0.00235079 -41.0914 0.166576 0.0120347 0.985955 393.504 
0.981151 0.0557294 -0.185033 76.3936 -0.0572797 0.998354 -0.00303945 -41.1326 0.184559 0.0135808 0.982728 395.7 
0.977915 0.05533 -0.201545 75.9233 -0.0575907 0.998326 -0.00536593 -41.1789 0.200911 0.0168546 0.979464 397.866 
0.974798 0.0560604 -0.215929 75.4467 -0.0586749 0.998261 -0.00571162 -41.2204 0.215233 0.0182373 0.976392 400.023 
0.972481 0.050545 -0.227435 74.9417 -0.0537978 0.998519 -0.00812183 -41.2654 0.226688 0.0201338 0.973759 402.157 
0.970238 0.0404732 -0.238746 74.4246 -0.0459757 0.998789 -0.0175214 -41.3237 0.237748 0.0279765 0.970924 404.282 
0.967726 0.035798 -0.249447 73.8735 -0.0407116 0.999065 -0.014565 -41.3866 0.248693 0.0242504 0.968279 406.405 
0.965615 0.0348604 -0.257629 73.3141 -0.0398307 0.999107 -0.0140971 -41.4528 0.256908 0.0238739 0.966141 408.539 
0.964119 0.0347533 -0.263185 72.713 -0.0390814 0.999173 -0.011226 -41.511 0.262577 0.0211089 0.96468 410.662 
0.963448 0.0310577 -0.266088 72.1254 -0.0336802 0.999419 -0.00529701 -41.5672 0.265768 0.0140653 0.963934 412.803 
0.963216 0.0215716 -0.267861 71.5225 -0.0235033 0.999716 -0.00400703 -41.6081 0.267698 0.0101553 0.963449 414.938 
0.96288 0.0155838 -0.269481 70.9124 -0.0175135 0.999835 -0.00475792 -41.649 0.269363 0.00930085 0.962994 417.079 
0.96219 0.0127782 -0.272079 70.3059 -0.0143357 0.99989 -0.00373753 -41.6956 0.272001 0.00749667 0.962268 419.238 
0.961551 0.0169378 -0.274105 69.6663 -0.0174079 0.999848 0.000717471 -41.7435 0.274076 0.00408171 0.961699 421.392 
0.961083 0.0220847 -0.275377 69.0533 -0.0213652 0.999756 0.00561258 -41.773 0.275434 0.000489328 0.96132 423.546 
0.961735 0.0241247 -0.272918 68.404 -0.0227831 0.999708 0.00808455 -41.788 0.273034 -0.00155727 0.962003 425.675 
0.962758 0.0252317 -0.269183 67.7717 -0.0227693 0.999665 0.0122666 -41.798 0.269403 -0.00568065 0.963011 427.815 
0.963465 0.0287756 -0.266284 67.1664 -0.025219 0.999541 0.016767 -41.8004 0.266644 -0.00943896 0.963749 429.937 
0.964689 0.0308513 -0.261579 66.2602 -0.0271369 0.999473 0.0178009 -41.8055 0.261991 -0.0100739 0.965018 433.108 
0.965782 0.0271321 -0.257933 65.3743 -0.0212401 0.999447 0.0256026 -41.8002 0.258485 -0.019248 0.965824 436.254 
0.966654 0.0216189 -0.255173 64.566 -0.0153477 0.99953 0.026542 -41.7572 0.255627 -0.0217406 0.966531 439.37 
0.966978 0.0148936 -0.254424 64.0113 -0.00823876 0.999596 0.0272023 -41.7359 0.254726 -0.0242079 0.96671 441.418 
0.966933 0.0128608 -0.254706 63.4923 -0.00625176 0.999623 0.0267403 -41.726 0.254954 -0.0242637 0.966649 443.447 
0.966477 0.013197 -0.256415 62.7234 -0.0052088 0.99948 0.0318078 -41.7046 0.256701 -0.0294059 0.966043 446.463 
0.966399 0.0124554 -0.256746 62.182 -0.00473357 0.999518 0.0306718 -41.6735 0.257005 -0.0284258 0.965992 448.421 
0.965928 0.0117547 -0.258544 61.4032 -0.00293561 0.999401 0.0344704 -41.6298 0.258794 -0.032537 0.965384 451.339 
0.965561 0.0144906 -0.259771 60.6382 -0.00552811 0.999365 0.035199 -41.5801 0.260116 -0.0325507 0.965028 454.193 
0.965634 0.0189821 -0.259212 59.8661 -0.00875798 0.999139 0.0405411 -41.5187 0.259758 -0.0368777 0.964969 457.022 
0.965432 0.020434 -0.259852 59.3592 -0.00854493 0.998868 0.0468009 -41.4712 0.260514 -0.0429627 0.964514 458.88 
0.964447 0.0203906 -0.263488 58.8575 -0.00621973 0.998494 0.0545046 -41.4268 0.264203 -0.050928 0.963122 460.732 
0.963421 0.0177997 -0.267402 58.3597 -0.00229961 0.998304 0.0581672 -41.3521 0.267984 -0.0554246 0.961828 462.566 
0.962677 0.0167399 -0.270136 57.8215 -0.000502778 0.998194 0.0600647 -41.2795 0.270654 -0.057687 0.960947 464.369 
0.961957 0.0143859 -0.272822 57.3552 0.00250937 0.998105 0.0614781 -41.2194 0.27319 -0.0598239 0.960098 466.156 
0.962364 0.014058 -0.271402 56.8552 0.00288237 0.998077 0.0619187 -41.1507 0.27175 -0.0603706 0.960472 467.906 
0.962486 0.00700928 -0.271239 56.1851 0.0105312 0.997948 0.0631583 -41.0252 0.271125 -0.0636454 0.960438 470.485 
0.964342 0.00580338 -0.264596 55.3795 0.00994641 0.998259 0.0581452 -40.9316 0.264473 -0.0587037 0.962605 472.887 
0.965863 0.00643036 -0.258972 54.6494 0.00857202 0.998351 0.0567596 -40.871 0.25891 -0.0570419 0.964216 475.208 
0.968111 0.00500605 -0.250473 53.9974 0.00892167 0.998477 0.0544394 -40.7895 0.250364 -0.054938 0.966592 477.509 
0.973714 0.00661784 -0.227677 53.4136 0.00576111 0.998542 0.0536632 -40.7197 0.2277 -0.0535643 0.972257 479.821 
0.982881 0.0130516 -0.183777 52.9063 -0.000626929 0.997719 0.0675035 -40.6229 0.184239 -0.0662327 0.980647 482.149 
0.992461 0.0172813 -0.121339 52.5772 -0.00862957 0.997406 0.0714689 -40.5057 0.12226 -0.0698829 0.990035 484.499 
0.997429 0.0158474 -0.0698896 52.4595 -0.0107033 0.997247 0.0733729 -40.4204 0.07086 -0.0724362 0.994853 486.07 
0.999798 0.0136963 -0.0146774 52.4035 -0.0126733 0.997628 0.0676611 -40.3338 0.0155693 -0.0674614 0.9976 487.654 
0.999238 0.0100393 0.0377131 52.466 -0.0125266 0.997721 0.0663068 -40.2601 -0.0369615 -0.0667287 0.997086 489.213 
0.995895 0.00494942 0.0903774 52.5971 -0.0111109 0.997637 0.0677997 -40.192 -0.0898283 -0.0685256 0.993597 490.796 
0.990211 -0.00117903 0.139576 52.827 -0.00839805 0.99765 0.0680065 -40.1154 -0.139328 -0.068513 0.987873 492.38 
0.98218 -0.00720677 0.187802 53.1482 -0.00553725 0.997721 0.067246 -40.0481 -0.187859 -0.0670876 0.979902 493.967 
0.972115 -0.0103612 0.234277 53.5396 -0.00482148 0.997929 0.064141 -39.9843 -0.234456 -0.063482 0.970052 495.538 
0.960968 -0.012265 0.276387 53.9491 -0.00474943 0.998138 0.0608069 -39.9071 -0.276619 -0.0597462 0.959121 497.117 
0.949613 -0.0122263 0.313186 54.4613 -0.00640685 0.998273 0.0583974 -39.8263 -0.313359 -0.0574615 0.947895 498.707 
0.937562 -0.0134554 0.347557 55.0375 -0.00683838 0.998345 0.0570973 -39.7632 -0.34775 -0.055909 0.935919 500.291 
0.924439 -0.0161945 0.380985 55.705 -0.00571443 0.998397 0.0563046 -39.6964 -0.381287 -0.0542273 0.922865 501.845 
0.910008 -0.0221194 0.414001 56.4175 -0.00256108 0.998257 0.0589647 -39.6287 -0.414583 -0.0547186 0.908365 503.402 
0.894298 -0.0221757 0.446923 57.1698 -0.00301142 0.99845 0.0555676 -39.5559 -0.447463 -0.0510398 0.892845 504.955 
0.877363 -0.0193706 0.479435 57.9752 -0.00490512 0.998771 0.0493297 -39.4915 -0.479802 -0.0456317 0.87619 506.492 
0.846036 -0.0168116 0.53286 59.3297 -0.0110486 0.998735 0.049052 -39.4137 -0.533011 -0.0473871 0.84478 508.738 
0.804133 -0.0194525 0.594132 60.8819 -0.0148364 0.998496 0.0527722 -39.3466 -0.594265 -0.0512506 0.802635 510.933 
0.753029 -0.0245003 0.657531 62.599 -0.0119996 0.998629 0.0509524 -39.2598 -0.657878 -0.0462587 0.751702 512.937 
0.700462 -0.0337383 0.712892 64.4274 -0.00502189 0.998624 0.0521953 -39.1735 -0.713672 -0.0401409 0.699329 514.779 
0.669163 -0.03516 0.742284 65.7197 -0.00274721 0.998756 0.049785 -39.1196 -0.743111 -0.0353534 0.668234 515.931 
0.640876 -0.0410266 0.766547 67.0802 -0.00114694 0.998519 0.0544009 -39.0625 -0.767644 -0.0357434 0.639879 517.028 
0.610593 -0.0387043 0.790998 68.4433 -0.0038404 0.998649 0.0518293 -39.0098 -0.791935 -0.0346844 0.609619 518.113 
0.578986 -0.0430757 0.814199 69.8786 -0.00183874 0.998532 0.0541354 -38.9308 -0.815336 -0.0328408 0.578057 519.143 
0.544083 -0.0491782 0.837589 71.3631 -0.00568931 0.998042 0.0622948 -38.8632 -0.839012 -0.0386588 0.542738 520.134 
0.483864 -0.0512488 0.873641 73.7048 -0.00336217 0.998168 0.0604158 -38.7601 -0.875137 -0.0321703 0.482805 521.481 
0.417426 -0.0576223 0.906882 76.1619 0.00537126 0.998127 0.0609475 -38.6419 -0.908695 -0.02057 0.416954 522.649 
0.346581 -0.0590524 0.936159 78.7564 0.00524274 0.998123 0.0610201 -38.526 -0.938005 -0.0162404 0.34624 523.665 
0.271197 -0.0551823 0.960941 81.4577 -0.00177367 0.998325 0.0578297 -38.4181 -0.962522 -0.0173877 0.270645 524.52 
0.191645 -0.0573688 0.979786 84.2627 -0.00298049 0.998252 0.0590329 -38.3067 -0.98146 -0.0142336 0.191139 525.181 
0.139922 -0.0589687 0.988405 86.1954 0.000508326 0.998229 0.0594829 -38.2308 -0.990162 -0.00782053 0.139704 525.453 
0.0852887 -0.058453 0.99464 88.1479 -0.000433546 0.998275 0.0587038 -38.1578 -0.996356 -0.00543799 0.0851162 525.731 
0.0326951 -0.057376 0.997817 90.1446 -0.00202849 0.998345 0.0574728 -38.0749 -0.999463 -0.00390314 0.0325246 525.853 
-0.0200998 -0.0618901 0.997881 92.1678 -0.00629039 0.99807 0.0617751 -37.9899 -0.999778 -0.00503539 -0.0204503 525.901 
-0.0691108 -0.0627263 0.995635 94.2153 -0.0102302 0.998013 0.0621661 -37.903 -0.997557 -0.00588924 -0.0696152 525.803 
-0.119114 -0.0599445 0.991069 96.2784 -0.0116704 0.998191 0.0589726 -37.8198 -0.992812 -0.00454174 -0.119598 525.589 
-0.16705 -0.0593694 0.984159 98.3528 -0.0101024 0.998236 0.0585038 -37.738 -0.985897 -0.000169336 -0.167355 525.246 
-0.212934 -0.0594097 0.975259 100.44 -0.00573677 0.998209 0.0595552 -37.661 -0.97705 0.00708649 -0.212893 524.838 
-0.254622 -0.0553921 0.965453 102.5 -0.00717103 0.998439 0.0553934 -37.5859 -0.967014 0.00718109 -0.254622 524.346 
-0.295053 -0.0538049 0.953965 104.58 -0.00922146 0.998527 0.0534661 -37.5062 -0.955436 0.0069784 -0.295115 523.739 
-0.356965 -0.0493171 0.932815 107.69 -0.0151371 0.99878 0.047012 -37.4075 -0.933995 0.00266157 -0.357276 522.708 
-0.395387 -0.0513966 0.917075 109.745 -0.0177347 0.998674 0.0483236 -37.3428 -0.918343 0.00284245 -0.395775 521.882 
-0.425997 -0.0534269 0.903146 111.786 -0.017187 0.998553 0.0509641 -37.2766 -0.904561 0.0061882 -0.426299 520.968 
-0.44536 -0.0474504 0.894093 113.807 -0.0101669 0.998798 0.0479429 -37.2052 -0.895294 0.0122617 -0.445307 519.979 
-0.459142 -0.0434198 0.887301 116.833 0.00416092 0.998689 0.0510236 -37.099 -0.888353 0.0271191 -0.458359 518.421 
-0.463521 -0.0477702 0.884797 119.936 0.00543405 0.998374 0.0567489 -36.9959 -0.886069 0.0311123 -0.462507 516.818 
-0.465469 -0.0550624 0.88335 122.019 0.00220757 0.997988 0.0633715 -36.8965 -0.885061 0.0314476 -0.464411 515.728 
-0.467953 -0.0493998 0.882371 125.191 0.00659586 0.998213 0.0593833 -36.7443 -0.883729 0.0336086 -0.466791 514.069 
-0.470355 -0.0478859 0.881177 127.23 0.0076554 0.998268 0.0583353 -36.6499 -0.882444 0.034184 -0.469173 512.989 
-0.472703 -0.0521097 0.87968 129.397 0.00622621 0.998028 0.0624659 -36.5418 -0.8812 0.0350049 -0.471446 511.878 
-0.475085 -0.0553488 0.878198 131.577 0.00539263 0.997818 0.0658052 -36.4347 -0.879924 0.0359988 -0.47375 510.731 
-0.476449 -0.0557126 0.877435 133.765 0.00468466 0.997815 0.0658999 -36.3122 -0.87919 0.0355084 -0.475147 509.563 
-0.477649 -0.0500529 0.877124 135.966 0.00960565 0.998019 0.0621826 -36.204 -0.878498 0.0381268 -0.476222 508.373 
-0.476812 -0.0527716 0.87742 138.199 0.00938256 0.997834 0.0651125 -36.0924 -0.878955 0.0392789 -0.475284 507.16 
-0.476535 -0.050394 0.87771 140.444 0.00668304 0.998119 0.0609358 -35.9769 -0.87913 0.0349038 -0.475302 505.949 
-0.475914 -0.0443677 0.878372 142.726 0.00655102 0.99852 0.053986 -35.8672 -0.879467 0.0314469 -0.474919 504.737 
-0.476664 -0.0487248 0.877734 145.051 0.00798916 0.998181 0.0597496 -35.7492 -0.879049 0.0354929 -0.475408 503.509 
-0.477 -0.0489987 0.877536 147.394 0.00545374 0.998261 0.058704 -35.6372 -0.878886 0.0327877 -0.475903 502.258 
-0.477454 -0.0513366 0.877156 149.752 0.00288762 0.998195 0.0599924 -35.5259 -0.878652 0.0311765 -0.476443 500.995 
-0.477905 -0.0493358 0.877025 152.142 0.0041669 0.998283 0.0584276 -35.4081 -0.878402 0.0315773 -0.476879 499.71 
-0.478593 -0.0485161 0.876695 154.554 0.00500232 0.998305 0.0579767 -35.3024 -0.878022 0.0321328 -0.47754 498.409 
-0.479236 -0.0510396 0.876201 156.994 0.00525755 0.998123 0.0610173 -35.2009 -0.87767 0.0338483 -0.478068 497.102 
-0.479913 -0.0518113 0.875785 159.465 -0.00215896 0.998321 0.0578775 -35.0901 -0.877313 0.0258854 -0.479219 495.798 
-0.480508 -0.0568248 0.875147 161.94 -0.0106339 0.998203 0.0589763 -34.98 -0.876926 0.0190323 -0.480249 494.475 
-0.479922 -0.0505243 0.875855 165.656 -0.000515031 0.998356 0.0573087 -34.8263 -0.877311 0.0270526 -0.47916 492.445 
-0.479379 -0.051998 0.876066 169.362 0.00361054 0.998118 0.0612179 -34.6689 -0.877601 0.0325096 -0.478289 490.428 
-0.479163 -0.0534636 0.876096 171.846 0.000807708 0.998116 0.0613516 -34.5535 -0.877726 0.030105 -0.478217 489.095 
-0.479026 -0.0484345 0.876463 174.317 0.00653764 0.998252 0.0587378 -34.4478 -0.877776 0.033867 -0.477872 487.74 
-0.477208 -0.0435617 0.87771 176.8 0.0108425 0.998403 0.0554469 -34.3485 -0.878724 0.0359762 -0.475973 486.406 
-0.47495 -0.0557423 0.878246 179.29 0.00435697 0.997831 0.0656886 -34.2391 -0.880002 0.0350253 -0.473677 485.078 
-0.471089 -0.0533116 0.880473 181.785 0.00223892 0.998096 0.0616315 -34.1092 -0.882083 0.0310052 -0.470073 483.78 
-0.466457 -0.0501013 0.883124 184.222 0.00102037 0.998363 0.057178 -34.003 -0.884543 0.0275722 -0.465643 482.469 
-0.464314 -0.0506822 0.884219 186.679 0.000566176 0.998344 0.057521 -33.9027 -0.88567 0.0272084 -0.463517 481.174 
-0.462975 -0.0517917 0.884857 189.144 0.00221992 0.998221 0.0595885 -33.8141 -0.886369 0.0295523 -0.462036 479.885 
-0.465435 -0.0497146 0.883685 191.611 0.00041215 0.998409 0.0563858 -33.7126 -0.885082 0.0266081 -0.464674 478.636 
-0.468199 -0.0447747 0.882488 194.047 0.00528256 0.998556 0.0534663 -33.622 -0.883607 0.0296947 -0.467286 477.341 
-0.472887 -0.045772 0.879933 196.47 0.00850416 0.998366 0.0565028 -33.5454 -0.881082 0.0342026 -0.471726 476.048 
-0.477468 -0.0474017 0.877369 198.845 0.00978752 0.998195 0.0592559 -33.4372 -0.878594 0.0368801 -0.476143 474.719 
-0.48192 -0.0417216 0.875221 201.214 0.0138753 0.998377 0.0552325 -33.3292 -0.876105 0.0387616 -0.480559 473.414 
-0.488741 -0.0419131 0.871421 204.72 0.013274 0.998372 0.055464 -33.2189 -0.872328 0.0386748 -0.487389 471.437 
-0.493825 -0.0462455 0.868331 207.046 0.0085381 0.998279 0.0580219 -33.1237 -0.869519 0.0360666 -0.49258 470.157 
-0.49706 -0.0478983 0.866393 209.319 0.00708471 0.998218 0.0592508 -33.0126 -0.867687 0.0355893 -0.495835 468.867 
-0.500807 -0.0502476 0.864099 211.512 0.00471636 0.99814 0.0607756 -32.9223 -0.865546 0.0345122 -0.499639 467.634 
-0.504043 -0.0519727 0.862114 214.663 -0.00335839 0.998298 0.0582191 -32.7786 -0.863672 0.0264496 -0.50336 465.85 
-0.501404 -0.0535688 0.863553 216.66 -0.00624576 0.99828 0.0582998 -32.6961 -0.865191 0.0238382 -0.500876 464.688 
-0.493105 -0.0537753 0.868306 218.583 -0.0100929 0.998374 0.0560989 -32.6014 -0.869911 0.018899 -0.492846 463.575 
-0.477944 -0.0549635 0.876669 220.482 -0.0138686 0.998388 0.0550339 -32.5062 -0.878281 0.014145 -0.477936 462.554 
-0.451331 -0.0543073 0.890703 222.352 -0.0133799 0.998446 0.0540967 -32.4529 -0.892257 0.012498 -0.451356 461.586 
-0.419509 -0.05407 0.906139 224.225 -0.0192466 0.99853 0.0506726 -32.3873 -0.907547 0.00381753 -0.419933 460.713 
-0.385731 -0.0502675 0.921241 226.091 -0.0215319 0.998733 0.0454802 -32.3507 -0.92236 -0.00229297 -0.386325 459.928 
-0.34831 -0.0496773 0.936062 227.981 -0.0241129 0.998739 0.0440311 -32.3021 -0.937069 -0.00723472 -0.349069 459.228 
-0.31091 -0.0524925 0.948989 229.929 -0.0255611 0.998574 0.0468609 -32.2513 -0.950096 -0.00968772 -0.311808 458.63 
-0.269412 -0.0596163 0.961178 231.859 -0.0303515 0.998112 0.0533998 -32.182 -0.962547 -0.0147867 -0.270712 458.056 
-0.22864 -0.0623065 0.971515 233.823 -0.0367275 0.997791 0.0553481 -32.1061 -0.972818 -0.0230266 -0.230423 457.575 
-0.188283 -0.0626692 0.980113 235.793 -0.0431778 0.997525 0.055488 -32.0339 -0.981165 -0.0318717 -0.190523 457.216 
-0.143432 -0.0606731 0.987799 237.786 -0.0416938 0.997603 0.0552212 -31.9768 -0.988781 -0.0332645 -0.145618 456.946 
-0.0913234 -0.0506146 0.994534 239.781 -0.0322728 0.998333 0.0478445 -31.9161 -0.995298 -0.0277271 -0.0928047 456.737 
-0.0357458 -0.0473511 0.998239 241.821 -0.0268242 0.998562 0.0464059 -31.8588 -0.999001 -0.0251182 -0.0369645 456.629 
0.0224554 -0.0474489 0.998621 243.893 -0.0261929 0.998502 0.0480322 -31.816 -0.999405 -0.0272353 0.021179 456.634 
0.0851677 -0.0489443 0.995164 245.968 -0.0304533 0.998198 0.0516998 -31.7511 -0.995901 -0.0347092 0.0835237 456.752 
0.146378 -0.0461516 0.988152 248.059 -0.0385981 0.997884 0.0523239 -31.6944 -0.988475 -0.0457998 0.144287 457.011 
0.230574 -0.0358252 0.972395 251.178 -0.0485072 0.997656 0.0482579 -31.5809 -0.971845 -0.0582952 0.228296 457.707 
0.286821 -0.0334322 0.957401 253.261 -0.0510072 0.99744 0.0501113 -31.5139 -0.956625 -0.0632073 0.284381 458.299 
0.341205 -0.0353814 0.939323 255.335 -0.0509117 0.997129 0.0560523 -31.4361 -0.938609 -0.0669478 0.338424 459.04 
0.395352 -0.0282677 0.918094 257.359 -0.0484458 0.997493 0.0515742 -31.3561 -0.917251 -0.0648678 0.392992 459.878 
0.467259 -0.029326 0.883634 260.337 -0.0526485 0.996753 0.0609203 -31.2366 -0.882552 -0.0749876 0.464198 461.399 
0.531343 -0.0319098 0.846556 263.249 -0.0512987 0.996245 0.0697499 -31.0895 -0.845602 -0.0804883 0.527711 463.141 
0.566605 -0.0306601 0.823419 265.112 -0.0503523 0.996152 0.07174 -30.9691 -0.822449 -0.0821093 0.562881 464.441 
0.607385 -0.0212947 0.794122 267.871 -0.0607579 0.995467 0.0731646 -30.7847 -0.792081 -0.0926883 0.603338 466.506 
0.63709 -0.0167493 0.770608 270.559 -0.0631401 0.99527 0.0738326 -30.6004 -0.768199 -0.0956943 0.633019 468.705 
0.658961 -0.0104388 0.752105 273.183 -0.0619255 0.995756 0.0680768 -30.4064 -0.749624 -0.0914344 0.655518 471.047 
0.669453 -0.014001 0.742723 275.796 -0.060725 0.995445 0.0734995 -30.2413 -0.740368 -0.0943063 0.665553 473.424 
0.672827 -0.012454 0.739695 277.507 -0.0629612 0.995267 0.0740264 -30.1004 -0.737116 -0.0963791 0.668858 475.016 
0.675744 -0.00816625 0.737091 279.203 -0.0656931 0.995293 0.0712525 -29.9665 -0.734203 -0.0965703 0.672027 476.611 
0.6785 -0.0083439 0.734553 280.91 -0.0600679 0.995957 0.0667974 -29.849 -0.73214 -0.0894451 0.675256 478.172 
0.6777 -0.0103019 0.735266 282.564 -0.0584035 0.995989 0.0677858 -29.7464 -0.733015 -0.0888806 0.67438 479.75 
0.672538 -0.011239 0.739977 284.212 -0.0616012 0.995565 0.0711081 -29.6476 -0.737494 -0.0934064 0.668863 481.259 
0.661348 -0.00943912 0.75002 285.813 -0.0671769 0.995157 0.0717591 -29.5243 -0.747065 -0.0978417 0.657511 482.747 
0.647617 -0.00429962 0.761954 287.392 -0.0709682 0.995297 0.0659353 -29.4235 -0.758654 -0.0967753 0.644266 484.131 
0.628055 -0.00292093 0.778163 288.942 -0.0709829 0.995609 0.0610273 -29.3512 -0.774925 -0.0935648 0.62509 485.443 
0.607577 -0.00441492 0.794249 290.511 -0.0650917 0.996344 0.0553315 -29.2932 -0.791589 -0.0853171 0.605068 486.627 
0.584655 -0.00799734 0.811243 292.046 -0.0579393 0.996986 0.0515848 -29.2456 -0.809211 -0.0771622 0.58243 487.736 
0.560769 -0.00538104 0.827955 293.543 -0.0453639 0.998277 0.0372127 -29.2181 -0.826728 -0.058427 0.559559 488.72 
0.529962 0.0176812 0.847837 294.935 -0.0501637 0.998686 0.010529 -29.215 -0.846536 -0.0481106 0.530153 489.675 
0.495272 0.0267653 0.868326 296.346 -0.0488948 0.9988 -0.00289862 -29.2291 -0.867361 -0.041021 0.495986 490.482 
0.422776 0.0199631 0.906015 298.464 -0.0508892 0.998703 0.00174121 -29.2928 -0.904804 -0.0468425 0.423243 491.538 
0.319989 0.0185136 0.94724 300.57 -0.0349153 0.99936 -0.00773753 -29.3574 -0.946778 -0.0305973 0.320431 492.312 
0.199422 0.0384283 0.97916 302.7 -0.0255632 0.999095 -0.0340043 -29.4374 -0.97958 -0.0182492 0.200224 492.815 
0.0806612 0.0257809 0.996408 305.03 -0.0165936 0.999562 -0.0245192 -29.5769 -0.996603 -0.0145563 0.0810536 492.964 
-0.049711 0.0204823 0.998554 307.219 -0.00338578 0.99978 -0.0206761 -29.6721 -0.998758 -0.00440871 -0.0496307 492.889 
-0.201363 0.0323451 0.978983 310.075 0.0162014 0.999428 -0.0296882 -29.8127 -0.979383 0.00988274 -0.201772 492.414 
-0.294833 0.0290623 0.955107 312.893 0.0242891 0.999442 -0.0229135 -29.9403 -0.95524 0.016443 -0.295375 491.626 
-0.353986 0.0287506 0.934809 314.995 0.0278788 0.999408 -0.0201805 -30.0134 -0.934835 0.0189178 -0.354577 491.022 
-0.409495 0.0271323 0.911909 317.051 0.0312945 0.999387 -0.0156822 -30.1332 -0.911776 0.022116 -0.410093 490.128 
-0.480716 0.0306971 0.876339 319.048 0.0341051 0.999285 -0.0162954 -30.2555 -0.876213 0.0220541 -0.481419 489.04 
-0.578441 0.0292988 0.815198 320.866 0.0357627 0.999305 -0.0105395 -30.2835 -0.81494 0.0230572 -0.579087 487.962 
-0.675356 0.0327755 0.736763 322.576 0.0447201 0.998994 -0.0034482 -30.3953 -0.736135 0.0306194 -0.676142 486.46 
-0.789516 0.040622 0.612384 324.478 0.0567912 0.998362 0.00699248 -30.4271 -0.611097 0.0402987 -0.790529 484.22 
-0.910948 0.0613604 0.407931 326.879 0.0729028 0.997257 0.0127928 -30.4872 -0.406027 0.0413929 -0.912923 479.998 
-0.961206 0.0695336 0.266922 328.004 0.0801191 0.996364 0.0289605 -30.4947 -0.263938 0.0492226 -0.963283 476.696 
-0.987536 0.0810489 0.13492 328.54 0.0862656 0.995717 0.0332695 -30.4307 -0.131646 0.0444938 -0.990298 473.939 
-0.996034 0.0828581 -0.0324271 328.586 0.0813111 0.995607 0.0464253 -30.333 0.0361314 0.0436045 -0.998395 470.36 
-0.984773 0.0917033 -0.147692 328.196 0.0850599 0.995085 0.0506993 -30.2313 0.151616 0.0373646 -0.987733 467.369 
-0.969767 0.0910507 -0.226412 327.565 0.0822373 0.995452 0.048079 -30.117 0.22976 0.0280059 -0.972844 464.316 
-0.956693 0.0868135 -0.277851 326.711 0.074709 0.995749 0.0538804 -29.9958 0.281348 0.030789 -0.959112 461.144 
-0.951592 0.0922346 -0.2932 325.972 0.0799106 0.995351 0.0537641 -29.891 0.296796 0.0277317 -0.954538 458.687 
-0.949515 0.0943963 -0.299182 325.184 0.0831201 0.995273 0.0502244 -29.7939 0.302509 0.0228208 -0.952873 456.15 
-0.947332 0.0999078 -0.30427 324.093 0.087152 0.994661 0.0552556 -29.6485 0.308166 0.0258277 -0.950982 452.695 
-0.945363 0.0972911 -0.311163 322.932 0.0848122 0.994964 0.0534214 -29.4839 0.314793 0.0241123 -0.948854 449.051 
-0.94277 0.0994014 -0.318284 322.109 0.0865705 0.994768 0.0542448 -29.3808 0.322011 0.0235863 -0.946442 446.224 
-0.94143 0.0993096 -0.322253 321.123 0.0856513 0.994732 0.0563275 -29.2737 0.326149 0.025427 -0.944976 443.394 
-0.939156 0.0956575 -0.329902 319.843 0.0814769 0.995068 0.056581 -29.1129 0.333687 0.0262589 -0.942318 439.56 
-0.939595 0.0957045 -0.328637 318.512 0.0808661 0.995003 0.0585597 -28.9342 0.3326 0.0284467 -0.942639 435.702 
-0.947438 0.0785841 -0.310139 316.95 0.068111 0.996686 0.0444727 -28.7818 0.312606 0.0210112 -0.94965 430.844 
-0.95927 0.0632427 -0.275321 315.578 0.052961 0.997599 0.0446276 -28.6929 0.277482 0.0282287 -0.960316 425.918 
-0.974541 0.0644661 -0.21474 314.54 0.0570062 0.997541 0.0407596 -28.578 0.216839 0.0274804 -0.97582 421.992 
-0.985214 0.0578592 -0.161264 313.868 0.0528275 0.997979 0.03532 -28.4669 0.162982 0.0262786 -0.986279 418.006 
-0.991268 0.0550208 -0.119836 313.487 0.051043 0.998047 0.0360158 -28.432 0.121584 0.0295845 -0.99214 415.049 
-0.995571 0.048138 -0.0807508 313.239 0.045005 0.998178 0.0401805 -28.3854 0.0825379 0.0363683 -0.995924 412.045 
-0.998051 0.0448064 -0.0434298 313.129 0.0431018 0.998293 0.0394233 -28.3343 0.045122 0.0374746 -0.998278 409.039 
-0.998879 0.0439014 -0.0176816 313.111 0.0430939 0.998114 0.0437216 -28.2942 0.0195677 0.0429106 -0.998887 406.987 
-0.998918 0.0458321 0.00794661 313.109 0.0461348 0.997993 0.0433882 -28.2438 -0.00594209 0.0437078 -0.999027 404.994 
-0.998436 0.0465467 0.0309705 313.199 0.0476715 0.998191 0.0366278 -28.1711 -0.0292096 0.0380469 -0.998849 402.998 
-0.996657 0.0461505 0.0674218 313.353 0.048469 0.998274 0.0331651 -28.1338 -0.0657748 0.0363221 -0.997173 399.993 
-0.995287 0.0442645 0.086277 313.517 0.0468766 0.998494 0.028487 -28.1267 -0.0848861 0.0323971 -0.995864 398.005 
-0.993776 0.0411174 0.103528 313.761 0.0441042 0.998669 0.0267272 -28.1266 -0.102292 0.0311269 -0.994267 396.03 
-0.992002 0.0390913 0.120019 314.031 0.0429152 0.998645 0.0294421 -28.1097 -0.118705 0.0343572 -0.992335 394.046 
-0.989905 0.0365764 0.136929 314.323 0.0411874 0.998671 0.0309926 -28.0893 -0.135613 0.0363195 -0.990096 392.073 
-0.987633 0.0344225 0.152957 314.632 0.0394123 0.998781 0.02971 -28.0479 -0.151748 0.035371 -0.987786 390.127 
-0.985191 0.0313767 0.168566 314.953 0.0371626 0.99882 0.0312793 -28.0246 -0.167385 0.0370804 -0.985194 388.19 
-0.982955 0.0298318 0.181412 315.373 0.0366942 0.998728 0.0345888 -27.9989 -0.180149 0.040656 -0.982799 386.279 
-0.981053 0.0243432 0.192203 315.807 0.0310738 0.999002 0.0320816 -27.9659 -0.19123 0.0374462 -0.980831 384.441 
-0.978376 0.0239074 0.20545 316.209 0.0297053 0.999241 0.0251823 -27.9547 -0.204692 0.0307407 -0.978344 382.621 
-0.975011 0.0264912 0.220571 316.585 0.0317094 0.999294 0.02015 -27.9533 -0.219881 0.0266406 -0.975163 380.812 
-0.971955 0.0302281 0.233217 317.082 0.0343875 0.999313 0.0137884 -27.9657 -0.23264 0.0214214 -0.972327 379.094 
-0.968213 0.0328444 0.247961 317.503 0.0335127 0.999437 -0.00152606 -28.0001 -0.247872 0.00683232 -0.968769 377.458 
-0.966091 0.0309865 0.256337 317.987 0.0262974 0.999419 -0.0217014 -28.0492 -0.25686 -0.0142246 -0.966344 375.95 
-0.964147 0.0321815 0.263412 318.411 0.0240851 0.999135 -0.0339092 -28.1402 -0.264275 -0.0263492 -0.964087 374.515 
-0.965109 0.0330094 0.259761 318.97 0.0213452 0.998638 -0.0475976 -28.2827 -0.260978 -0.0403922 -0.964499 373.208 
-0.965511 0.0370931 0.257705 319.367 0.0253688 0.998493 -0.048673 -28.3843 -0.259122 -0.0404567 -0.964997 371.882 
-0.967102 0.0439795 0.250557 319.616 0.0343762 0.998502 -0.0425782 -28.4716 -0.252054 -0.0325642 -0.967165 370.538 
-0.97347 0.0455602 0.224233 319.941 0.0364768 0.998344 -0.044488 -28.5586 -0.225889 -0.0351285 -0.97352 369.237 
-0.987109 0.0546813 0.150417 320.28 0.0514764 0.998358 -0.0251215 -28.635 -0.151544 -0.0170547 -0.988303 367.287 
-0.997791 0.0569552 0.0341797 320.5 0.0568557 0.998375 -0.00387701 -28.7141 -0.0343449 -0.00192514 -0.999408 365.376 
-0.993592 0.066347 -0.0914988 320.319 0.0654236 0.997772 0.0130584 -28.7211 0.0921614 0.00698859 -0.99572 363.461 
-0.971463 0.0627931 -0.22873 319.985 0.0580513 0.997937 0.0274075 -28.7082 0.229979 0.0133473 -0.973104 361.561 
-0.931237 0.0669752 -0.358208 319.29 0.0539015 0.997469 0.0463715 -28.6701 0.360407 0.0238749 -0.93249 359.704 
-0.874757 0.0698011 -0.479508 318.308 0.0501757 0.997299 0.0536403 -28.616 0.481957 0.0228626 -0.875897 357.925 
-0.809057 0.0810826 -0.58211 317.129 0.0556767 0.996557 0.0614281 -28.5114 0.585087 0.0172889 -0.810786 356.281 
-0.748719 0.0866446 -0.657201 315.762 0.062 0.996228 0.0607078 -28.4188 0.659982 0.00470664 -0.751267 354.672 
-0.704584 0.0931671 -0.703478 314.196 0.0714381 0.99562 0.0603074 -28.3092 0.706016 -0.00776354 -0.708153 353.082 
-0.67103 0.0929819 -0.735577 312.506 0.071173 0.995602 0.0609232 -28.2012 0.738006 -0.0114719 -0.674696 351.48 
-0.649832 0.0951958 -0.754093 310.644 0.0754262 0.995305 0.0606484 -28.0708 0.756326 -0.017467 -0.653962 349.851 
-0.65232 0.100576 -0.751241 309.359 0.0811607 0.994727 0.0626999 -27.9859 0.753586 -0.0200708 -0.657043 348.682 
-0.658558 0.0969044 -0.746265 308.047 0.0747149 0.995194 0.0632948 -27.8952 0.748812 -0.0140738 -0.662633 347.453 
-0.660639 0.0923442 -0.745002 306.687 0.0693383 0.995669 0.0619283 -27.8013 0.747494 -0.0107449 -0.664181 346.197 
-0.664058 0.0911207 -0.742108 304.569 0.0685504 0.995785 0.0609281 -27.67 0.744532 -0.010412 -0.667506 344.27 
-0.668515 0.0885084 -0.738413 302.378 0.0674212 0.996017 0.0583465 -27.5186 0.740636 -0.0107791 -0.67182 342.283 
-0.671993 0.0841211 -0.735764 300.891 0.0668346 0.996362 0.0528739 -27.4312 0.737535 -0.0136436 -0.675171 340.914 
-0.675055 0.0795309 -0.733468 299.403 0.0656162 0.996705 0.0476834 -27.3649 0.734844 -0.0159385 -0.678049 339.488 
-0.677822 0.0774011 -0.73114 297.897 0.0627595 0.996905 0.0473531 -27.3062 0.732542 -0.013789 -0.680582 338.043 
-0.68117 0.0804388 -0.727693 296.414 0.0625445 0.996706 0.0516294 -27.2518 0.729449 -0.0103449 -0.683957 336.553 
-0.689779 0.0827973 -0.71927 294.885 0.062285 0.996543 0.0549838 -27.1835 0.721336 -0.00687314 -0.692551 335.107 
-0.705473 0.0832701 -0.703828 292.615 0.0629376 0.996511 0.0548128 -27.0658 0.705937 -0.00562828 -0.708252 332.893 
-0.731046 0.0881574 -0.676609 290.372 0.0746443 0.996 0.049122 -26.9343 0.678233 -0.0145946 -0.734702 330.667 
-0.750937 0.0888883 -0.654364 288.97 0.0789308 0.995877 0.0446996 -26.8767 0.65564 -0.0180829 -0.754857 329.069 
-0.772817 0.0878013 -0.628526 287.611 0.0786332 0.995999 0.0424501 -26.8277 0.629739 -0.0166169 -0.776629 327.438 
-0.791683 0.0818306 -0.605427 286.304 0.0730127 0.996559 0.0392222 -26.7771 0.606554 -0.0131523 -0.794934 325.732 
-0.807221 0.0851198 -0.584079 285.058 0.0721568 0.996356 0.0454787 -26.7313 0.585822 -0.00543394 -0.810422 323.993 
-0.821914 0.0843315 -0.563334 283.867 0.0736658 0.996411 0.0416838 -26.6808 0.564827 -0.00723788 -0.825177 322.218 
-0.836029 0.0817402 -0.542563 282.699 0.0727723 0.996624 0.0380131 -26.6339 0.543838 -0.00770347 -0.839155 320.412 
-0.849273 0.0810157 -0.521701 281.553 0.0750866 0.996646 0.0325378 -26.6001 0.522588 -0.0115393 -0.852507 318.564 
-0.859638 0.0850303 -0.503779 280.46 0.0795894 0.996303 0.0323512 -26.5608 0.504667 -0.0122851 -0.863227 316.662 
-0.866749 0.0900661 -0.490545 279.39 0.084402 0.995861 0.0337134 -26.5224 0.491551 -0.0121819 -0.870764 314.724 
-0.870769 0.0882122 -0.483715 278.334 0.0819532 0.996052 0.0341144 -26.4747 0.484815 -0.00993629 -0.87456 312.76 
-0.871854 0.0854706 -0.48225 277.292 0.0793512 0.996296 0.0331184 -26.4479 0.483295 -0.00939271 -0.875407 310.77 
-0.87685 0.0795136 -0.474143 275.525 0.0745291 0.996787 0.0293314 -26.3418 0.474952 -0.0096183 -0.879959 307.791 
-0.879715 0.0841209 -0.468002 274.418 0.0772327 0.996436 0.0339278 -26.3 0.469187 -0.0062982 -0.883076 305.782 
-0.882115 0.0853755 -0.463232 273.332 0.0824957 0.996239 0.0265173 -26.2614 0.463754 -0.0148234 -0.88584 303.738 
-0.882377 0.0880222 -0.462237 272.269 0.0846996 0.996014 0.0279819 -26.2287 0.462858 -0.0144607 -0.886315 301.641 
-0.882318 0.0958302 -0.460795 271.183 0.0887689 0.995364 0.0370308 -26.1856 0.462208 -0.00823136 -0.886734 299.528 
-0.881014 0.103297 -0.461675 270.074 0.0977938 0.994559 0.0359074 -26.1341 0.462872 -0.0135141 -0.886322 297.393 
-0.879895 0.105967 -0.463203 268.962 0.102211 0.994206 0.0332842 -26.0832 0.464046 -0.018058 -0.885627 295.235 
-0.878473 0.100817 -0.467034 267.84 0.0949469 0.994825 0.0361572 -26.0418 0.468263 -0.0125803 -0.8835 293.05 
-0.875436 0.0922968 -0.47444 266.678 0.0840392 0.995713 0.0386355 -25.9835 0.475972 -0.00604866 -0.879439 290.865 
-0.870345 0.082482 -0.485485 265.489 0.0727576 0.996591 0.0388819 -25.9333 0.487037 -0.00148206 -0.87338 288.652 
-0.862891 0.0764571 -0.499574 264.265 0.067387 0.99707 0.0362017 -25.8829 0.500878 -0.00242669 -0.865515 286.449 
-0.853852 0.0831271 -0.513835 262.972 0.0711741 0.996539 0.0429461 -25.821 0.515626 9.7857e-05 -0.856814 284.258 
-0.843468 0.0913711 -0.529351 261.647 0.0812147 0.995791 0.0424756 -25.755 0.531004 -0.00716424 -0.847339 282.065 
-0.835048 0.0929701 -0.542265 260.265 0.0865776 0.995544 0.0373608 -25.6969 0.543322 -0.0157499 -0.839377 279.898 
-0.825873 0.0990097 -0.555096 258.865 0.0880189 0.995032 0.0465242 -25.6287 0.556944 -0.0104359 -0.830484 277.701 
-0.816485 0.110796 -0.566636 256.686 0.100365 0.993709 0.0496832 -25.4955 0.568576 -0.0163049 -0.822469 274.462 
-0.814265 0.106203 -0.570696 255.2 0.0967731 0.994199 0.0469384 -25.4258 0.57237 -0.0170076 -0.819819 272.324 
-0.813189 0.100295 -0.573293 253.723 0.0890845 0.994882 0.047688 -25.3328 0.575141 -0.0122921 -0.817962 270.15 
-0.811944 0.102757 -0.574619 252.224 0.0893365 0.994662 0.0516376 -25.2484 0.576858 -0.00940758 -0.81679 267.964 
-0.811324 0.101179 -0.575775 250.707 0.0867317 0.994842 0.0526066 -25.1535 0.578128 -0.00725693 -0.815914 265.779 
-0.811612 0.0983153 -0.575865 249.174 0.083767 0.995136 0.0518364 -25.0597 0.578161 -0.00616748 -0.8159 263.59 
-0.810043 0.0982194 -0.578086 247.638 0.0822298 0.995157 0.0538572 -24.9592 0.580576 -0.00390929 -0.814196 261.367 
-0.807945 0.103623 -0.580076 246.056 0.0868232 0.994606 0.0567434 -24.8695 0.582827 -0.00451851 -0.812584 259.142 
-0.806557 0.101434 -0.582388 244.472 0.0857693 0.994824 0.0544843 -24.7615 0.584901 -0.00600637 -0.811083 256.921 
-0.806262 0.0983387 -0.583328 242.867 0.0806144 0.995152 0.0563416 -24.6511 0.58604 -0.00159854 -0.81028 254.701 
-0.806579 0.0994539 -0.5827 241.254 0.0822196 0.995038 0.0560218 -24.5321 0.58538 -0.0027233 -0.810754 252.458 
-0.808012 0.0934107 -0.581715 238.814 0.0763713 0.995627 0.053795 -24.3734 0.584196 -0.000959274 -0.811612 249.116 
-0.808811 0.0914982 -0.580907 237.19 0.07351 0.995804 0.0544987 -24.2679 0.583456 0.00137675 -0.812144 246.877 
-0.809236 0.0875738 -0.58092 234.756 0.0710177 0.996158 0.0512416 -24.0977 0.583175 0.000210985 -0.812346 243.46 
-0.80915 0.0900649 -0.580659 233.106 0.0735508 0.995936 0.0519845 -24.0017 0.582981 -0.000644631 -0.812486 241.125 
-0.808665 0.0933371 -0.580818 231.453 0.0768955 0.995633 0.0529371 -23.8981 0.583222 -0.00185394 -0.812311 238.774 
-0.807837 0.0947048 -0.581748 229.75 0.0801182 0.99549 0.0508042 -23.7987 0.583936 -0.00556715 -0.811781 236.437 
-0.806407 0.095238 -0.583641 228.08 0.08226 0.995417 0.0487738 -23.7039 0.585612 -0.00867883 -0.810545 234.073 
-0.804162 0.0900738 -0.587546 226.376 0.0748994 0.995928 0.0501678 -23.6116 0.589673 -0.00366381 -0.807634 231.71 
-0.801202 0.089985 -0.59159 224.635 0.0715836 0.995942 0.0545427 -23.51 0.594097 0.00135161 -0.804392 229.333 
-0.799034 0.0886042 -0.594721 222.878 0.0720647 0.996066 0.0515762 -23.4047 0.596951 -0.00164725 -0.802276 226.976 
-0.797667 0.0857153 -0.596977 221.105 0.069619 0.996318 0.0500305 -23.3186 0.599067 -0.00165326 -0.800697 224.619 
-0.796561 0.0904856 -0.597749 219.316 0.0723991 0.995898 0.0542772 -23.2098 0.600208 -4.13351e-05 -0.799844 222.269 
-0.795505 0.0939848 -0.598614 217.555 0.0758953 0.995573 0.0554508 -23.1127 0.601175 -0.00132051 -0.799116 219.91 
-0.794469 0.0997298 -0.59906 215.8 0.0809972 0.995012 0.0582288 -23.0077 0.601879 -0.00226117 -0.798584 217.54 
-0.79403 0.0996232 -0.59966 214.024 0.0808455 0.995023 0.0582557 -22.8921 0.602479 -0.00222304 -0.798132 215.188 
-0.794416 0.0984247 -0.599347 212.303 0.0801149 0.995141 0.0572323 -22.7842 0.602068 -0.00255041 -0.798441 212.782 
-0.795981 0.0955054 -0.597739 210.572 0.0762778 0.995429 0.0574716 -22.6749 0.600496 0.000152113 -0.799628 210.413 
-0.798051 0.0936272 -0.595272 208.834 0.0727642 0.9956 0.0590413 -22.5455 0.59818 0.00380351 -0.801352 208.049 
-0.800533 0.0874331 -0.592877 207.112 0.0689153 0.996168 0.0538546 -22.4319 0.595314 0.00225404 -0.80349 205.675 
-0.804382 0.0778133 -0.588995 205.365 0.0594577 0.996952 0.0505089 -22.3359 0.59113 0.00560819 -0.806557 203.329 
-0.807413 0.0754711 -0.585139 203.662 0.0535757 0.997066 0.0546741 -22.2362 0.587548 0.0127954 -0.809088 200.942 
-0.810254 0.078725 -0.580768 201.965 0.056524 0.996815 0.0562625 -22.1424 0.583347 0.0127596 -0.812123 198.547 
-0.813956 0.083575 -0.574883 200.282 0.0613508 0.99643 0.057994 -22.0432 0.577677 0.011935 -0.816178 196.154 
-0.81945 0.085673 -0.566712 198.607 0.0649492 0.996277 0.0566979 -21.9353 0.569459 0.00965361 -0.821963 193.771 
-0.827629 0.0839728 -0.554959 196.974 0.0657179 0.996442 0.0527678 -21.8349 0.557416 0.00720142 -0.830202 191.365 
-0.835634 0.0774208 -0.543803 195.405 0.0587786 0.996936 0.051611 -21.7382 0.546132 0.0111639 -0.837625 188.911 
-0.843108 0.0748235 -0.532514 193.888 0.0552474 0.997085 0.0526293 -21.6349 0.534899 0.0149522 -0.844783 186.414 
-0.850066 0.0758062 -0.521193 192.373 0.0572552 0.997024 0.0516314 -21.5354 0.523556 0.0140491 -0.851876 183.929 
-0.856658 0.0759674 -0.510261 190.863 0.0597411 0.997052 0.0481435 -21.4534 0.512414 0.010759 -0.858671 181.454 
-0.860434 0.0817813 -0.502956 189.384 0.0648853 0.996586 0.0510436 -21.3623 0.505414 0.0112852 -0.862803 178.946 
-0.862725 0.084076 -0.498634 187.949 0.06827 0.996419 0.0498896 -21.2682 0.501043 0.00899931 -0.865376 176.451 
-0.865507 0.0826431 -0.494031 186.53 0.0686332 0.996559 0.046467 -21.1885 0.496172 0.00631056 -0.868201 173.89 
-0.866988 0.0798697 -0.491886 185.826 0.0650351 0.996765 0.0472196 -21.1474 0.494066 0.00894897 -0.869378 172.63 
-0.868234 0.0781254 -0.489965 185.12 0.0627633 0.996886 0.0477357 -21.0952 0.492168 0.010694 -0.870434 171.369 
-0.870829 0.0770603 -0.485509 183.719 0.0611726 0.996947 0.0485145 -21.0119 0.487765 0.0125479 -0.872885 168.849 
-0.873032 0.0794421 -0.481148 182.342 0.0644104 0.996782 0.0477071 -20.9271 0.48339 0.010659 -0.87534 166.323 
-0.87552 0.0832823 -0.47595 180.939 0.0693851 0.996495 0.0467325 -20.848 0.478173 0.00789145 -0.87823 163.798 
-0.877397 0.0754793 -0.473791 179.577 0.0613762 0.997091 0.0451855 -20.7662 0.475823 0.0105661 -0.879477 161.248 
-0.879045 0.0722162 -0.471238 178.201 0.0548861 0.997218 0.0504373 -20.6833 0.473569 0.0184723 -0.880563 158.686 
-0.88004 0.0719436 -0.469418 176.85 0.0545838 0.997231 0.050506 -20.5958 0.471752 0.0188248 -0.88153 156.115 
-0.880814 0.0745303 -0.46756 175.505 0.0575179 0.997062 0.0505792 -20.5258 0.469956 0.0176578 -0.882513 153.535 
-0.882048 0.0718261 -0.465653 174.134 0.0566889 0.997311 0.0464522 -20.4483 0.467737 0.0145757 -0.883747 150.985 
-0.882948 0.0702903 -0.464178 172.802 0.0548632 0.997402 0.0466767 -20.3826 0.466253 0.0157469 -0.884511 148.402 
-0.884778 0.0705128 -0.460647 171.453 0.0553598 0.99739 0.0463429 -20.3042 0.462712 0.0155018 -0.886373 145.844 
-0.886449 0.0737677 -0.45691 170.14 0.0588225 0.997168 0.0468706 -20.2257 0.459073 0.0146718 -0.888277 143.286 
-0.887559 0.074426 -0.454642 168.829 0.0615525 0.997174 0.043076 -20.1411 0.456563 0.0102481 -0.889632 140.71 
-0.887055 0.0757871 -0.455401 167.53 0.0631341 0.99708 0.0429564 -20.0842 0.457326 0.0093534 -0.88925 138.094 
-0.884609 0.0736498 -0.460481 166.21 0.0605167 0.99723 0.043242 -20.016 0.46239 0.0103855 -0.886616 135.496 
-0.880145 0.0714798 -0.469292 164.874 0.055487 0.997313 0.0478404 -19.9447 0.47145 0.0160669 -0.881746 132.944 
-0.876949 0.0708481 -0.475333 164.2 0.0533308 0.997311 0.0502579 -19.902 0.477616 0.0187238 -0.878369 131.669 
-0.86891 0.0699231 -0.490007 162.827 0.0497501 0.997296 0.0540925 -19.8106 0.492464 0.0226237 -0.870039 129.143 
-0.859098 0.0630981 -0.507907 161.421 0.0432742 0.997773 0.0507589 -19.7219 0.509978 0.0216276 -0.859915 126.653 
-0.848291 0.0579626 -0.526348 159.957 0.0361025 0.998009 0.0517181 -19.6414 0.528298 0.0248695 -0.848695 124.202 
-0.836608 0.058577 -0.544661 158.441 0.0354845 0.997973 0.0528248 -19.5531 0.546652 0.0248666 -0.836991 121.783 
-0.824831 0.0624398 -0.56192 156.847 0.039167 0.997806 0.0533824 -19.4658 0.564021 0.0220228 -0.825467 119.414 
-0.810343 0.0626746 -0.582595 155.24 0.0391678 0.997833 0.052866 -19.3758 0.584646 0.0200206 -0.811042 117.062 
-0.787783 0.0750606 -0.611362 152.666 0.0497969 0.997059 0.0582481 -19.2395 0.613937 0.0154429 -0.789204 113.626 
-0.772446 0.0752832 -0.630603 150.921 0.0511659 0.997098 0.0563617 -19.1283 0.633016 0.011271 -0.774057 111.362 
-0.761918 0.0751262 -0.643302 149.073 0.0530553 0.997151 0.0536115 -19.0338 0.645497 0.0067169 -0.763733 109.191 
-0.751989 0.0829676 -0.653933 147.235 0.0635016 0.996551 0.0534137 -18.9394 0.656109 -0.00135926 -0.754664 107.038 
-0.743422 0.0860971 -0.663258 145.362 0.0680123 0.996271 0.0530928 -18.853 0.665356 -0.00563936 -0.746505 104.89 
-0.736257 0.0816724 -0.671756 143.486 0.0622432 0.996655 0.0529541 -18.7586 0.673834 -0.00282441 -0.738877 102.756 
-0.728941 0.0862284 -0.679125 141.558 0.0649565 0.996272 0.0567753 -18.658 0.681488 -0.00272771 -0.731824 100.645 
-0.723612 0.0841414 -0.685059 139.603 0.0609163 0.996454 0.0580436 -18.5474 0.687513 0.000269849 -0.726172 98.5526 
-0.718387 0.0817837 -0.690819 137.636 0.0569366 0.996646 0.0587807 -18.4396 0.693309 0.0028945 -0.720634 96.4763 
-0.709093 0.0836931 -0.70013 135.639 0.0569931 0.996485 0.0613963 -18.3164 0.702807 0.00363312 -0.711371 94.4073 
-0.696685 0.0814188 -0.712742 133.638 0.0563089 0.99668 0.0588135 -18.2093 0.715164 0.000840823 -0.698957 92.355 
-0.687411 0.0817622 -0.721652 131.586 0.0577354 0.99665 0.0579233 -18.092 0.72397 -0.00184776 -0.689829 90.3615 
-0.682563 0.0832153 -0.726074 129.517 0.056508 0.996531 0.0610908 -17.9877 0.728639 0.000669305 -0.684898 88.3652 
-0.68089 0.0833308 -0.72763 127.422 0.0547371 0.996517 0.0629037 -17.8667 0.730338 0.00300216 -0.68308 86.3717 
-0.683583 0.0839945 -0.725024 125.336 0.0535989 0.996451 0.0649042 -17.7378 0.727902 0.00550694 -0.685659 84.3705 
-0.686492 0.0797968 -0.722745 123.228 0.0514228 0.996799 0.0612111 -17.6309 0.725317 0.00485537 -0.688398 82.3246 
-0.688337 0.0785157 -0.721129 120.051 0.0560561 0.99691 0.0550354 -17.4735 0.723222 -0.00254075 -0.690611 79.2876 
-0.688505 0.0850635 -0.720226 117.947 0.0617407 0.996367 0.0586562 -17.3586 0.722599 -0.00408213 -0.691255 77.2358 
-0.688029 0.0828275 -0.720941 115.838 0.0605039 0.996553 0.0567502 -17.2489 0.723156 -0.00457394 -0.690669 75.2009 
-0.687505 0.0799803 -0.721762 113.72 0.0572037 0.996792 0.0559685 -17.148 0.723923 -0.0028088 -0.689875 73.1966 
-0.685598 0.0823625 -0.723306 111.62 0.0572838 0.996602 0.0591852 -17.0411 0.725723 -0.000856439 -0.687987 71.1382 
-0.683521 0.0836478 -0.725123 109.503 0.0581614 0.996495 0.0601278 -16.928 0.72761 -0.00107559 -0.68599 69.1346 
-0.679106 0.0819394 -0.729453 107.379 0.0574381 0.996635 0.0584783 -16.8222 0.73179 -0.00218547 -0.681527 67.1137 
-0.674982 0.0836244 -0.73308 105.235 0.0565424 0.996497 0.0616118 -16.7057 0.735665 0.000136716 -0.677346 65.0839 
-0.670856 0.0839256 -0.736824 103.086 0.0542389 0.996467 0.0641167 -16.584 0.739602 0.00304857 -0.673038 63.0484 
-0.667867 0.0877572 -0.739089 100.908 0.0585815 0.996142 0.0653426 -16.4532 0.741972 0.000343235 -0.670431 61.0269 
-0.664859 0.0878562 -0.741784 97.5552 0.0589839 0.996133 0.0651139 -16.2707 0.744637 -0.000461743 -0.66747 58.0008 
-0.663996 0.085499 -0.742832 95.3513 0.0534865 0.996327 0.066866 -16.1349 0.745821 0.00466725 -0.66613 55.9857 
-0.662854 0.0841464 -0.744005 93.1264 0.0495082 0.996416 0.0685856 -15.9899 0.74711 0.00862784 -0.664644 53.9581 
-0.663212 0.0859285 -0.743483 90.8909 0.0567089 0.996301 0.0645619 -15.8426 0.74628 0.000656147 -0.665631 51.9694 
-0.66414 0.079587 -0.74336 88.6738 0.0551816 0.996824 0.057423 -15.732 0.745569 -0.00288286 -0.666423 49.9962 
-0.664739 0.0830339 -0.742447 86.4552 0.0532076 0.996542 0.0638129 -15.6163 0.745178 0.00291516 -0.666859 47.9834 
-0.664779 0.0846633 -0.742227 84.2369 0.0566395 0.99641 0.0629276 -15.4942 0.74489 -0.000206457 -0.667187 45.9904 
-0.663924 0.0884188 -0.742554 82.0214 0.061702 0.996077 0.0634384 -15.3657 0.74525 -0.00369883 -0.666775 43.9724 
-0.664479 0.0881359 -0.742092 79.7859 0.0630361 0.996092 0.0618594 -15.2542 0.744644 -0.00567427 -0.667438 41.9524 
-0.66598 0.0873528 -0.740838 76.5398 0.0599625 0.996175 0.0635563 -15.0589 0.743556 -0.00209529 -0.668671 38.9339 
-0.667776 0.0867918 -0.739285 73.2174 0.0566554 0.996224 0.0657812 -14.862 0.742203 0.00204262 -0.670172 35.924 
-0.669792 0.0840991 -0.737771 69.9359 0.0575339 0.996456 0.0613542 -14.691 0.740316 -0.00135223 -0.672257 32.9111 
-0.671531 0.0816662 -0.736463 67.7366 0.0545968 0.99666 0.0607362 -14.5582 0.738963 0.000577723 -0.673746 30.9154 
-0.672241 0.0860683 -0.735313 64.5206 0.0583332 0.996289 0.063286 -14.3735 0.738031 -0.000349704 -0.674767 27.8385 
-0.673549 0.0825528 -0.734518 62.3409 0.0563761 0.996586 0.0603102 -14.2666 0.736989 -0.000787284 -0.675904 25.8196 
-0.674876 0.0786237 -0.733731 60.1781 0.0487504 0.996886 0.0619824 -14.1545 0.736319 0.0060608 -0.676607 23.7952 
-0.675832 0.0815388 -0.732532 58.0109 0.0522402 0.996662 0.0627426 -14.0324 0.735202 0.00413586 -0.677835 21.7772 
-0.676189 0.0803188 -0.732337 55.8208 0.0507505 0.996756 0.0624593 -13.9123 0.734979 0.00506777 -0.678071 19.7342 
-0.676515 0.0764733 -0.732448 53.6506 0.0464799 0.997045 0.0611687 -13.7697 0.734961 0.00733743 -0.67807 17.667 
-0.67738 0.0769249 -0.7316 51.4524 0.0503151 0.997033 0.058248 -13.6517 0.73391 0.00264554 -0.679241 15.6324 
-0.678237 0.0779857 -0.730693 49.2858 0.0493128 0.996941 0.0606293 -13.5313 0.733187 0.00508849 -0.680008 13.562 
-0.678863 0.074139 -0.730513 47.1311 0.0444171 0.997214 0.0599295 -13.4096 0.73292 0.00823669 -0.680264 11.4982 
-0.678673 0.0667674 -0.731399 45.0512 0.0374501 0.99771 0.0563278 -13.2929 0.733485 0.0108372 -0.679619 9.37409 
-0.6796 0.0633376 -0.730844 41.819 0.033896 0.997913 0.0549635 -13.1793 0.7328 0.0125805 -0.680328 6.37438 
-0.680762 0.0587914 -0.730141 38.5898 0.0342841 0.998239 0.0484132 -13.0469 0.731702 0.0079256 -0.681579 3.33532 
-0.682063 0.0577284 -0.729011 36.392 0.0344858 0.998309 0.0467884 -12.9749 0.73048 0.00677204 -0.682901 1.37982 
-0.682393 0.0467537 -0.729489 34.2629 0.0270196 0.998884 0.0387444 -12.8971 0.730486 0.00672842 -0.682895 -0.626296 
-0.683338 0.0415902 -0.728917 32.1049 0.0208806 0.999081 0.0374301 -12.862 0.729804 0.0103572 -0.683578 -2.61635 
-0.684475 0.0425652 -0.727792 29.9543 0.0178753 0.998974 0.0416139 -12.8357 0.728817 0.0154742 -0.684534 -4.65158 
-0.688249 0.0398213 -0.72438 27.8256 0.0194688 0.999147 0.0364283 -12.8014 0.725213 0.0109689 -0.688437 -6.62259 
-0.691911 0.0441634 -0.720631 25.7568 0.0316452 0.999023 0.0308404 -12.7796 0.721289 -0.0014657 -0.692633 -8.56625 
-0.696802 0.0562008 -0.715058 23.7495 0.0432441 0.998404 0.0363307 -12.7435 0.715959 -0.00560676 -0.69812 -10.5061 
-0.702535 0.0571308 -0.709352 21.8287 0.0416391 0.998365 0.0391688 -12.6941 0.71043 -0.00201938 -0.703765 -12.4016 
-0.707359 0.0524612 -0.704905 19.9764 0.0412483 0.998606 0.0329274 -12.6555 0.70565 -0.00578458 -0.708537 -14.291 
-0.711567 0.053318 -0.700593 18.1684 0.0491784 0.998451 0.0260375 -12.6366 0.700895 -0.0159266 -0.713086 -16.1089 
-0.715199 0.0462759 -0.697387 16.4257 0.0393343 0.998889 0.0259434 -12.6581 0.697813 -0.00887657 -0.716225 -17.9248 
-0.716181 0.0349018 -0.697041 14.844 0.023615 0.999389 0.0257773 -12.6443 0.697515 0.00200061 -0.716568 -19.7434 
-0.716181 0.00622207 -0.697887 11.9246 -0.0110555 0.999734 0.0202585 -12.5735 0.697827 0.0222243 -0.715921 -23.1827 
-0.687249 -0.0253754 -0.725979 8.48569 -0.0616 0.997826 0.0234363 -12.6012 0.723806 0.0608269 -0.687318 -26.6762 
-0.540481 -0.0455691 -0.840121 4.23942 -0.0998839 0.994946 0.010292 -12.634 0.835406 0.0894772 -0.542301 -30.1494 
-0.261519 -0.0163045 -0.965061 0.267417 -0.0828991 0.996542 0.00562813 -12.7229 0.961632 0.0814745 -0.261966 -31.8603 
0.148496 0.0345779 -0.988308 -3.55497 -0.0770179 0.996757 0.0233014 -12.7642 0.985909 0.0726572 0.150677 -31.9471 
0.470039 0.0341809 -0.881983 -6.37385 -0.0812231 0.996685 -0.00466043 -12.756 0.8789 0.073828 0.471257 -30.7451 
0.652036 0.0486377 -0.756627 -7.99007 -0.0799527 0.996787 -0.00482487 -12.8124 0.753961 0.0636403 0.653829 -29.3889 
0.774401 0.0494676 -0.630758 -9.19576 -0.0781211 0.996786 -0.0177381 -12.7737 0.627853 0.0630119 0.775777 -28.2535 
0.860619 0.0484209 -0.506942 -10.0687 -0.0717373 0.99707 -0.0265502 -12.8729 0.504171 0.0592162 0.861571 -26.7702 
0.939344 0.040507 -0.340577 -10.9854 -0.0549883 0.997942 -0.0329713 -12.9793 0.338541 0.0496992 0.939638 -24.4695 
0.9703 0.033229 -0.239614 -11.4391 -0.0444704 0.998142 -0.0416603 -13.0697 0.237784 0.0510787 0.969974 -22.5758 
0.98594 0.0267461 -0.164946 -11.8008 -0.0357991 0.997997 -0.052158 -13.1793 0.16322 0.0573296 0.984923 -20.5583 
0.992832 0.0196187 -0.1179 -12.0663 -0.0259152 0.998305 -0.0521111 -13.3012 0.116678 0.054793 0.991657 -18.4447 
0.994969 0.00790667 -0.0998756 -12.2422 -0.0124739 0.998901 -0.045188 -13.4384 0.0994085 0.0462065 0.993973 -16.2138 
0.995476 0.0104582 -0.0944387 -12.4592 -0.0143766 0.99906 -0.0409064 -13.5592 0.0939221 0.0420791 0.99469 -14.6925 
0.996019 0.00742886 -0.0888286 -12.7476 -0.0110038 0.999146 -0.0398234 -13.692 0.0884569 0.0406423 0.995251 -12.3372 
0.996437 0.006999 -0.0840507 -13.0129 -0.0101733 0.999249 -0.0373983 -13.8026 0.0837258 0.0381201 0.995759 -9.87961 
0.997013 -0.00157046 -0.0772126 -13.2788 -0.000787405 0.999535 -0.0304974 -13.9411 0.0772245 0.0304671 0.996548 -7.33648 
0.99745 -0.00882779 -0.0708265 -13.4966 0.0069988 0.999637 -0.0260303 -14.0866 0.0710305 0.0254682 0.997149 -4.74909 
0.998414 -0.0135286 -0.0546517 -13.8563 0.0126115 0.999774 -0.017091 -14.1938 0.0548706 0.0163746 0.998359 -2.27152 
0.997734 -0.0212949 -0.0638309 -13.8954 0.020348 0.999674 -0.015448 -14.2515 0.0641391 0.0141141 0.997841 0.146486 
0.997511 -0.0193992 -0.0677842 -14.0339 0.0179749 0.999606 -0.0215602 -14.3015 0.0681757 0.0202881 0.997467 1.70678 
0.996905 -0.0127334 -0.077578 -14.1995 0.0116573 0.99983 -0.0143087 -14.3451 0.077747 0.0133601 0.996884 4.0017 
0.995878 -0.00926884 -0.0902273 -14.3919 0.0081854 0.99989 -0.0123706 -14.4108 0.0903321 0.0115811 0.995844 6.20842 
0.994089 -0.00981008 -0.108126 -14.5916 0.00970589 0.999952 -0.00148977 -14.4494 0.108136 0.000431504 0.994136 8.35675 
0.992227 -0.0111017 -0.123943 -14.7739 0.010558 0.999932 -0.00504231 -14.4776 0.123991 0.00369452 0.992276 9.75497 
0.989373 -0.0150939 -0.144614 -14.9863 0.0133079 0.999823 -0.01331 -14.5154 0.144789 0.0112441 0.989399 11.1483 
0.984276 -0.0128618 -0.176168 -15.3546 0.0118507 0.999907 -0.00679083 -14.5741 0.176239 0.00459634 0.984337 13.2902 
0.977966 -0.0114857 -0.208447 -15.9115 0.00909356 0.999881 -0.0124306 -14.6308 0.208565 0.0102611 0.977955 15.4457 
0.973937 -0.0141261 -0.226379 -16.284 0.00998928 0.999762 -0.019409 -14.6974 0.2266 0.0166418 0.973846 16.8514 
