0 0.000212 0.010448 100.000000 33.333332
0 0.000219 0.007628 200.000000 32.258064
0 0.000169 0.007105 300.000000 37.037037
1 0.000201 0.009780 100.000000 33.333332
1 0.000217 0.007415 200.000000 32.786884
1 0.000171 0.006917 300.000000 37.037037
2 0.000197 0.009511 100.000000 34.482758
2 0.000220 0.007416 200.000000 32.786884
2 0.000165 0.006479 300.000000 37.037037
3 0.000197 0.009562 100.000000 34.482758
3 0.000210 0.007180 200.000000 33.333332
3 0.000158 0.006205 300.000000 37.500000
4 0.000193 0.008369 100.000000 34.482758
4 0.000218 0.006871 200.000000 33.333332
4 0.000160 0.005620 300.000000 37.500000
5 0.000157 0.006868 100.000000 34.482758
5 0.000199 0.005962 200.000000 33.898304
5 0.000147 0.004896 300.000000 37.974682
6 0.000124 0.005789 100.000000 34.482758
6 0.000190 0.005673 200.000000 33.898304
6 0.000140 0.004555 300.000000 37.974682
7 0.000119 0.005155 100.000000 34.482758
7 0.000202 0.005524 200.000000 33.898304
7 0.000142 0.004141 300.000000 37.974682
8 0.000110 0.004024 100.000000 34.482758
8 0.000195 0.004683 200.000000 34.482758
8 0.000132 0.003090 300.000000 37.974682
9 0.000101 0.004079 100.000000 34.482758
9 0.000195 0.004908 200.000000 34.482758
9 0.000127 0.003118 300.000000 38.461540
10 0.000135 0.003970 100.000000 34.482758
10 0.000213 0.005275 200.000000 35.087719
10 0.000141 0.003435 300.000000 38.461540
11 0.000114 0.003725 100.000000 34.482758
11 0.000197 0.005303 200.000000 35.714287
11 0.000140 0.004122 300.000000 38.461540
12 0.000148 0.004607 100.000000 33.333332
12 0.000224 0.005905 200.000000 35.714287
12 0.000145 0.004543 300.000000 38.461540
13 0.000141 0.004104 100.000000 33.333332
13 0.000235 0.006464 200.000000 35.714287
13 0.000142 0.005020 300.000000 38.461540
14 0.000156 0.004220 100.000000 33.333332
14 0.000240 0.007039 200.000000 36.363636
14 0.000147 0.005649 300.000000 38.461540
15 0.000128 0.003986 100.000000 32.258064
15 0.000241 0.007346 200.000000 36.363636
15 0.000141 0.005555 300.000000 37.974682
16 0.000140 0.004105 100.000000 32.258064
16 0.000240 0.008399 200.000000 36.363636
16 0.000152 0.006342 300.000000 37.974682
17 0.000117 0.003352 100.000000 32.258064
17 0.000228 0.008472 200.000000 37.037037
17 0.000150 0.006588 300.000000 37.974682
18 0.000101 0.003322 100.000000 32.258064
18 0.000225 0.008655 200.000000 37.037037
18 0.000150 0.006482 300.000000 37.974682
19 0.000112 0.003689 100.000000 32.258064
19 0.000230 0.008845 200.000000 37.735847
19 0.000153 0.006795 300.000000 37.974682
20 0.000126 0.005075 100.000000 32.258064
20 0.000205 0.008950 200.000000 37.735847
20 0.000159 0.006835 300.000000 37.974682
21 0.000082 0.004056 100.000000 33.333332
21 0.000169 0.008935 200.000000 37.735847
21 0.000144 0.006821 300.000000 38.461540
22 0.000115 0.004855 100.000000 33.333332
22 0.000173 0.008891 200.000000 38.461540
22 0.000160 0.006930 300.000000 38.461540
23 0.000125 0.006217 100.000000 32.258064
23 0.000182 0.008834 200.000000 38.461540
23 0.000174 0.006721 300.000000 37.974682
24 0.000167 0.005574 100.000000 32.258064
24 0.000182 0.009128 200.000000 38.461540
24 0.000178 0.006897 300.000000 37.974682
25 0.000245 0.007352 100.000000 31.250000
25 0.000192 0.010116 200.000000 37.735847
25 0.000185 0.007646 300.000000 37.974682
26 0.000210 0.007620 100.000000 30.303030
26 0.000173 0.009860 200.000000 37.735847
26 0.000185 0.007720 300.000000 37.974682
27 0.000246 0.008672 100.000000 30.303030
27 0.000162 0.009695 200.000000 37.735847
28 0.000254 0.009638 100.000000 30.303030
28 0.000167 0.009831 200.000000 37.735847
29 0.000227 0.008803 100.000000 30.303030
29 0.000152 0.009142 200.000000 37.735847
30 0.000245 0.009696 100.000000 30.303030
30 0.000149 0.009133 200.000000 37.735847
31 0.000246 0.010104 100.000000 30.303030
31 0.000144 0.009043 200.000000 37.735847
32 0.000246 0.010636 100.000000 31.250000
32 0.000144 0.009467 200.000000 38.461540
33 0.000265 0.011637 100.000000 31.250000
33 0.000151 0.009607 200.000000 38.461540
34 0.000266 0.011737 100.000000 32.258064
34 0.000158 0.009818 200.000000 38.461540
35 0.000299 0.012929 100.000000 32.258064
35 0.000159 0.010032 200.000000 39.215687
36 0.000308 0.013312 100.000000 33.333332
36 0.000154 0.010272 200.000000 39.215687
37 0.000322 0.014100 100.000000 33.333332
37 0.000156 0.010485 200.000000 39.215687
38 0.000306 0.013949 100.000000 34.482758
38 0.000148 0.010224 200.000000 40.000000
39 0.000338 0.014870 100.000000 34.482758
39 0.000160 0.011096 200.000000 40.000000
40 0.000311 0.014087 100.000000 35.714287
40 0.000146 0.010840 200.000000 40.000000
41 0.000311 0.014256 100.000000 37.037037
41 0.000146 0.011372 200.000000 40.000000
42 0.000338 0.015391 100.000000 37.037037
42 0.000147 0.011402 200.000000 40.000000
43 0.000332 0.015557 100.000000 38.461540
43 0.000144 0.011518 200.000000 40.816326
44 0.000338 0.015878 100.000000 38.461540
44 0.000133 0.010786 200.000000 40.816326
45 0.000361 0.016050 100.000000 40.000000
45 0.000160 0.010773 200.000000 40.000000
46 0.000341 0.016741 100.000000 40.000000
46 0.000168 0.010402 200.000000 40.000000
47 0.000350 0.016799 100.000000 40.000000
47 0.000174 0.009945 200.000000 40.000000
48 0.000349 0.016375 100.000000 41.666668
48 0.000174 0.009493 200.000000 40.816326
49 0.000309 0.016862 100.000000 41.666668
49 0.000174 0.009611 200.000000 40.816326
50 0.000259 0.016332 100.000000 41.666668
50 0.000196 0.010526 200.000000 40.000000
51 0.000232 0.015514 100.000000 43.478260
51 0.000183 0.010145 200.000000 40.816326
52 0.000244 0.015075 100.000000 43.478260
52 0.000175 0.009656 200.000000 40.816326
53 0.000229 0.015106 100.000000 43.478260
53 0.000201 0.009927 200.000000 40.816326
54 0.000198 0.013646 100.000000 45.454544
54 0.000183 0.008609 200.000000 40.816326
55 0.000173 0.012872 100.000000 45.454544
55 0.000167 0.008214 200.000000 41.666668
56 0.000145 0.012490 100.000000 45.454544
56 0.000156 0.007800 200.000000 41.666668
57 0.000153 0.012265 100.000000 47.619049
57 0.000167 0.008204 200.000000 41.666668
58 0.000140 0.012032 100.000000 47.619049
58 0.000175 0.008600 200.000000 41.666668
59 0.000086 0.010443 100.000000 47.619049
60 0.000086 0.010465 100.000000 47.619049
61 0.000085 0.009814 100.000000 47.619049
62 0.000066 0.009080 100.000000 47.619049
63 0.000065 0.008658 100.000000 45.454544
64 0.000059 0.008243 100.000000 45.454544
65 0.000038 0.007035 100.000000 45.454544
66 0.000051 0.007848 100.000000 43.478260
67 0.000055 0.008097 100.000000 41.666668
68 0.000081 0.006251 100.000000 40.000000
69 0.000058 0.006104 100.000000 38.461540
70 0.000040 0.007425 100.000000 38.461540
71 0.000033 0.006235 100.000000 37.037037
72 0.000074 0.006928 100.000000 37.037037
73 0.000133 0.007278 100.000000 35.714287
74 0.000165 0.007306 100.000000 35.714287
75 0.000180 0.007885 100.000000 35.714287
76 0.000184 0.007915 100.000000 35.714287
77 0.000195 0.008071 100.000000 35.714287
78 0.000227 0.009738 100.000000 35.714287
