0.000000 0.000000 0.000000 0.000000
-0.071303 3.630710 -0.164817 3.623040
-0.527670 6.127820 -0.647128 6.116500
-1.052870 8.554980 -1.153090 8.546730
-1.746030 11.261500 -1.873460 11.253600
-2.430940 13.603500 -2.624970 13.572900
-3.024730 15.477100 -3.270610 15.426600
-3.703620 17.441500 -3.903880 17.403300
-4.466630 19.497500 -4.675400 19.456600
-5.285310 21.655100 -5.521230 21.605600
-6.215010 23.878500 -6.466890 23.826000
-7.246160 26.147200 -7.494850 26.097300
-8.362270 28.469100 -8.615290 28.416600
-9.580700 30.864200 -9.859590 30.798200
-10.895000 33.317000 -11.203400 33.232900
-12.302300 35.844400 -12.586300 35.773500
-13.784500 38.516600 -14.123000 38.401400
-15.334600 41.265200 -15.653200 41.158100
-16.945200 44.035100 -17.309800 43.895900
-18.619400 46.766100 -19.003700 46.613500
-20.433800 49.433400 -20.790400 49.295900
-22.298600 52.011800 -22.602600 51.910900
-24.201300 54.596900 -24.500000 54.496600
-26.148300 57.170300 -26.428600 57.083300
-28.159700 59.695800 -28.433500 59.610600
-30.245000 62.192100 -30.502600 62.120200
-32.417400 64.669600 -32.657300 64.609800
-34.673700 67.094500 -34.926500 67.017900
-37.054600 69.473000 -37.222400 69.479100
-39.518900 71.839000 -39.629900 71.908000
-42.047100 74.184600 -42.136300 74.280000
-44.658300 76.509700 -44.762400 76.575200
-47.334000 78.824800 -47.425700 78.907500
-50.076000 81.129200 -50.153400 81.227200
-52.895700 83.396600 -52.930700 83.549800
-55.841600 85.577300 -55.864500 85.752000
-58.880900 87.676300 -58.894600 87.864900
-62.021900 89.683800 -62.041400 89.867600
-65.268200 91.585100 -65.281700 91.785600
-68.606500 93.408300 -68.593500 93.669800
-71.991600 95.158100 -71.954000 95.457100
-75.402700 96.844500 -75.365900 97.143400
-78.807200 98.475500 -78.792900 98.720300
-82.180100 100.057000 -82.143700 100.339000
-85.461900 101.554000 -85.442800 101.795000
-88.682800 102.977000 -88.654800 103.234000
-91.822800 104.327000 -91.765300 104.647000
-94.882400 105.733000 -94.809100 106.083000
-97.868400 107.211000 -97.776300 107.594000
-100.755000 108.779000 -100.630000 109.216000
-103.560000 110.480000 -103.442000 110.900000
-106.259000 112.256000 -106.131000 112.685000
-108.816000 114.087000 -108.669000 114.539000
-111.243000 115.960000 -111.137000 116.357000
-114.285000 118.495000 -114.127000 118.944000
-118.446000 122.324000 -118.104000 122.953000
-122.023000 126.144000 -121.594000 126.854000
-125.557000 130.849000 -125.031000 131.619000
-129.390000 137.439000 -128.724000 138.270000
-132.656000 144.042000 -131.843000 144.918000
-135.607000 151.595000 -134.623000 152.500000
-137.094000 158.000000 -136.284000 158.448000
-137.770000 165.000000 -137.030000 165.371000
-137.342000 175.019000 -136.542000 175.324000
-135.962000 182.880000 -135.152000 183.133000
-133.677000 190.928000 -132.709000 191.105000
-130.412000 198.974000 -129.485000 199.180000
-125.880000 206.684000 -124.733000 206.700000
-120.073000 213.663000 -118.668000 213.423000
-114.501000 218.899000 -113.076000 218.495000
-109.742000 222.622000 -108.268000 222.106000
-106.071000 225.055000 -104.522000 224.374000
-102.330000 227.163000 -100.733000 226.334000
-98.549100 228.935000 -96.915800 227.970000
-94.765300 230.394000 -93.135200 229.358000
-91.040100 231.573000 -89.394600 230.383000
-87.356400 232.508000 -85.718200 231.231000
-83.712800 233.199000 -82.096500 231.856000
-80.131800 233.665000 -78.532900 232.254000
-76.597100 233.929000 -75.015100 232.410000
-73.221700 234.047000 -71.657300 232.445000
-68.881500 234.099000 -67.347600 232.385000
-62.612500 234.073000 -61.118700 232.236000
-59.585200 234.093000 -58.114900 232.164000
-56.593000 234.154000 -55.142100 232.147000
-53.649500 234.267000 -52.216200 232.161000
-50.717500 234.447000 -49.299400 232.273000
-47.828700 234.685000 -46.422300 232.454000
-44.960400 234.987000 -43.564400 232.666000
-42.109700 235.348000 -40.724600 232.966000
-39.291200 235.758000 -37.910100 233.288000
-36.516500 236.243000 -35.143900 233.696000
-33.744500 236.786000 -32.378000 234.167000
-30.928000 237.349000 -29.572200 234.675000
-28.077900 237.945000 -26.728200 235.208000
-25.206400 238.575000 -23.856900 235.756000
-22.326400 239.249000 -20.986200 236.379000
-18.527600 240.269000 -17.193000 237.336000
-14.787700 241.484000 -13.453700 238.466000
-12.027800 242.498000 -10.686800 239.397000
-8.398430 243.967000 -7.023830 240.721000
-5.736690 245.139000 -4.348730 241.817000
-3.138300 246.366000 -1.740900 242.985000
-0.608991 247.661000 0.826513 244.169000
2.670980 249.481000 4.127340 245.909000
6.657400 251.910000 8.144940 248.245000
9.801620 254.032000 11.382800 250.201000
12.156200 255.643000 13.810800 251.684000
14.548400 257.244000 16.244400 253.205000
16.952800 258.864000 18.703700 254.719000
19.369200 260.486000 21.167200 256.250000
22.647700 262.667000 24.476100 258.372000
27.525800 265.954000 29.392300 261.561000
32.286100 269.361000 34.204000 264.905000
34.606200 271.144000 36.538600 266.661000
36.885200 273.027000 38.869400 268.469000
39.832500 275.686000 41.822000 271.103000
44.138900 280.056000 46.204000 275.392000
48.161900 284.909000 50.287700 280.203000
50.678100 288.383000 52.871800 283.624000
52.503800 291.092000 54.756100 286.292000
54.285100 293.874000 56.585600 289.043000
56.053800 296.691000 58.404100 291.830000
57.844000 299.554000 60.262800 294.640000
59.648200 302.439000 62.163500 297.460000
61.454600 305.353000 64.019400 300.342000
63.200700 308.299000 65.834500 303.242000
64.834900 311.301000 67.511000 306.220000
66.806800 315.364000 69.539400 310.253000
68.519000 319.497000 71.276000 314.380000
70.064400 323.661000 72.850000 318.533000
71.185100 326.783000 73.984500 321.649000
72.239800 329.914000 75.069200 324.771000
73.225400 333.066000 76.053900 327.923000
74.153900 336.190000 77.031700 331.031000
75.339400 340.280000 78.261200 335.103000
76.286700 343.179000 79.230500 337.993000
77.264100 345.919000 80.251300 340.717000
78.217100 348.599000 81.294500 343.358000
79.076500 351.282000 82.212100 346.017000
79.788400 353.971000 82.959900 348.695000
80.289200 356.680000 83.511800 351.393000
80.544200 359.423000 83.815900 354.133000
80.554000 362.182000 83.861400 356.892000
80.077900 366.824000 83.491100 361.543000
79.683900 369.659000 83.129200 364.379000
79.189900 373.576000 82.676400 368.296000
78.487200 379.779000 82.088900 374.508000
78.109200 383.025000 81.777500 377.761000
77.724300 386.332000 81.412600 381.069000
77.303700 389.673000 81.059600 384.417000
76.785700 392.998000 80.629300 387.753000
75.936900 397.401000 79.860100 392.167000
74.687800 402.778000 78.708400 397.566000
73.300400 408.080000 77.434700 402.895000
71.763300 413.391000 75.968900 408.227000
70.516900 417.660000 74.805700 412.521000
69.226500 421.955000 73.563100 416.827000
67.260800 428.364000 71.722300 423.272000
66.313200 431.553000 70.845400 426.480000
65.391700 434.718000 69.995400 429.661000
64.501700 437.857000 69.167300 432.816000
63.634900 440.951000 68.370400 435.928000
62.789500 444.006000 67.568900 438.995000
61.956700 447.016000 66.802000 442.022000
61.133500 449.961000 66.032300 444.982000
60.318600 452.867000 65.271600 447.900000
59.227900 456.661000 64.251100 451.713000
58.138700 460.379000 63.252900 455.457000
57.323500 463.133000 62.512100 458.231000
56.513100 465.838000 61.762300 460.950000
55.706400 468.490000 60.998300 463.611000
54.938100 471.068000 60.259400 466.196000
53.957700 474.335000 59.349600 469.483000
52.368200 479.727000 57.874500 474.909000
51.264800 484.350000 56.873200 479.545000
50.789600 489.040000 56.501000 484.269000
51.076900 493.768000 56.906500 488.998000
52.334800 499.340000 58.251100 494.533000
54.048700 504.096000 60.044300 499.271000
56.330800 508.746000 62.407400 503.884000
58.192000 511.730000 64.252400 506.861000
60.941000 515.123000 67.067400 510.194000
63.410000 517.523000 69.601300 512.522000
66.781500 520.298000 73.032500 515.223000
72.067700 523.642000 78.385300 518.461000
77.153900 525.815000 83.514000 520.597000
82.715400 527.212000 89.108200 521.910000
87.635600 527.728000 94.025300 522.391000
91.710600 527.694000 98.109100 522.322000
95.847800 527.266000 102.248000 521.852000
98.975900 526.669000 105.368000 521.190000
102.111000 525.862000 108.498000 520.352000
107.306000 524.079000 113.669000 518.486000
111.409000 522.268000 117.762000 516.642000
114.489000 520.780000 120.825000 515.117000
117.619000 519.262000 123.941000 513.564000
120.793000 517.720000 127.113000 512.011000
123.999000 516.137000 130.313000 510.413000
127.260000 514.516000 133.577000 508.790000
130.564000 512.863000 136.841000 507.066000
133.900000 511.172000 140.167000 505.342000
137.304000 509.462000 143.568000 503.622000
141.927000 507.143000 148.161000 501.240000
146.673000 504.761000 152.906000 498.876000
150.295000 502.938000 156.532000 497.052000
153.967000 501.082000 160.195000 495.169000
157.696000 499.214000 163.905000 493.252000
161.458000 497.334000 167.661000 491.349000
165.217000 495.417000 171.419000 489.419000
168.985000 493.501000 175.182000 487.475000
172.746000 491.587000 178.947000 485.566000
176.518000 489.689000 182.707000 483.633000
180.295000 487.820000 186.478000 481.738000
184.037000 485.971000 190.203000 479.854000
187.779000 484.136000 193.954000 478.030000
191.500000 482.307000 197.682000 476.203000
195.180000 480.470000 201.368000 474.363000
198.815000 478.621000 205.019000 472.541000
203.575000 476.127000 209.766000 470.019000
208.185000 473.649000 214.383000 467.542000
211.460000 471.853000 217.670000 465.756000
214.577000 470.138000 220.811000 464.073000
217.532000 468.526000 223.785000 462.496000
220.383000 467.052000 226.653000 461.049000
223.214000 465.752000 229.495000 459.768000
226.038000 464.645000 232.315000 458.636000
229.883000 463.425000 236.181000 457.454000
232.821000 462.731000 239.081000 456.771000
236.782000 462.127000 243.024000 456.153000
242.887000 461.959000 249.153000 456.017000
249.116000 462.905000 255.413000 457.051000
255.284000 464.992000 261.588000 459.043000
260.242000 467.523000 266.528000 461.646000
263.107000 469.351000 269.403000 463.480000
265.866000 471.381000 272.161000 465.538000
268.559000 473.556000 274.838000 467.755000
271.204000 475.840000 277.487000 470.061000
273.820000 478.207000 280.075000 472.474000
276.385000 480.591000 282.650000 474.869000
278.916000 482.977000 285.150000 477.307000
281.391000 485.347000 287.679000 479.640000
283.810000 487.633000 290.093000 481.938000
286.935000 490.428000 293.233000 484.744000
290.000000 492.874000 296.287000 487.206000
294.346000 495.795000 300.644000 490.124000
298.556000 497.840000 304.863000 492.084000
302.912000 498.776000 309.261000 492.996000
307.250000 498.551000 313.576000 492.804000
311.472000 497.411000 317.846000 491.762000
315.618000 495.744000 322.006000 490.172000
318.877000 493.890000 325.307000 488.390000
321.692000 491.423000 328.183000 486.000000
323.028000 489.680000 329.602000 484.326000
325.083000 486.074000 331.651000 480.695000
326.975000 480.111000 333.789000 474.801000
326.987000 473.575000 333.896000 468.277000
325.485000 466.585000 332.485000 461.284000
324.015000 461.569000 331.117000 456.259000
322.428000 456.222000 329.602000 450.916000
320.998000 451.547000 328.211000 446.252000
320.102000 448.673000 327.365000 443.373000
319.195000 445.777000 326.488000 440.480000
317.934000 441.902000 325.271000 436.609000
316.159000 436.053000 323.535000 430.779000
314.867000 431.133000 322.267000 425.863000
314.024000 427.175000 321.441000 421.923000
313.546000 424.189000 321.001000 418.940000
313.186000 421.192000 320.635000 415.952000
312.967000 418.184000 320.450000 412.949000
312.865000 415.180000 320.384000 409.949000
312.873000 412.156000 320.416000 406.930000
312.990000 409.162000 320.604000 403.945000
313.204000 406.159000 320.838000 400.951000
313.646000 402.170000 321.299000 396.967000
314.076000 399.207000 321.767000 394.016000
315.156000 393.396000 322.857000 388.215000
316.428000 387.765000 324.184000 382.632000
317.575000 383.412000 325.412000 378.309000
318.502000 380.353000 326.373000 375.265000
319.890000 375.630000 327.852000 370.596000
320.669000 369.801000 328.828000 364.782000
319.295000 364.228000 327.544000 359.206000
316.188000 359.728000 324.526000 354.642000
311.803000 355.326000 320.205000 350.214000
307.954000 351.681000 316.423000 346.539000
303.815000 347.661000 312.388000 342.458000
299.493000 343.322000 308.107000 338.120000
295.864000 339.531000 304.533000 334.313000
292.306000 335.579000 301.044000 330.350000
287.765000 329.651000 296.459000 324.505000
284.911000 325.123000 293.593000 320.015000
282.269000 320.363000 291.027000 315.238000
280.262000 316.387000 289.111000 311.232000
278.776000 313.355000 287.640000 308.204000
277.274000 310.278000 286.161000 305.124000
275.761000 307.144000 284.616000 302.020000
274.250000 303.950000 283.095000 298.843000
272.682000 300.715000 281.541000 295.615000
271.088000 297.426000 280.004000 292.312000
269.481000 294.085000 278.417000 288.977000
267.791000 290.716000 276.842000 285.568000
266.000000 287.361000 275.071000 282.217000
264.078000 284.026000 273.145000 278.902000
262.085000 280.682000 271.107000 275.604000
260.008000 277.379000 269.001000 272.345000
257.922000 274.068000 266.901000 269.063000
255.789000 270.720000 264.774000 265.732000
253.623000 267.368000 262.619000 262.393000
251.438000 263.958000 260.447000 258.996000
249.194000 260.542000 258.193000 255.614000
246.950000 257.110000 255.944000 252.204000
244.697000 253.650000 253.701000 248.761000
242.433000 250.163000 251.388000 245.332000
240.122000 246.649000 249.101000 241.821000
237.762000 243.083000 246.773000 238.259000
235.373000 239.490000 244.408000 234.670000
232.955000 235.883000 242.054000 231.045000
230.508000 232.238000 239.643000 227.396000
228.011000 228.600000 237.143000 223.785000
225.502000 224.954000 234.660000 220.147000
222.973000 221.322000 232.132000 216.542000
220.441000 217.690000 229.632000 212.910000
217.915000 214.053000 227.107000 209.299000
215.421000 210.425000 224.630000 205.692000
212.128000 205.571000 221.341000 200.868000
209.697000 201.903000 218.925000 197.211000
207.297000 198.219000 216.517000 193.554000
204.947000 194.527000 214.127000 189.916000
202.671000 190.802000 211.840000 186.219000
200.464000 187.029000 209.649000 182.462000
198.335000 183.227000 207.540000 178.668000
196.246000 179.389000 205.475000 174.836000
194.226000 175.567000 203.457000 171.032000
192.262000 171.701000 201.485000 167.190000
190.351000 167.825000 199.576000 163.332000
188.444000 163.927000 197.653000 159.461000
186.577000 159.995000 195.754000 155.566000
184.717000 156.053000 193.902000 151.640000
182.856000 152.111000 192.011000 147.733000
181.008000 148.161000 190.175000 143.799000
179.193000 144.218000 188.341000 139.883000
177.399000 140.261000 186.550000 135.940000
175.581000 136.282000 184.754000 131.968000
173.757000 132.355000 182.917000 128.063000
171.869000 128.470000 181.016000 124.204000
169.891000 124.663000 178.989000 120.447000
167.789000 120.925000 176.950000 116.698000
165.552000 117.271000 174.741000 113.044000
163.184000 113.699000 172.354000 109.506000
160.696000 110.207000 169.840000 106.057000
158.119000 106.814000 167.274000 102.684000
155.477000 103.476000 164.633000 99.370600
152.774000 100.171000 161.892000 96.120100
149.997000 96.894700 159.141000 92.850800
147.172000 93.652900 156.311000 89.642100
144.267000 90.480100 153.431000 86.473600
141.308000 87.358200 150.456000 83.389100
138.314000 84.231400 147.446000 80.310400
135.310000 81.084900 144.414000 77.229000
132.298000 77.909800 141.391000 74.097000
129.267000 74.737400 138.340000 70.969800
126.238000 71.571900 135.337000 67.802400
123.190000 68.387600 132.278000 64.652400
120.130000 65.208400 129.204000 61.516500
117.037000 62.039400 126.122000 58.360100
113.916000 58.872500 122.995000 55.225500
110.730000 55.703200 119.811000 52.086400
107.554000 52.536200 116.626000 48.954000
104.355000 49.337900 113.458000 45.753200
101.186000 46.194800 110.274000 42.653100
98.007500 43.026800 107.103000 39.509000
94.811100 39.863800 103.931000 36.340500
91.616800 36.688200 100.807000 33.130300
88.468600 33.517600 97.656700 29.984400
85.315200 30.350600 94.524100 26.828300
82.168000 27.186900 91.398300 23.672200
79.038200 24.014000 88.275100 20.514400
75.922400 20.839200 85.182600 17.342500
72.815800 17.647800 82.110000 14.161500
69.680600 14.465400 79.012400 10.972300
66.523700 11.266600 75.901000 7.761900
63.362700 8.072660 72.777900 4.555560
60.240600 4.874800 69.678600 1.367500
57.127500 1.655680 66.560600 -1.827260
54.028900 -1.555700 63.447900 -5.006480
50.966800 -4.761090 60.330500 -8.137930
47.942500 -7.950470 57.256800 -11.258000
44.902400 -11.163000 54.179000 -14.419200
41.910700 -14.274200 51.235600 -17.541800
39.010100 -17.313700 48.420400 -20.646900
36.295700 -20.310000 45.751300 -23.676500
33.704900 -23.203000 43.181700 -26.574900
31.290100 -26.023800 40.769100 -29.390000
28.282800 -29.552800 37.813800 -32.952100
23.802100 -34.764100 33.334600 -38.145600
18.624900 -38.801300 28.043500 -41.980400
12.634300 -39.672400 22.001100 -42.879900
8.497670 -37.738500 17.789100 -41.114700
5.653600 -34.272100 14.898600 -37.661900
4.118070 -30.087400 13.178600 -33.554500
3.070530 -24.428700 11.923400 -27.942800
2.355840 -19.754800 10.954700 -23.314100
1.651780 -14.733100 9.969590 -18.350800
1.021770 -9.738290 9.033450 -13.417500
0.302831 -5.080040 8.124600 -8.774270
-0.515324 -0.728113 7.139370 -4.476660
-1.128800 2.027760 6.514270 -1.728320
-1.682530 4.091750 5.897640 0.308076
-2.326850 6.156890 5.234420 2.365910
-3.006580 8.222650 4.542510 4.423940
