1 1.19763e-11 1.70464e-10 5.55111e-17 1.19763e-11 1 3.5625e-10 0 1.70464e-10 3.5625e-10 1 2.22045e-16 
0.999851 -0.0118584 0.0125396 0.0705324 0.0118954 0.999925 -0.0028753 -0.0288315 -0.0125046 0.00302403 0.999917 1.50086 
0.99936 -0.00884888 -0.0346539 0.0349382 0.00867917 0.99995 -0.00504468 -0.05404 0.0346968 0.00474069 0.999387 2.51677 
0.997237 -0.00450796 -0.0741536 -0.030863 0.00401261 0.999969 -0.0068277 -0.0708538 0.0741821 0.00651129 0.997224 3.24715 
0.988853 -0.00473132 -0.148821 -0.271424 0.00421114 0.999984 -0.00381028 -0.104355 0.148837 0.0031411 0.988857 4.82831 
0.982722 -0.00843207 -0.184895 -0.52767 0.00728958 0.99995 -0.00685808 -0.13162 0.184944 0.00539178 0.982734 6.12782 
0.978032 -0.00786601 -0.208306 -0.834805 0.00520747 0.999898 -0.013308 -0.160426 0.20839 0.0119309 0.977973 7.54838 
0.974445 -0.0179421 -0.22391 -1.05287 0.014605 0.999756 -0.0165511 -0.187051 0.224152 0.0128579 0.974469 8.55498 
0.970381 -0.0147765 -0.241127 -1.31795 0.00962766 0.9997 -0.0225173 -0.21944 0.241388 0.0195289 0.970232 9.60761 
0.961395 -0.0166012 -0.274673 -1.9029 0.00799167 0.999442 -0.0324343 -0.327927 0.275058 0.028987 0.960991 11.8293 
0.954999 -0.017963 -0.296066 -2.43094 0.00386345 0.998833 -0.0481395 -0.414923 0.296585 0.0448293 0.953954 13.6035 
0.952471 -0.018583 -0.304062 -2.81937 -0.00121639 0.997898 -0.0647976 -0.478137 0.304627 0.0620877 0.950446 14.8415 
0.949837 -0.0176562 -0.312246 -3.23733 -0.00804806 0.996695 -0.0808407 -0.570138 0.312642 0.0792985 0.946555 16.1246 
0.946582 -0.0144355 -0.322139 -3.70362 -0.0164963 0.995522 -0.0930837 -0.696851 0.32204 0.0934254 0.942105 17.4415 
0.943182 -0.00961 -0.332138 -4.20623 -0.0256314 0.994499 -0.101561 -0.844372 0.331287 0.104303 0.937747 18.801 
0.936868 -0.0075193 -0.349602 -5.00232 -0.0294695 0.994514 -0.100363 -1.09105 0.348439 0.10433 0.931507 20.9243 
0.931099 -0.00694884 -0.364699 -5.57559 -0.0300374 0.994962 -0.0956449 -1.26005 0.363527 0.10001 0.9262 22.3896 
0.920624 0.00224746 -0.390443 -6.55319 -0.0364877 0.996103 -0.0803005 -1.52649 0.388741 0.0881729 0.917118 24.6298 
0.908864 0.00326854 -0.417081 -7.60633 -0.0387532 0.996305 -0.0766397 -1.76197 0.415289 0.0858182 0.905632 26.9144 
0.897202 0.00400336 -0.441603 -8.75708 -0.0382014 0.996914 -0.068576 -1.99023 0.439966 0.0783964 0.894586 29.2614 
0.885829 0.00584929 -0.463975 -10.0071 -0.0361449 0.997752 -0.0564299 -2.19645 0.462602 0.0667576 0.884049 31.675 
0.876405 0.0044446 -0.481554 -11.3541 -0.0336562 0.998078 -0.0520406 -2.38108 0.480397 0.0618159 0.87487 34.1521 
0.870192 0.00231948 -0.492707 -12.7925 -0.0326558 0.998062 -0.0529764 -2.57088 0.491629 0.0621894 0.868581 36.722 
0.869635 0.00297516 -0.493686 -13.7845 -0.0319506 0.998225 -0.0502656 -2.70734 0.492661 0.0594863 0.868186 38.5166 
0.868773 1.96643e-05 -0.49521 -14.808 -0.0285815 0.998335 -0.0501023 -2.84176 0.494385 0.0576814 0.867327 40.3431 
0.866109 -0.00315282 -0.499846 -15.8674 -0.0247012 0.998488 -0.0490991 -2.97659 0.499245 0.0548719 0.864722 42.1904 
0.861212 -0.00251556 -0.508239 -16.9452 -0.0211271 0.998946 -0.0407442 -3.1089 0.507806 0.045827 0.860251 44.0351 
0.852081 -0.00580495 -0.523377 -18.0467 -0.0181624 0.999008 -0.0406495 -3.23564 0.523094 0.0441424 0.851131 45.8569 
0.839803 -0.0103353 -0.542793 -19.2123 -0.0160177 0.998912 -0.0438028 -3.35651 0.542655 0.04548 0.838724 47.6623 
0.828712 -0.00160584 -0.559674 -20.4338 -0.0205063 0.999237 -0.0332308 -3.46527 0.5593 0.0390155 0.828047 49.4334 
0.817964 -0.00641238 -0.575233 -22.2986 -0.0249715 0.998599 -0.0466406 -3.63503 0.574727 0.0525148 0.816659 52.0118 
0.807862 -0.00279969 -0.589364 -24.2013 -0.0243917 0.998973 -0.03818 -3.82252 0.588866 0.0452197 0.806965 54.5969 
0.80164 -0.000716807 -0.597807 -25.4948 -0.0255765 0.999043 -0.0354952 -3.92143 0.59726 0.0437442 0.800854 56.3134 
0.789638 -0.00588399 -0.613545 -27.4825 -0.0238154 0.998907 -0.0402303 -4.07062 0.613111 0.0463792 0.788634 58.8646 
0.780153 -0.00523078 -0.625567 -28.845 -0.0239325 0.998984 -0.0381997 -4.18729 0.625131 0.0447729 0.779235 60.5311 
0.769223 -0.00810874 -0.63893 -30.245 -0.0229943 0.99892 -0.0403608 -4.30839 0.638567 0.0457382 0.768206 62.1921 
0.751598 -0.0125318 -0.659502 -32.4174 -0.0214244 0.998828 -0.0433958 -4.49539 0.659273 0.0467456 0.750449 64.6696 
0.732543 -0.013498 -0.680587 -34.6737 -0.019273 0.998991 -0.0405571 -4.69083 0.680448 0.0428267 0.731544 67.0945 
0.719491 -0.0170822 -0.694292 -36.2506 -0.0177557 0.998918 -0.0429773 -4.83498 0.694275 0.0432494 0.718409 68.682 
0.702843 -0.0150363 -0.711187 -38.6925 -0.0208797 0.99891 -0.0417542 -5.05786 0.711039 0.044196 0.701762 71.0526 
0.687532 -0.020307 -0.72587 -41.1928 -0.0211282 0.998626 -0.0479499 -5.29236 0.725846 0.0483034 0.686159 73.4057 
0.677418 -0.0202918 -0.735318 -42.9145 -0.0214254 0.998651 -0.047297 -5.44397 0.735286 0.0477944 0.676069 74.9579 
0.667116 -0.0212421 -0.744651 -44.6583 -0.0199325 0.998726 -0.046347 -5.60232 0.744687 0.0457616 0.665843 76.5097 
0.657692 -0.0232386 -0.752929 -46.4323 -0.0180077 0.998753 -0.0465557 -5.7518 0.753072 0.0441778 0.656453 78.0513 
0.649816 -0.0259303 -0.759649 -48.239 -0.0145525 0.99881 -0.0465424 -5.89842 0.759953 0.0412988 0.648665 79.5962 
0.640457 -0.0354895 -0.767173 -50.076 -0.00685873 0.998628 -0.0519224 -6.06436 0.767963 0.0385159 0.639335 81.1292 
0.616297 -0.0442673 -0.786269 -52.8957 0.00631046 0.998664 -0.051279 -6.32682 0.787489 0.0266414 0.615753 83.3966 
0.578477 -0.0457728 -0.814413 -56.8446 0.0061903 0.998642 -0.0517301 -6.66071 0.815675 0.0248832 0.577975 86.2849 
0.547628 -0.0482313 -0.835331 -59.9165 0.010468 0.998654 -0.0507988 -6.92835 0.836657 0.0190746 0.547395 88.3591 
0.506467 -0.0511064 -0.860743 -64.1713 0.00765584 0.998469 -0.0547791 -7.28391 0.862225 0.0211541 0.506083 90.9595 
0.471932 -0.0473256 -0.880364 -68.6065 0.00642676 0.998716 -0.0502427 -7.64359 0.881612 0.0180533 0.47163 93.4083 
0.445296 -0.06019 -0.893358 -73.1306 0.0138246 0.998081 -0.0603549 -8.01191 0.895277 0.0145255 0.445274 95.7283 
0.432213 -0.0565396 -0.899997 -76.5802 0.0211231 0.998393 -0.0525769 -8.30801 0.901524 0.00371369 0.432713 97.4151 
0.423285 -0.0552364 -0.904311 -79.9353 0.0262915 0.998468 -0.0486813 -8.57492 0.905615 -0.00316968 0.424089 99.0067 
0.41603 -0.0555315 -0.907654 -83.2801 0.0324628 0.998404 -0.0462042 -8.828 0.908771 -0.0102426 0.417169 100.563 
0.40792 -0.0562215 -0.911285 -87.6204 0.0410825 0.998222 -0.0431952 -9.14951 0.912093 -0.0198177 0.409504 102.509 
0.413915 -0.057771 -0.90848 -91.8228 0.0356433 0.998247 -0.0472399 -9.46262 0.909617 -0.0128279 0.415249 104.327 
0.431814 -0.0570946 -0.900154 -94.8824 0.0322541 0.998334 -0.0478493 -9.68029 0.901386 -0.00837171 0.432935 105.733 
0.458354 -0.0547039 -0.887084 -97.8684 0.0295935 0.99849 -0.0462831 -9.88676 0.888277 -0.00503785 0.459281 107.211 
0.490094 -0.0574627 -0.869774 -100.755 0.0249701 0.998341 -0.0518867 -10.0936 0.871312 0.00371105 0.490715 108.779 
0.527775 -0.0508167 -0.847863 -103.56 0.0203956 0.998679 -0.0471601 -10.2764 0.849139 0.00759722 0.528114 110.48 
0.562429 -0.0517523 -0.825224 -106.259 0.021376 0.998616 -0.0480574 -10.4273 0.826569 0.0093889 0.562757 112.256 
0.595181 -0.051216 -0.801958 -108.816 0.0230414 0.998644 -0.0466768 -10.5997 0.803261 0.00930296 0.595554 114.087 
0.615348 -0.0466776 -0.786873 -110.448 0.0219338 0.998873 -0.0421009 -10.7145 0.787951 0.00864758 0.615678 115.333 
0.635275 -0.0458613 -0.770923 -112.022 0.0183267 0.998849 -0.0443183 -10.8275 0.772069 0.0140258 0.635384 116.59 
0.653929 -0.043555 -0.755301 -113.542 0.0179591 0.998954 -0.0420567 -10.9407 0.756342 0.0139376 0.654027 117.859 
0.671133 -0.0409619 -0.740205 -115.015 0.0183221 0.999084 -0.0386755 -11.0507 0.741111 0.0123943 0.671269 119.133 
0.68663 -0.0393402 -0.725942 -116.434 0.016544 0.999122 -0.0384962 -11.1556 0.726819 0.0144227 0.686678 120.414 
0.701959 -0.0341544 -0.711398 -117.79 0.014903 0.999335 -0.0332731 -11.2426 0.712061 0.0127543 0.702001 121.689 
0.717465 -0.0317896 -0.695869 -119.079 0.0132068 0.999399 -0.0320393 -11.3261 0.69647 0.0137969 0.717454 122.948 
0.744327 -0.022132 -0.667448 -120.896 0.00771939 0.999669 -0.0245396 -11.4425 0.667771 0.0131132 0.744252 124.857 
0.784607 -0.0207519 -0.619646 -123.091 0.00494286 0.999617 -0.0272183 -11.5757 0.619974 0.0182929 0.784409 127.45 
0.814858 -0.0149236 -0.579468 -124.609 0.00409895 0.999792 -0.0199845 -11.6702 0.579646 0.0139093 0.81475 129.464 
0.853378 -0.0125866 -0.521141 -126.901 0.00657125 0.999889 -0.0133887 -11.838 0.521252 0.00800111 0.853365 132.986 
0.885507 -0.0118537 -0.464475 -129.39 0.00635088 0.99989 -0.01341 -11.9648 0.464583 0.00892481 0.885485 137.439 
0.905145 0.00265696 -0.425095 -131.85 -0.00098345 0.999991 0.00415619 -12.017 0.425102 -0.00334389 0.905139 142.308 
0.923746 -0.00241959 -0.382998 -133.832 0.00489341 0.999973 0.005485 -12.025 0.382974 -0.00694091 0.923733 146.748 
0.9395 0.00116569 -0.342548 -134.944 -1.171e-05 0.999994 0.00337087 -12.0506 0.34255 -0.00316292 0.939494 149.597 
0.959268 0.0100817 -0.282318 -135.912 -0.00781379 0.999927 0.00915806 -12.0754 0.28239 -0.00657905 0.959277 152.613 
0.976227 0.0139896 -0.216299 -136.683 -0.0107177 0.99981 0.0162929 -12.0991 0.216486 -0.0135873 0.976191 155.79 
0.988745 0.0194142 -0.148348 -137.267 -0.0160264 0.999583 0.0239985 -12.0886 0.148752 -0.0213509 0.988644 159.125 
0.996307 0.0169664 -0.0841671 -137.639 -0.015153 0.99964 0.0221385 -12.0515 0.0845125 -0.0207813 0.996206 162.601 
0.999566 0.0189688 -0.022535 -137.802 -0.0183825 0.999494 0.0259496 -11.9995 0.0230159 -0.0255241 0.999409 166.228 
0.997983 0.0227321 0.0592705 -137.693 -0.0240857 0.999463 0.0222244 -11.9517 -0.0587335 -0.0236072 0.997995 171.19 
0.99278 0.0251548 0.117286 -137.342 -0.0270906 0.999521 0.0149402 -11.9431 -0.116854 -0.0180096 0.992986 175.019 
0.981281 0.03197 0.18991 -136.522 -0.0313867 0.999489 -0.00607944 -12.0114 -0.190008 4.98218e-06 0.981783 180.228 
0.96951 0.0331708 0.242798 -135.639 -0.0318933 0.999449 -0.00919136 -12.1233 -0.242969 0.00116747 0.970033 184.219 
0.949969 0.0378993 0.310036 -134.118 -0.0334572 0.999247 -0.0196349 -12.3157 -0.310547 0.00827957 0.950522 189.577 
0.924396 0.0441532 0.37887 -132.176 -0.0340295 0.998863 -0.0333789 -12.5392 -0.379913 0.0179626 0.924848 194.968 
0.883007 0.0579988 0.465763 -129.756 -0.0404824 0.998049 -0.0475337 -12.8757 -0.467611 0.0231173 0.883632 200.306 
0.840394 0.0670996 0.537807 -127.547 -0.0435947 0.99746 -0.0563261 -13.1825 -0.540221 0.0238905 0.841184 204.19 
0.793555 0.0726658 0.604145 -124.994 -0.0391401 0.996884 -0.0684927 -13.5373 -0.607239 0.0307063 0.793925 207.898 
0.746315 0.0763897 0.661195 -122.129 -0.0339956 0.99647 -0.076753 -13.9531 -0.664724 0.0348042 0.746278 211.424 
0.701866 0.0791592 0.707897 -119.004 -0.0271963 0.996059 -0.0844178 -14.3972 -0.711789 0.0399979 0.701253 214.748 
0.672341 0.0832307 0.735548 -116.798 -0.0230406 0.99553 -0.0915883 -14.7179 -0.739883 0.0446311 0.671253 216.868 
0.640903 0.0850592 0.762895 -114.501 -0.0221509 0.995477 -0.0923822 -15.06 -0.767302 0.0423092 0.639888 218.899 
0.60602 0.0870936 0.790667 -112.14 -0.0267884 0.995659 -0.0891414 -15.3987 -0.794998 0.0328408 0.605722 220.829 
0.57079 0.0913652 0.815997 -109.742 -0.0300313 0.995448 -0.0904511 -15.7325 -0.820547 0.0271231 0.570935 222.622 
0.533866 0.0952362 0.840189 -107.307 -0.0325133 0.995214 -0.0921492 -16.0668 -0.844944 0.021878 0.534407 224.281 
0.492281 0.0924665 0.865511 -104.83 -0.0332856 0.995614 -0.087434 -16.3948 -0.8698 0.014233 0.493199 225.798 
0.449783 0.0899501 0.888597 -102.33 -0.0326211 0.995906 -0.0843009 -16.7091 -0.892542 0.00893008 0.450876 227.163 
0.408017 0.0887384 0.908651 -99.8146 -0.0291652 0.996024 -0.084175 -17.0112 -0.912508 0.00784385 0.408983 228.383 
0.345936 0.0866898 0.934245 -96.0257 -0.0203263 0.996181 -0.0849105 -17.4558 -0.938038 0.0103839 0.346377 229.936 
0.286058 0.0997708 0.953004 -92.2741 -0.0200026 0.99497 -0.0981602 -17.9027 -0.958004 0.0090169 0.286614 231.208 
0.2269 0.112763 0.967368 -88.5775 -0.0268599 0.993621 -0.109523 -18.3936 -0.973548 -0.00113258 0.228481 232.223 
0.168344 0.112246 0.979317 -84.9236 -0.0318471 0.993596 -0.108408 -18.8878 -0.985214 -0.0129386 0.17084 232.993 
0.111784 0.115377 0.987012 -81.3171 -0.0332629 0.993115 -0.112324 -19.3698 -0.993176 -0.0202749 0.114852 233.532 
0.0600304 0.110194 0.992096 -77.7781 -0.0313674 0.993605 -0.108464 -19.8473 -0.997704 -0.0246083 0.063103 233.86 
0.02258 0.102634 0.994463 -74.3374 -0.0276361 0.9944 -0.102 -20.295 -0.999363 -0.0251799 0.02529 234.018 
0.0011021 0.110341 0.993893 -71.0234 -0.0293055 0.99347 -0.110262 -20.7249 -0.99957 -0.029005 0.0043285 234.086 
-0.0127112 0.114916 0.993294 -67.8108 -0.0295388 0.992897 -0.115248 -21.1677 -0.999483 -0.0308057 -0.00922648 234.097 
-0.0165002 0.100636 0.994786 -65.6953 -0.0272839 0.994506 -0.10106 -21.4353 -0.999492 -0.0288092 -0.0136638 234.082 
-0.014548 0.108023 0.994042 -62.6125 -0.0294356 0.99367 -0.108413 -21.818 -0.999461 -0.0308374 -0.0112762 234.073 
-0.00936038 0.110221 0.993863 -60.5882 -0.0327238 0.99334 -0.110471 -22.0761 -0.999421 -0.033557 -0.0056912 234.081 
-0.00112466 0.113437 0.993545 -58.5896 -0.0367538 0.992869 -0.113402 -22.3345 -0.999324 -0.036644 0.00305261 234.109 
0.01166 0.109901 0.993874 -56.593 -0.0375214 0.99329 -0.109397 -22.5944 -0.999228 -0.0360159 0.0157054 234.154 
0.0265786 0.11087 0.993479 -54.6313 -0.0344327 0.993342 -0.109934 -22.8488 -0.999054 -0.0312863 0.0302192 234.221 
0.040326 0.109381 0.993182 -52.6695 -0.036086 0.993501 -0.107951 -23.1039 -0.998535 -0.0314867 0.044011 234.321 
0.0608597 0.106565 0.992441 -49.7524 -0.0371441 0.993838 -0.104437 -23.4779 -0.997455 -0.0305073 0.0644429 234.521 
0.0746412 0.110376 0.991083 -47.8287 -0.0369629 0.993479 -0.107859 -23.7182 -0.996525 -0.0285825 0.0782342 234.685 
0.0877187 0.112992 0.989716 -45.9147 -0.0409743 0.993114 -0.109749 -23.9657 -0.995302 -0.0309259 0.0917445 234.881 
0.101026 0.11031 0.988749 -44.0088 -0.0428326 0.993395 -0.106452 -24.2145 -0.993961 -0.0315963 0.105084 235.101 
0.114095 0.107849 0.987599 -42.1097 -0.0432448 0.993687 -0.103518 -24.4546 -0.992528 -0.0308977 0.118038 235.348 
0.128276 0.109404 0.985685 -40.2266 -0.04158 0.993616 -0.104873 -24.6872 -0.990866 -0.0275321 0.132006 235.615 
0.156337 0.114613 0.981031 -37.4365 -0.040405 0.993155 -0.109591 -25.0356 -0.986877 -0.0225054 0.159898 236.072 
0.169695 0.112362 0.97907 -35.5959 -0.0442997 0.993344 -0.106322 -25.2648 -0.9845 -0.0253301 0.173544 236.421 
0.176242 0.114705 0.977641 -33.7445 -0.0474819 0.993022 -0.10795 -25.49 -0.983201 -0.0273949 0.180459 236.786 
0.182185 0.116047 0.976392 -31.8721 -0.0463081 0.992922 -0.109371 -25.7165 -0.982173 -0.0252891 0.18627 237.159 
0.189024 0.116124 0.975082 -29.9809 -0.0438139 0.992992 -0.109763 -25.952 -0.980995 -0.0219743 0.192787 237.542 
0.196288 0.115196 0.973756 -28.0779 -0.0434901 0.993121 -0.10872 -26.2 -0.979581 -0.0210082 0.199948 237.945 
0.204227 0.109446 0.972786 -26.1642 -0.0406432 0.993822 -0.10328 -26.4524 -0.97808 -0.0184446 0.207413 238.361 
0.216276 0.11278 0.969796 -24.2477 -0.0381699 0.993523 -0.107027 -26.6951 -0.975586 -0.0138696 0.21918 238.792 
0.229685 0.111209 0.966891 -22.3264 -0.0373416 0.993726 -0.105425 -26.9405 -0.972549 -0.0118906 0.232396 239.249 
0.258753 0.111175 0.959524 -19.4733 -0.0315619 0.993797 -0.106635 -27.3034 -0.965428 -0.00269221 0.260657 239.999 
0.29184 0.106502 0.950519 -16.651 -0.0317561 0.994312 -0.101659 -27.6642 -0.95594 -0.000516554 0.293562 240.855 
0.313104 0.110478 0.943271 -14.7877 -0.0359189 0.993878 -0.104483 -27.9021 -0.94904 -0.00116728 0.315155 241.484 
0.342456 0.110289 0.933038 -12.0278 -0.0423245 0.993889 -0.101947 -28.2667 -0.93858 -0.00457791 0.345031 242.498 
0.366174 0.106519 0.92443 -9.29703 -0.0446264 0.994294 -0.0968921 -28.6227 -0.929476 -0.00577464 0.368838 243.59 
0.397962 0.109107 0.910891 -5.73669 -0.0487867 0.994015 -0.0977489 -29.0834 -0.916104 -0.00553904 0.400903 245.139 
0.423856 0.102159 0.89995 -3.1383 -0.0483927 0.994754 -0.090129 -29.4136 -0.904436 -0.00534925 0.426576 246.366 
0.44943 0.100763 0.887615 -0.608991 -0.052652 0.994879 -0.0862799 -29.7175 -0.891763 -0.0079579 0.452433 247.661 
0.48258 0.0984124 0.870305 2.67098 -0.0562045 0.995099 -0.0813587 -30.095 -0.874047 -0.00965297 0.485746 249.481 
0.513375 0.0940467 0.852996 5.86499 -0.0575275 0.995512 -0.0751369 -30.4506 -0.856234 -0.0104973 0.516481 251.41 
0.52815 0.0849965 0.844887 9.01696 -0.0597492 0.996232 -0.0628719 -30.8014 -0.847047 -0.0172756 0.531238 253.495 
0.531608 0.0840087 0.842814 10.5837 -0.0603619 0.996297 -0.0612338 -30.9749 -0.844837 -0.0183214 0.53471 254.573 
0.535014 0.0865159 0.840402 12.1562 -0.0591251 0.996138 -0.0649083 -31.143 -0.842772 -0.014962 0.538063 255.643 
0.538312 0.0815971 0.838786 13.7491 -0.0562279 0.996561 -0.0608598 -31.3114 -0.840868 -0.0144016 0.541049 256.711 
0.540872 0.0757949 0.837683 15.3464 -0.0546308 0.996994 -0.0549358 -31.4676 -0.839329 -0.0160501 0.543387 257.781 
0.542594 0.0715917 0.836939 16.9528 -0.0542755 0.997267 -0.050119 -31.6105 -0.83824 -0.018231 0.544997 258.864 
0.543784 0.0720797 0.836124 18.5572 -0.0558182 0.997205 -0.049664 -31.7454 -0.837367 -0.0196645 0.546287 259.943 
0.545397 0.0652764 0.835632 21.0087 -0.0552106 0.997595 -0.0418937 -31.9445 -0.836357 -0.023287 0.54769 261.577 
0.548641 0.0606274 0.833857 23.4653 -0.0538552 0.997859 -0.0371172 -32.1241 -0.834322 -0.0245435 0.550731 263.212 
0.554615 0.0558631 0.830229 25.9096 -0.0532038 0.998083 -0.0316158 -32.2934 -0.830404 -0.0266368 0.556524 264.854 
0.564641 0.0472749 0.823982 28.3374 -0.0503485 0.998472 -0.0227842 -32.4411 -0.8238 -0.0286213 0.566158 266.511 
0.582785 0.0452008 0.811368 30.7219 -0.0481606 0.998618 -0.0210399 -32.5716 -0.811198 -0.0268142 0.584157 268.202 
0.601943 0.0390396 0.797584 33.0674 -0.0479605 0.998769 -0.0126909 -32.681 -0.797097 -0.0306133 0.603075 269.951 
0.617583 0.0377524 0.785599 34.6062 -0.0446984 0.998918 -0.0128649 -32.7432 -0.785235 -0.0271699 0.618602 271.144 
0.635902 0.0351635 0.770968 36.1231 -0.0416152 0.99907 -0.0112425 -32.796 -0.770647 -0.0249349 0.636774 272.38 
0.654068 0.0316858 0.755772 37.619 -0.0401563 0.999168 -0.00713776 -32.8471 -0.755369 -0.0256804 0.654796 273.665 
0.681151 0.0277724 0.731616 39.8325 -0.0407506 0.999169 1.08341e-05 -32.9069 -0.731008 -0.0298211 0.681717 275.686 
0.69842 0.0187629 0.715442 41.2908 -0.0381621 0.99921 0.0110493 -32.9328 -0.714669 -0.0350198 0.698585 277.097 
0.716681 0.0114509 0.697307 42.7283 -0.0301532 0.999439 0.0145785 -32.9414 -0.696749 -0.0314742 0.716624 278.548 
0.736318 0.00622278 0.676606 44.1389 -0.0248782 0.99953 0.017881 -32.9411 -0.676178 -0.0299989 0.736128 280.056 
0.754921 0.000640367 0.655815 45.5132 -0.0217149 0.999476 0.0240205 -32.9316 -0.655456 -0.0323746 0.754539 281.622 
0.773232 -0.00415567 0.634109 46.857 -0.0178972 0.999437 0.0283737 -32.9081 -0.63387 -0.0332882 0.772723 283.24 
0.789966 -0.00327042 0.613142 48.1619 -0.0193935 0.999352 0.0303168 -32.8838 -0.612844 -0.0358402 0.789391 284.909 
0.802785 0.000431403 0.596268 49.4318 -0.0249484 0.999148 0.0328663 -32.8512 -0.595746 -0.0412605 0.802112 286.627 
0.814131 0.00547863 0.580656 50.6781 -0.0288567 0.999102 0.0310329 -32.8186 -0.579964 -0.0420206 0.813557 288.383 
0.829154 0.00997911 0.558932 52.5038 -0.0388397 0.998453 0.039791 -32.7584 -0.55767 -0.0547016 0.828259 291.092 
0.83698 0.0155114 0.547013 53.6939 -0.0468585 0.997958 0.0433992 -32.7041 -0.545223 -0.0619565 0.835998 292.94 
0.841744 0.022007 0.539429 54.8752 -0.0521235 0.997814 0.0406277 -32.6516 -0.537355 -0.0623151 0.841051 294.81 
0.843591 0.0323464 0.536011 56.0538 -0.0576123 0.997874 0.0304538 -32.6091 -0.533887 -0.0565714 0.843661 296.691 
0.844685 0.0328333 0.534256 57.2467 -0.0587194 0.997777 0.0315188 -32.5763 -0.532034 -0.0579947 0.844735 298.599 
0.845655 0.0314004 0.532805 58.4455 -0.0576465 0.997802 0.0326907 -32.5429 -0.530607 -0.0583594 0.845607 300.513 
0.846979 0.0311971 0.530711 59.6482 -0.0558093 0.997978 0.0304032 -32.5121 -0.528689 -0.0553694 0.847008 302.439 
0.849588 0.0283791 0.526683 60.8558 -0.052109 0.998182 0.0302718 -32.4882 -0.524867 -0.0531635 0.849523 304.377 
0.855331 0.0260421 0.517427 62.0439 -0.0499537 0.998228 0.0323348 -32.4637 -0.515668 -0.0535043 0.855116 306.331 
0.865464 0.0231134 0.500438 63.2007 -0.0458112 0.998401 0.0331141 -32.441 -0.498872 -0.0515847 0.865139 308.299 
0.877811 0.0239362 0.478409 64.3056 -0.0460108 0.998346 0.034473 -32.416 -0.476792 -0.0522727 0.87746 310.296 
0.890032 0.0250621 0.455209 65.3499 -0.0473087 0.998174 0.0375429 -32.3861 -0.453437 -0.0549497 0.889593 312.312 
0.901886 0.0232722 0.431348 66.3362 -0.0452686 0.998141 0.0407981 -32.3494 -0.429596 -0.0563217 0.901263 314.343 
0.913344 0.0239146 0.406486 67.2617 -0.0449973 0.998088 0.0423854 -32.3085 -0.404695 -0.0570032 0.912673 316.393 
0.923714 0.0306715 0.381853 68.1161 -0.0504824 0.997843 0.0419689 -32.2656 -0.379742 -0.0580441 0.92327 318.458 
0.931221 0.0401163 0.362241 68.9112 -0.0594466 0.997332 0.0423714 -32.2196 -0.359575 -0.0609911 0.931121 320.538 
0.937596 0.0414824 0.345243 70.0644 -0.059955 0.997275 0.0429964 -32.1471 -0.342519 -0.0610123 0.937528 323.661 
0.941197 0.0383977 0.335669 70.8184 -0.0558012 0.997543 0.0423529 -32.1014 -0.333218 -0.0585931 0.941027 325.743 
0.944827 0.0369859 0.325474 71.5445 -0.0526263 0.997838 0.039379 -32.0606 -0.323313 -0.0543348 0.944731 327.823 
0.948548 0.039578 0.31415 72.2398 -0.0539337 0.997854 0.0371338 -32.0242 -0.312006 -0.0521664 0.948647 329.914 
0.954874 0.0408187 0.294193 73.2254 -0.0568003 0.997326 0.0459817 -31.9682 -0.29153 -0.060617 0.954639 333.066 
0.959298 0.036565 0.280017 74.1539 -0.0494025 0.99802 0.0389227 -31.9105 -0.27804 -0.051172 0.959206 336.19 
0.959897 0.036673 0.277946 74.7513 -0.0499238 0.997922 0.040745 -31.8743 -0.275874 -0.0529871 0.959732 338.257 
0.955177 0.0449287 0.292607 75.3394 -0.0599294 0.997297 0.0425005 -31.845 -0.289906 -0.0581312 0.955288 340.28 
0.947698 0.0480819 0.315526 75.962 -0.0646559 0.997012 0.042266 -31.8169 -0.312551 -0.060456 0.947975 342.229 
0.942047 0.04302 0.332712 76.6143 -0.060776 0.997219 0.0431409 -31.7889 -0.32993 -0.0608616 0.942041 344.109 
0.939069 0.0409643 0.341279 77.2641 -0.0579841 0.997523 0.0398156 -31.7614 -0.338803 -0.0571784 0.939118 345.919 
0.940185 0.0379668 0.338542 77.9057 -0.0535242 0.997891 0.036734 -31.7352 -0.336433 -0.052657 0.940234 347.705 
0.945726 0.0327766 0.323308 78.5169 -0.0469942 0.998237 0.0362649 -31.7069 -0.32155 -0.0494902 0.945599 349.49 
0.954039 0.0282855 0.298344 79.0765 -0.0409278 0.998506 0.0362116 -31.6729 -0.296874 -0.0467579 0.953771 351.282 
0.964625 0.0216156 0.262737 79.5717 -0.0326206 0.99876 0.0375962 -31.6409 -0.261599 -0.0448369 0.964135 353.078 
0.975557 0.0187498 0.218947 79.9816 -0.0273287 0.99897 0.0362198 -31.6084 -0.218042 -0.0413179 0.975064 354.876 
0.985553 0.0190285 0.168297 80.2892 -0.0251812 0.999087 0.0345 -31.5773 -0.167487 -0.0382395 0.985132 356.68 
0.993433 0.022638 0.112153 80.4873 -0.0262634 0.999176 0.0309544 -31.5418 -0.11136 -0.0336967 0.993209 358.514 
0.998429 0.0224357 0.0513339 80.5779 -0.0241229 0.999181 0.0324869 -31.5089 -0.0505629 -0.0336742 0.998153 360.347 
0.999653 0.024178 -0.010437 80.554 -0.023848 0.999245 0.0306638 -31.4812 0.0111705 -0.0304043 0.999475 362.182 
0.997447 0.0278688 -0.0657493 80.4224 -0.0261127 0.999283 0.0274182 -31.4585 0.0664663 -0.0256313 0.997459 364.022 
0.993888 0.0356711 -0.104475 80.2083 -0.0326203 0.998994 0.0307662 -31.43 0.105468 -0.0271701 0.994051 365.886 
0.991494 0.0466837 -0.121488 79.9483 -0.0424367 0.998402 0.0373153 -31.3969 0.123036 -0.0318423 0.991891 367.765 
0.990911 0.0527084 -0.12376 79.5529 -0.0501812 0.998465 0.0234515 -31.3423 0.124806 -0.017028 0.992035 370.624 
0.992085 0.0500654 -0.115154 79.1899 -0.0477996 0.998607 0.0223567 -31.3167 0.116113 -0.0166755 0.993096 373.576 
0.993052 0.0434954 -0.109339 78.8477 -0.0426985 0.999042 0.00962092 -31.3038 0.109653 -0.00488547 0.993958 376.617 
0.993207 0.0460982 -0.10684 78.6094 -0.0449313 0.998901 0.0133051 -31.3039 0.107336 -0.00841431 0.994187 378.714 
0.99292 0.0523491 -0.106627 78.2369 -0.0510949 0.998589 0.014462 -31.2977 0.107234 -0.00891147 0.994194 381.936 
0.992644 0.0539043 -0.108405 77.9805 -0.0528826 0.998525 0.0122808 -31.2953 0.108907 -0.00645769 0.994031 384.12 
0.992315 0.0499864 -0.113195 77.7243 -0.0495175 0.998749 0.00695231 -31.3122 0.113401 -0.00129375 0.993548 386.332 
0.990302 0.0368595 -0.133956 77.3037 -0.0359418 0.999311 0.00926316 -31.3483 0.134205 -0.00435869 0.990944 389.673 
0.987636 0.030648 -0.153738 76.971 -0.0300032 0.999529 0.00651363 -31.3771 0.153865 -0.00182047 0.98809 391.893 
0.984602 0.0280526 -0.172547 76.5888 -0.027478 0.999606 0.00571808 -31.4087 0.17264 -0.000888764 0.984985 394.104 
0.981216 0.0265329 -0.191077 76.1643 -0.0256588 0.999646 0.00704765 -31.4401 0.191196 -0.00201246 0.98155 396.308 
0.977632 0.0275159 -0.208515 75.6981 -0.0273237 0.999619 0.00380297 -31.4738 0.20854 0.00197949 0.978012 398.486 
0.974138 0.0271448 -0.224319 75.2019 -0.0272609 0.999625 0.0025798 -31.515 0.224305 0.00360208 0.974512 400.641 
0.97113 0.0256412 -0.23717 74.6878 -0.0261003 0.999659 0.00120443 -31.5655 0.23712 0.00502053 0.971468 402.778 
0.96847 0.018869 -0.248416 74.1568 -0.0205275 0.999781 -0.00408743 -31.6178 0.248285 0.0090579 0.968645 404.901 
0.965526 0.00876119 -0.260161 73.5954 -0.0119268 0.999873 -0.0105919 -31.6694 0.260035 0.0133297 0.965507 407.019 
0.962899 0.00613165 -0.269791 73.0016 -0.00853517 0.999934 -0.00773658 -31.7244 0.269726 0.00975226 0.962888 409.14 
0.960369 0.00814162 -0.278613 72.077 -0.0098749 0.99994 -0.0048182 -31.8039 0.278557 0.00737853 0.960391 412.325 
0.959611 0.00507931 -0.281286 71.4523 -0.00485955 0.999987 0.00147885 -31.8418 0.28129 -5.21939e-05 0.959623 414.455 
0.959022 -0.00510013 -0.283284 70.8311 0.00582576 0.999981 0.00171911 -31.8719 0.28327 -0.00329901 0.959035 416.589 
0.958384 -0.0115053 -0.285252 70.1995 0.0123743 0.999923 0.00124416 -31.9002 0.285215 -0.00472217 0.958452 418.733 
0.957619 -0.0143205 -0.287683 69.5554 0.0155612 0.999877 0.00202619 -31.9304 0.287618 -0.00641699 0.957724 420.879 
0.956934 -0.0103718 -0.290122 68.8972 0.0127763 0.999898 0.00639487 -31.9587 0.290026 -0.00982613 0.956968 423.028 
0.9566 -0.00533712 -0.291356 68.2361 0.0089361 0.999899 0.0110233 -31.9793 0.291268 -0.0131484 0.956551 425.167 
0.957611 -0.00104011 -0.288063 67.2608 0.00584966 0.999857 0.0158359 -31.9934 0.288006 -0.0168497 0.95748 428.364 
0.95809 -0.00107637 -0.286464 66.9449 0.00650288 0.999817 0.0179924 -31.9984 0.286392 -0.0191012 0.957922 429.428 
0.958979 0.00269273 -0.283463 66.3132 0.00393023 0.999733 0.0227932 -32.0034 0.283448 -0.0229723 0.958712 431.553 
0.960261 0.0051698 -0.279056 65.3917 0.00160655 0.99971 0.0240489 -32.0079 0.279099 -0.0235416 0.959974 434.718 
0.961188 0.00188303 -0.275888 64.5017 0.00720436 0.999464 0.0319215 -32.0015 0.2758 -0.0326702 0.96066 437.857 
0.962059 -0.00428424 -0.272808 63.6349 0.0139431 0.999342 0.0334765 -31.9743 0.272485 -0.0360102 0.961486 440.951 
0.962095 -0.0107514 -0.272501 63.0684 0.0209441 0.999184 0.0345231 -31.9518 0.271907 -0.0389218 0.961536 442.995 
0.961939 -0.0134534 -0.272931 62.235 0.0243094 0.99904 0.0364327 -31.9228 0.272179 -0.0416809 0.961343 446.017 
0.961573 -0.0133531 -0.274224 61.4055 0.0249738 0.99893 0.0389293 -31.887 0.273411 -0.0442818 0.960878 448.987 
0.961222 -0.0143817 -0.275401 60.5885 0.0266867 0.998803 0.0409851 -31.8394 0.274482 -0.0467453 0.960455 451.906 
0.96075 -0.0148161 -0.277021 59.7736 0.0275126 0.998739 0.0420016 -31.7727 0.27605 -0.0479746 0.959945 454.771 
0.9609 -0.00955592 -0.276731 58.9594 0.023352 0.998641 0.046601 -31.6879 0.27591 -0.0512411 0.959817 457.599 
0.960765 -0.00655818 -0.277285 58.1387 0.0226788 0.99823 0.0549701 -31.5928 0.276434 -0.0591018 0.959214 460.379 
0.959803 -0.00596861 -0.28061 57.5952 0.0244655 0.997748 0.06246 -31.5162 0.279605 -0.0668146 0.957787 462.219 
0.958704 -0.00830628 -0.284283 57.0547 0.0282909 0.997401 0.0662648 -31.4303 0.282994 -0.071571 0.956448 464.035 
0.957625 -0.00937175 -0.287866 56.5131 0.0303643 0.997186 0.0685466 -31.3505 0.286413 -0.0743828 0.955214 465.838 
0.957107 -0.0115958 -0.289504 55.9752 0.0331265 0.997026 0.0695817 -31.2685 0.287836 -0.0761874 0.954644 467.616 
0.957609 -0.0113001 -0.287849 55.4431 0.0328739 0.996989 0.0702253 -31.1895 0.286189 -0.0767111 0.955098 469.359 
0.958089 -0.0170345 -0.285963 54.6862 0.0392712 0.996616 0.0722067 -31.0678 0.283765 -0.0804106 0.955516 471.908 
0.958344 -0.0193575 -0.284959 54.1961 0.0406058 0.9968 0.0688477 -30.9899 0.282715 -0.0775508 0.956064 473.54 
0.958851 -0.019138 -0.283266 53.7209 0.0395257 0.997008 0.066434 -30.9141 0.281147 -0.0748965 0.956738 475.119 
0.959563 -0.0225366 -0.28059 53.0299 0.0421084 0.997066 0.0639195 -30.8057 0.278326 -0.07315 0.957697 477.435 
0.962391 -0.024588 -0.270553 52.3682 0.0428478 0.997169 0.0617917 -30.7038 0.268268 -0.0710604 0.96072 479.727 
0.970004 -0.0182275 -0.242405 51.7612 0.0352847 0.997182 0.0662123 -30.6042 0.240515 -0.0727794 0.967913 482.029 
0.97703 -0.0144838 -0.21261 51.4126 0.0318145 0.99642 0.0783212 -30.5256 0.210714 -0.0832862 0.973993 483.574 
0.984822 -0.0120341 -0.173151 51.1298 0.0265588 0.996294 0.0818142 -30.4358 0.171524 -0.0851711 0.981491 485.131 
0.992042 -0.0104665 -0.12547 50.9237 0.0215212 0.995969 0.0870777 -30.3384 0.124053 -0.089085 0.988268 486.686 
0.997303 -0.0136526 -0.0721195 50.8129 0.0198857 0.996059 0.0864295 -30.2384 0.0706553 -0.0876305 0.993644 488.249 
0.999686 -0.0167616 -0.018622 50.7827 0.0182629 0.996331 0.0836114 -30.1407 0.0171522 -0.0839252 0.996324 489.815 
0.999182 -0.0207728 0.0346983 50.8376 0.0177411 0.99618 0.0855049 -30.0446 -0.036342 -0.0848194 0.995733 491.404 
0.995934 -0.0276267 0.0857433 50.9787 0.0199959 0.995865 0.0886124 -29.9415 -0.0878368 -0.0865376 0.992369 492.985 
0.990152 -0.0323901 0.136197 51.2003 0.0202714 0.995786 0.0894432 -29.8357 -0.13852 -0.0858015 0.986636 494.567 
0.98198 -0.0359764 0.185528 51.5074 0.0197724 0.995883 0.0884622 -29.7301 -0.187947 -0.0831998 0.978649 496.154 
0.97249 -0.0400262 0.229479 51.889 0.0207988 0.996112 0.0856025 -29.622 -0.232013 -0.0784747 0.969542 497.738 
0.962521 -0.0425283 0.267853 52.3348 0.0203428 0.996168 0.0850654 -29.5123 -0.270444 -0.0764283 0.959697 499.34 
0.951977 -0.0422929 0.303234 52.8371 0.0175241 0.996316 0.0839436 -29.4036 -0.305667 -0.0745985 0.949212 500.93 
0.939981 -0.0443708 0.33833 53.4072 0.0170243 0.996373 0.0833722 -29.296 -0.340802 -0.0726084 0.937327 502.515 
0.926323 -0.0487357 0.373564 54.0487 0.0178656 0.996164 0.0856598 -29.187 -0.376306 -0.0726747 0.923641 504.096 
0.912111 -0.0496318 0.406927 54.7547 0.0152997 0.996074 0.0871947 -29.0832 -0.409657 -0.0733054 0.90929 505.671 
0.896999 -0.0502037 0.439173 55.5186 0.0158733 0.996547 0.0814989 -28.9745 -0.441748 -0.0661333 0.894698 507.215 
0.869817 -0.0417376 0.491606 56.765 0.00372672 0.996943 0.0780472 -28.8194 -0.49336 -0.0660547 0.867313 509.509 
0.833634 -0.0469222 0.550321 58.192 9.12955e-05 0.996396 0.0848179 -28.6705 -0.552318 -0.0706568 0.830634 511.73 
0.7858 -0.0515462 0.616329 59.789 -0.00143537 0.996366 0.0851604 -28.5172 -0.618479 -0.0678037 0.782871 513.824 
0.733624 -0.0600899 0.676894 61.5404 0.00140659 0.996215 0.0869125 -28.3636 -0.679554 -0.062809 0.730932 515.753 
0.699885 -0.0626816 0.7115 62.7741 0.00156302 0.996274 0.086232 -28.2659 -0.714254 -0.0592403 0.697375 516.948 
0.670288 -0.0670743 0.739063 64.0636 0.00386688 0.996209 0.0869048 -28.1632 -0.742091 -0.0553934 0.668006 518.099 
0.641254 -0.0701501 0.764115 65.3979 0.00110322 0.995896 0.090503 -28.059 -0.767328 -0.0571924 0.638699 519.217 
0.595721 -0.0723168 0.799929 67.4967 -0.000368414 0.995914 0.090309 -27.8838 -0.803192 -0.0540936 0.59326 520.815 
0.542583 -0.0795709 0.836225 69.7206 -0.00700653 0.99504 0.0992292 -27.6985 -0.839973 -0.0596991 0.539335 522.307 
0.480226 -0.0829038 0.873218 72.0677 -0.00531621 0.99523 0.0974113 -27.4962 -0.877129 -0.0514217 0.477495 523.642 
0.411913 -0.0896396 0.906804 74.5493 -0.00030128 0.995136 0.0985084 -27.2949 -0.911223 -0.04085 0.409882 524.809 
0.339919 -0.0883776 0.936293 77.1539 -0.0046577 0.995404 0.0956482 -27.0905 -0.940443 -0.0368736 0.337946 525.815 
0.2639 -0.0871038 0.960609 79.882 -0.0133469 0.995489 0.0939333 -26.8951 -0.964458 -0.0376101 0.261546 526.633 
0.184423 -0.0893801 0.978774 82.7154 -0.0123426 0.995567 0.0932393 -26.6943 -0.982769 -0.0292761 0.182502 527.212 
0.132089 -0.0921512 0.986945 84.662 -0.0115584 0.995458 0.094493 -26.5521 -0.99117 -0.0238891 0.130424 527.496 
0.0815332 -0.0899164 0.992606 86.6344 -0.0115447 0.99577 0.0911513 -26.4093 -0.996604 -0.0188912 0.0801502 527.669 
0.0313321 -0.0926842 0.995202 88.6443 -0.0134752 0.995562 0.0931419 -26.2693 -0.999418 -0.0163288 0.0299441 527.749 
-0.0172363 -0.0971677 0.995119 90.686 -0.0157703 0.995169 0.0968995 -26.1243 -0.999727 -0.0140231 -0.0186854 527.745 
-0.0667737 -0.0952386 0.993212 92.7424 -0.0209662 0.995348 0.0940339 -25.9789 -0.997548 -0.0145448 -0.0684599 527.632 
-0.116931 -0.0929672 0.988779 94.8118 -0.0232653 0.995592 0.0908564 -25.8355 -0.992868 -0.0123804 -0.118578 527.412 
-0.164627 -0.0949003 0.98178 96.8923 -0.022649 0.995462 0.092425 -25.6915 -0.986096 -0.00702067 -0.166029 527.084 
-0.207728 -0.0902972 0.97401 98.9759 -0.019421 0.995915 0.088186 -25.5494 -0.977994 -0.000597577 -0.208633 526.669 
-0.24807 -0.0896357 0.964586 101.063 -0.0223753 0.995975 0.0867981 -25.4125 -0.968484 -5.09108e-05 -0.249077 526.158 
-0.309121 -0.0831082 0.947384 104.195 -0.0299898 0.996531 0.0776342 -25.2245 -0.95055 -0.00441353 -0.310541 525.225 
-0.367657 -0.0864269 0.925937 107.306 -0.0365716 0.996246 0.0784682 -25.0472 -0.929242 -0.00501366 -0.369437 524.079 
-0.410357 -0.0870865 0.907757 110.385 -0.0350061 0.9962 0.0797467 -24.855 -0.911253 0.000947573 -0.411847 522.744 
-0.430787 -0.0798693 0.898912 113.46 -0.0211811 0.996696 0.0784069 -24.6615 -0.902205 0.0147367 -0.431056 521.282 
-0.437589 -0.0809387 0.895525 116.567 -0.0131784 0.996411 0.0836175 -24.4551 -0.899078 0.0247886 -0.437085 519.769 
-0.440884 -0.0903899 0.893001 119.739 -0.0169685 0.995578 0.0923952 -24.226 -0.897404 0.0255827 -0.440468 518.237 
-0.44386 -0.0856858 0.89199 122.982 -0.0139579 0.995958 0.0887276 -23.9808 -0.895988 0.0269323 -0.443262 516.641 
-0.445947 -0.0836997 0.891137 125.078 -0.0118467 0.996083 0.0876283 -23.8307 -0.894981 0.0285205 -0.445192 515.601 
-0.448051 -0.0879835 0.889668 127.26 -0.012906 0.995678 0.0919676 -23.6728 -0.893915 0.0297241 -0.44725 514.516 
-0.450409 -0.0917926 0.888091 129.459 -0.0140146 0.995305 0.0957664 -23.5003 -0.892712 0.0306879 -0.449581 513.419 
-0.452194 -0.092258 0.887135 131.674 -0.0137644 0.995239 0.0964843 -23.321 -0.891814 0.0314187 -0.451311 512.304 
-0.453639 -0.0859985 0.887027 133.9 -0.00835828 0.9957 0.09226 -23.1418 -0.891146 0.0344387 -0.452407 511.172 
-0.452968 -0.0901139 0.886961 136.165 -0.00957589 0.995313 0.0962319 -22.9628 -0.891476 0.0350965 -0.451707 510.03 
-0.452964 -0.0878117 0.887194 138.449 -0.0124565 0.995664 0.092188 -22.7822 -0.891442 0.0307066 -0.452094 508.889 
-0.452354 -0.0806272 0.888186 140.757 -0.0108998 0.99633 0.084893 -22.6106 -0.891772 0.0287207 -0.451573 507.73 
-0.452994 -0.0859236 0.887363 143.11 -0.0101675 0.995778 0.091231 -22.4397 -0.891455 0.0323049 -0.451955 506.549 
-0.453415 -0.0856968 0.88717 145.478 -0.0111271 0.995834 0.0905063 -22.2564 -0.89123 0.0311652 -0.452479 505.36 
-0.454241 -0.0879536 0.886527 149.083 -0.0132343 0.995671 0.0920009 -21.9825 -0.890781 0.030058 -0.453438 503.55 
-0.455406 -0.0850305 0.886214 152.738 -0.0112176 0.995897 0.08979 -21.7056 -0.890213 0.0309497 -0.454491 501.704 
-0.455962 -0.0878414 0.885654 155.205 -0.0115797 0.995619 0.0927864 -21.5136 -0.889924 0.0320515 -0.454982 500.459 
-0.456369 -0.0882759 0.885401 157.696 -0.0187912 0.995801 0.0895973 -21.3178 -0.889592 0.0242516 -0.456111 499.214 
-0.456845 -0.0930563 0.884666 160.202 -0.0275439 0.995516 0.0904927 -21.125 -0.88912 0.016974 -0.45736 497.968 
-0.456856 -0.090562 0.884919 162.709 -0.0244307 0.995706 0.0892871 -20.9296 -0.889205 0.0191721 -0.457107 496.697 
-0.456455 -0.0882878 0.885355 166.472 -0.0139261 0.995652 0.0921068 -20.6443 -0.889637 0.029713 -0.4557 494.777 
-0.456158 -0.0902495 0.885311 168.985 -0.015341 0.995494 0.0935773 -20.4539 -0.889767 0.0291045 -0.455487 493.501 
-0.456188 -0.0881752 0.885504 171.492 -0.0148885 0.995696 0.0914775 -20.2645 -0.889759 0.0285471 -0.455537 492.227 
-0.455266 -0.0837958 0.886403 174.002 -0.00890762 0.99594 0.0895758 -20.0751 -0.890311 0.0328851 -0.454165 490.949 
-0.453065 -0.08778 0.887145 176.518 -0.0123604 0.995663 0.092205 -19.8903 -0.891392 0.0308094 -0.452185 489.689 
-0.449989 -0.0957207 0.887889 179.042 -0.0197819 0.995063 0.0972492 -19.6886 -0.892815 0.026197 -0.449662 488.441 
-0.444164 -0.0891414 0.8915 182.791 -0.0187305 0.995745 0.0902329 -19.4004 -0.89575 0.02338 -0.443944 486.582 
-0.44181 -0.0931826 0.892256 186.535 -0.0212783 0.995399 0.0934182 -19.1283 -0.896856 0.0222874 -0.44176 484.746 
-0.442091 -0.0920909 0.89223 189.023 -0.0221016 0.995532 0.0918019 -18.9351 -0.896698 0.0208651 -0.442151 483.529 
-0.443498 -0.0900646 0.891739 190.26 -0.0211989 0.995714 0.090023 -18.8396 -0.896025 0.0210212 -0.443507 482.92 
-0.447044 -0.0857247 0.890395 192.73 -0.0173639 0.996041 0.0871781 -18.659 -0.894343 0.0235117 -0.446763 481.695 
-0.452424 -0.0869494 0.887554 195.18 -0.0149274 0.995835 0.089948 -18.4817 -0.891678 0.0274458 -0.451837 480.47 
-0.458575 -0.0900409 0.884082 197.613 -0.0157679 0.995521 0.0932118 -18.2966 -0.888516 0.0288046 -0.457941 479.239 
-0.46692 -0.0822254 0.880468 201.204 -0.0108134 0.996124 0.0872919 -18.0212 -0.884234 0.0312374 -0.465999 477.375 
-0.472443 -0.0849965 0.877253 203.575 -0.0141109 0.995941 0.0888967 -17.8484 -0.881248 0.0296197 -0.471724 476.127 
-0.47758 -0.0902373 0.873942 205.912 -0.0198722 0.995567 0.091936 -17.6739 -0.878363 0.0265396 -0.477256 474.88 
-0.483512 -0.0946212 0.870209 209.297 -0.0222605 0.995148 0.0958378 -17.4198 -0.875055 0.0269674 -0.483272 473.041 
-0.486687 -0.0956476 0.868325 211.46 -0.0260823 0.995136 0.0949973 -17.2566 -0.873187 0.0235861 -0.486814 471.853 
-0.487778 -0.0990082 0.867335 214.577 -0.0336724 0.994942 0.0946379 -17.0231 -0.872318 0.016957 -0.488644 470.138 
-0.483425 -0.0996881 0.869691 216.564 -0.0357062 0.994913 0.0941941 -16.8765 -0.874657 0.0144824 -0.484525 469.05 
-0.471996 -0.100188 0.87589 218.489 -0.0363675 0.994889 0.0942017 -16.7327 -0.88085 0.0126089 -0.473227 468.019 
-0.451055 -0.100099 0.886865 220.383 -0.0348613 0.994908 0.0945632 -16.5918 -0.891815 0.0117359 -0.452248 467.052 
-0.437193 -0.0991111 0.89389 221.328 -0.0336067 0.995016 0.0938868 -16.5219 -0.89874 0.011006 -0.438345 466.599 
-0.40538 -0.0981926 0.90886 223.214 -0.0367413 0.995161 0.0911287 -16.3822 -0.91341 0.00354901 -0.407026 465.752 
-0.371695 -0.0945682 0.923526 225.095 -0.038608 0.995512 0.0864009 -16.2514 -0.927552 -0.00354068 -0.373678 464.99 
-0.334251 -0.093748 0.93781 226.992 -0.0401903 0.995553 0.0851959 -16.1217 -0.941627 -0.00921405 -0.336533 464.316 
-0.29509 -0.0966913 0.950564 228.916 -0.0400393 0.995244 0.0888065 -15.9869 -0.95463 -0.011854 -0.297558 463.705 
-0.254902 -0.104068 0.96135 230.862 -0.0431672 0.994425 0.0962032 -15.8452 -0.966003 -0.0169764 -0.257974 463.173 
-0.214559 -0.107277 0.970802 232.821 -0.0499526 0.993854 0.098784 -15.6895 -0.975433 -0.027299 -0.218599 462.731 
-0.173436 -0.107215 0.978992 234.791 -0.0545232 0.993577 0.0991533 -15.5312 -0.983335 -0.0361809 -0.178168 462.397 
-0.128173 -0.105579 0.986116 236.782 -0.0510091 0.993703 0.0997609 -15.3737 -0.990439 -0.0375143 -0.132751 462.127 
-0.0772203 -0.0953802 0.992441 238.782 -0.040043 0.994907 0.0925015 -15.221 -0.99621 -0.0325973 -0.0806464 461.946 
-0.0222451 -0.0919873 0.995512 240.817 -0.0327663 0.99529 0.0912347 -15.0797 -0.999216 -0.0305897 -0.0251544 461.882 
0.0351372 -0.0916835 0.995168 242.887 -0.0308906 0.995208 0.0927779 -14.9378 -0.998905 -0.0340013 0.0321366 461.959 
0.125157 -0.093933 0.98768 246.015 -0.0360416 0.99442 0.0991411 -14.7172 -0.991482 -0.0480058 0.121073 462.301 
0.211805 -0.0842779 0.973671 249.116 -0.0451468 0.994367 0.0958901 -14.4728 -0.976269 -0.0642681 0.206807 462.905 
0.295103 -0.0773656 0.952328 252.218 -0.0481942 0.994242 0.0957049 -14.2421 -0.954249 -0.0741394 0.289675 463.815 
0.349548 -0.080091 0.933489 254.278 -0.0450013 0.993754 0.102113 -14.0799 -0.935837 -0.0777015 0.343761 464.58 
0.402581 -0.0724454 0.912513 256.291 -0.0412801 0.994412 0.0971594 -13.9136 -0.914453 -0.0767831 0.397341 465.444 
0.451226 -0.070624 0.889611 258.284 -0.0434354 0.993944 0.100938 -13.7505 -0.891352 -0.0841864 0.445426 466.431 
0.496254 -0.0774496 0.864716 260.242 -0.0392348 0.992995 0.111456 -13.5676 -0.867291 -0.0892372 0.489739 467.523 
0.556893 -0.0756269 0.827134 263.107 -0.0363474 0.992673 0.115235 -13.2625 -0.829789 -0.0942374 0.550064 469.351 
0.602618 -0.067123 0.795202 265.866 -0.042457 0.992348 0.115939 -12.9364 -0.796899 -0.103629 0.595158 471.381 
0.635708 -0.0612292 0.769497 268.559 -0.0470305 0.991925 0.117781 -12.5955 -0.770496 -0.111064 0.627695 473.556 
0.662306 -0.055064 0.747208 271.204 -0.0428356 0.992881 0.111137 -12.2644 -0.748008 -0.105614 0.655232 475.84 
0.672888 -0.0550855 0.737691 272.957 -0.0421877 0.992743 0.112613 -12.0664 -0.738541 -0.106897 0.665681 477.416 
0.678866 -0.0568303 0.732059 274.679 -0.0425123 0.992286 0.116455 -11.8647 -0.73303 -0.110179 0.671213 479 
0.683193 -0.0579032 0.727939 276.385 -0.0421938 0.992056 0.118512 -11.6556 -0.729018 -0.111681 0.675322 480.591 
0.687089 -0.0545471 0.724523 278.074 -0.0438596 0.992246 0.116297 -11.4421 -0.725248 -0.111684 0.679369 482.184 
0.689275 -0.0538172 0.722499 279.748 -0.0396231 0.992945 0.111763 -11.2369 -0.723416 -0.105663 0.682279 483.771 
0.688847 -0.0554917 0.722779 281.391 -0.0378981 0.992945 0.112353 -11.0423 -0.723915 -0.104786 0.681885 485.347 
0.683938 -0.0569196 0.727316 283.007 -0.0407318 0.992417 0.115969 -10.8506 -0.728402 -0.10894 0.676434 486.882 
0.674578 -0.0572631 0.73598 284.6 -0.0450702 0.991932 0.118487 -10.6566 -0.736827 -0.1131 0.666554 488.362 
0.661794 -0.0532373 0.747793 286.166 -0.0490533 0.992263 0.114054 -10.4756 -0.748079 -0.112162 0.654062 489.76 
0.64317 -0.0518463 0.763966 287.71 -0.0496342 0.992784 0.109161 -10.3041 -0.764113 -0.108128 0.635956 491.075 
0.621865 -0.0532379 0.781313 289.24 -0.0460991 0.993468 0.104385 -10.1526 -0.781767 -0.100931 0.615348 492.294 
0.586175 -0.0557678 0.808262 291.497 -0.0373215 0.99471 0.0956989 -9.95721 -0.809324 -0.0862619 0.580994 493.948 
0.559273 -0.0452 0.82775 292.944 -0.0297096 0.996778 0.0745033 -9.85627 -0.828451 -0.0662597 0.556128 494.909 
0.487937 -0.0226563 0.872585 295.756 -0.042515 0.99786 0.0496828 -9.72877 -0.871843 -0.0613399 0.485929 496.606 
0.373046 -0.035487 0.927134 298.556 -0.0373907 0.997881 0.0532397 -9.64832 -0.927059 -0.054527 0.370928 497.84 
0.257782 -0.0182909 0.96603 300.703 -0.0271091 0.99929 0.0261546 -9.61626 -0.965823 -0.0329304 0.257103 498.436 
0.135277 -0.0173476 0.990656 302.912 -0.0235875 0.999507 0.0207235 -9.61651 -0.990527 -0.0261705 0.134801 498.776 
0.00556652 -0.0297275 0.999543 305.095 -0.0201538 0.999352 0.0298341 -9.59967 -0.999781 -0.0203106 0.00496379 498.8 
-0.122223 -0.0247997 0.992193 307.25 -0.0159841 0.999607 0.0230161 -9.56395 -0.992374 -0.0130462 -0.122572 498.551 
-0.245508 -0.0221233 0.969142 310.083 -0.00378766 0.999754 0.0218626 -9.53397 -0.969387 0.00169667 -0.245532 497.866 
-0.30233 -0.0214468 0.952962 312.168 0.00269043 0.999724 0.0233528 -9.49048 -0.953199 0.00962412 -0.302189 497.17 
-0.354384 -0.0208757 0.934867 314.243 0.00960199 0.999617 0.0259614 -9.43471 -0.935051 0.0181769 -0.354047 496.345 
-0.417568 -0.0217128 0.908386 316.287 0.00609262 0.999625 0.0266943 -9.38986 -0.908625 0.0166811 -0.417279 495.404 
-0.498565 -0.0151185 0.866721 318.242 0.00563942 0.99977 0.0206833 -9.36405 -0.866834 0.0151998 -0.498365 494.294 
-0.596102 -0.0184164 0.802697 320.068 0.00894212 0.999523 0.0295728 -9.33721 -0.802859 0.0248062 -0.595653 492.959 
-0.661369 -0.0126535 0.749954 321.17 0.0127258 0.999525 0.028087 -9.31891 -0.749953 0.0281196 -0.660894 491.942 
-0.778943 -0.00500714 0.627075 323.028 0.0205962 0.999224 0.0335629 -9.25277 -0.626757 0.0390589 -0.778236 489.68 
-0.903416 0.0158462 0.428473 325.381 0.0317752 0.999043 0.030049 -9.20397 -0.427587 0.0407616 -0.903055 485.451 
-0.956321 0.0256682 0.291191 326.541 0.0389101 0.998451 0.0397746 -9.16363 -0.289719 0.0493676 -0.955838 482.161 
-0.9907 0.0402781 0.129966 327.136 0.046591 0.997859 0.0459029 -9.1094 -0.127839 0.0515313 -0.990455 478.684 
-0.999136 0.0412911 -0.00469264 327.208 0.0410377 0.998136 0.0451645 -9.04131 0.00654879 0.0449329 -0.998969 475.816 
-0.991236 0.0500667 -0.122249 326.887 0.044865 0.997982 0.0449398 -8.95512 0.124252 0.0390612 -0.991482 472.829 
-0.98135 0.0516028 -0.185172 326.456 0.0446401 0.998138 0.0415785 -8.8779 0.186973 0.032537 -0.981826 470.545 
-0.971826 0.0482837 -0.230699 325.911 0.0401793 0.998403 0.0397025 -8.82954 0.232248 0.0293146 -0.972215 468.195 
-0.963738 0.0499003 -0.262145 325.253 0.0397843 0.99825 0.0437596 -8.78419 0.263869 0.0317435 -0.964036 465.771 
-0.96069 0.0523416 -0.272646 324.526 0.0434546 0.998312 0.0385368 -8.7195 0.274203 0.0251742 -0.961342 463.283 
-0.959029 0.0570826 -0.277497 323.76 0.0471546 0.99799 0.042326 -8.64269 0.279355 0.0275066 -0.959794 460.699 
-0.957566 0.0604806 -0.281798 322.973 0.0501802 0.997787 0.0436339 -8.55289 0.283813 0.0276416 -0.958481 458.042 
-0.955733 0.05888 -0.288285 321.867 0.0488312 0.997926 0.0419317 -8.42072 0.290156 0.0259982 -0.956626 454.376 
-0.954081 0.0607101 -0.293333 320.998 0.0505577 0.997834 0.0420768 -8.34198 0.295252 0.0253144 -0.955084 451.547 
-0.953027 0.0622295 -0.296424 320.401 0.0515288 0.997711 0.0437843 -8.29681 0.29847 0.0264533 -0.954052 449.633 
-0.952093 0.0610356 -0.299655 319.803 0.0495081 0.997718 0.0459192 -8.2571 0.301774 0.028884 -0.952942 447.709 
-0.951233 0.0571196 -0.30314 319.195 0.0448056 0.997869 0.0474279 -8.1992 0.305203 0.0315326 -0.951765 445.777 
-0.949934 0.0610807 -0.306422 318.246 0.048959 0.99769 0.047098 -8.11639 0.308591 0.0297379 -0.95073 442.87 
-0.953269 0.0513665 -0.297723 317.026 0.0403513 0.998259 0.0430313 -8.0298 0.299414 0.0290069 -0.953682 438.983 
-0.95783 0.0413472 -0.284346 316.159 0.0332713 0.998896 0.0331755 -7.97629 0.285404 0.0223159 -0.958147 436.053 
-0.96866 0.0233445 -0.24729 314.867 0.015406 0.999304 0.0339884 -7.9723 0.247912 0.0291134 -0.968345 431.133 
-0.984234 0.0230675 -0.175359 313.851 0.0182025 0.999405 0.0293013 -7.94766 0.175931 0.0256474 -0.984068 426.183 
-0.990608 0.0224142 -0.134882 313.411 0.0186028 0.999393 0.0294516 -7.9398 0.13546 0.0266658 -0.990424 423.19 
-0.993986 0.0238475 -0.106882 313.186 0.0205413 0.999279 0.0319282 -7.93433 0.107566 0.0295407 -0.993759 421.192 
-0.996624 0.0166222 -0.0803988 313.027 0.0138246 0.999284 0.0352293 -7.92339 0.0809268 0.0339988 -0.99614 419.186 
-0.99841 0.0116852 -0.0551403 312.918 0.00954461 0.999197 0.0389259 -7.90468 0.0555508 0.0383377 -0.99772 417.185 
-0.999545 0.0079571 -0.0290915 312.865 0.00684236 0.999246 0.0382195 -7.88221 0.0293736 0.0380031 -0.998846 415.18 
-0.999959 0.00846416 -0.00330604 312.854 0.00832231 0.999133 0.0407943 -7.83679 0.00364846 0.0407651 -0.999162 413.168 
-0.99974 0.00603881 0.022001 312.9 0.00703123 0.998948 0.0453129 -7.78816 -0.0217042 0.0454558 -0.998731 411.16 
-0.999371 0.00810722 0.0345197 312.938 0.00965693 0.998942 0.0449659 -7.77085 -0.0341186 0.0452709 -0.998392 410.161 
-0.998234 0.009877 0.0585714 313.048 0.0122262 0.999129 0.0398871 -7.72747 -0.0581264 0.0405328 -0.997486 408.161 
-0.996565 0.00858996 0.0823649 313.204 0.0117607 0.999205 0.0380886 -7.68043 -0.0819723 0.0389265 -0.995874 406.159 
-0.994663 0.00659042 0.102968 313.406 0.0103509 0.999297 0.0360289 -7.63629 -0.102658 0.0369024 -0.994032 404.159 
-0.992514 0.00525076 0.122019 313.646 0.00929059 0.999426 0.0325628 -7.60323 -0.121778 0.0334527 -0.991993 402.17 
-0.990164 0.00338812 0.139873 313.924 0.00806729 0.999426 0.0328995 -7.57829 -0.139681 0.0337043 -0.989623 400.189 
-0.987685 -0.00128099 0.156451 314.242 0.00474353 0.999262 0.0381279 -7.55641 -0.156385 0.0384005 -0.98695 398.228 
-0.983546 -0.00393285 0.180616 314.764 0.00289484 0.999291 0.0375232 -7.5198 -0.180635 0.0374287 -0.982838 395.313 
-0.980794 -0.00810217 0.194879 315.156 -0.000267057 0.999192 0.0401977 -7.49544 -0.195047 0.0393736 -0.980003 393.396 
-0.977971 -0.0103582 0.208481 315.564 -0.00116084 0.999022 0.04419 -7.46325 -0.208735 0.0429746 -0.977028 391.486 
-0.974937 -0.0114083 0.222189 315.997 -0.0017625 0.999049 0.0435627 -7.42304 -0.222475 0.0420793 -0.97403 389.589 
-0.971741 -0.0116059 0.235765 316.428 -0.00294924 0.999309 0.0370369 -7.36911 -0.236032 0.0352949 -0.971104 387.765 
-0.968386 -0.0102428 0.249248 316.876 -0.00211123 0.999457 0.0328699 -7.32578 -0.24945 0.0313045 -0.967882 385.97 
-0.964539 -0.00702946 0.263846 317.338 0.000278837 0.999618 0.0276515 -7.30298 -0.263939 0.0267445 -0.964168 384.243 
-0.960464 -0.00494988 0.278359 317.816 -0.00136377 0.999914 0.0130752 -7.31193 -0.2784 0.0121786 -0.960388 382.613 
-0.957065 -0.00419053 0.289844 318.278 -0.00636637 0.999958 -0.00656447 -7.31794 -0.289805 -0.00812788 -0.957051 381.083 
-0.954641 -0.00399076 0.297731 318.725 -0.00998938 0.999776 -0.0186289 -7.34964 -0.29759 -0.0207581 -0.954468 379.649 
-0.953382 -0.000194167 0.301767 319.15 -0.0108664 0.999373 -0.0336878 -7.40508 -0.301571 -0.0353964 -0.952786 378.297 
-0.954607 0.00810429 0.297757 319.716 -0.00115037 0.999522 -0.0308929 -7.46904 -0.297865 -0.0298331 -0.954142 376.291 
-0.968755 0.0153817 0.247543 320.335 0.00811306 0.999506 -0.0303566 -7.53513 -0.247888 -0.0273997 -0.968401 373.675 
-0.986764 0.021364 0.160751 320.633 0.020618 0.999768 -0.00630755 -7.58206 -0.160849 -0.00290968 -0.986975 371.738 
-0.999601 0.0282615 -2.62768e-05 320.639 0.0282585 0.999505 0.0138591 -7.60315 0.000417943 0.0138528 -0.999904 369.179 
-0.983358 0.028672 -0.179404 320.193 0.0243038 0.999353 0.0264992 -7.5636 0.180048 0.021698 -0.983419 366.666 
-0.917054 0.030655 -0.397583 318.978 0.0148239 0.998972 0.0428318 -7.43488 0.398487 0.0333853 -0.916566 363.613 
-0.858126 0.0434675 -0.511596 317.917 0.0223605 0.998628 0.0473415 -7.3397 0.512952 0.0291854 -0.857921 361.899 
-0.79863 0.0519889 -0.599573 316.653 0.0294816 0.998445 0.0473056 -7.24958 0.6011 0.0201033 -0.798921 360.26 
-0.750865 0.0603944 -0.657689 315.183 0.0429077 0.998167 0.0426735 -7.15471 0.659061 0.00382207 -0.75208 358.649 
-0.716913 0.0622955 -0.694373 313.573 0.0463215 0.998055 0.0417151 -7.08079 0.695622 -0.00225824 -0.718405 357.007 
-0.69035 0.06369 -0.720667 311.803 0.0498308 0.997938 0.0404598 -6.99547 0.721758 -0.00798 -0.6921 355.326 
-0.685572 0.0679133 -0.72483 310.55 0.0551319 0.997623 0.0413269 -6.94179 0.725914 -0.0116287 -0.687687 354.172 
-0.692058 0.0696569 -0.718473 309.268 0.0546325 0.997533 0.0440882 -6.8733 0.719772 -0.00874036 -0.694156 352.955 
-0.696264 0.0640893 -0.714919 307.954 0.0476652 0.997936 0.0430391 -6.79107 0.716202 -0.00411026 -0.697881 351.681 
-0.697993 0.0625634 -0.713367 306.605 0.0458962 0.998036 0.0426224 -6.71158 0.714633 -0.00299071 -0.699494 350.378 
-0.700122 0.0617735 -0.711346 305.221 0.04584 0.998084 0.0415572 -6.62728 0.71255 -0.00351292 -0.701613 349.037 
-0.702588 0.0596894 -0.709089 303.815 0.0438494 0.998214 0.0405798 -6.55662 0.710245 -0.00258224 -0.70395 347.661 
-0.705299 0.0575583 -0.706569 302.392 0.044845 0.998325 0.0365608 -6.5072 0.70749 -0.00589979 -0.706699 346.25 
-0.708538 0.0521255 -0.703745 300.947 0.0425466 0.998609 0.0311294 -6.45547 0.704389 -0.00788556 -0.70977 344.8 
-0.711827 0.0472898 -0.700761 299.493 0.040321 0.998837 0.0264473 -6.41586 0.701197 -0.00942953 -0.712905 343.322 
-0.71783 0.0514545 -0.694314 297.312 0.0407303 0.998661 0.0318993 -6.38814 0.695026 -0.00538133 -0.718965 341.064 
-0.729429 0.0538796 -0.681932 295.144 0.0385117 0.998547 0.0377014 -6.35539 0.682972 0.00123815 -0.730444 338.751 
-0.744734 0.053094 -0.665246 293.011 0.0402873 0.998589 0.0345974 -6.31346 0.666145 -0.00103517 -0.745822 336.384 
-0.770003 0.0560257 -0.635576 290.937 0.0480489 0.9984 0.029797 -6.26651 0.636229 -0.00759496 -0.771463 333.945 
-0.800198 0.0543935 -0.597264 288.992 0.0476495 0.998497 0.0270947 -6.25383 0.59784 -0.00677823 -0.801587 331.405 
-0.825494 0.0494635 -0.56224 287.171 0.0407792 0.998776 0.0279952 -6.24851 0.562936 0.000182194 -0.8265 328.759 
-0.840221 0.0489535 -0.54003 286.027 0.0391159 0.998794 0.0296807 -6.25457 0.540832 0.00381461 -0.841122 326.96 
-0.853889 0.0478512 -0.518251 284.911 0.0395917 0.998851 0.0269933 -6.25536 0.518947 0.00253088 -0.854803 325.123 
-0.866969 0.0457067 -0.496262 283.831 0.0395651 0.998955 0.0228856 -6.26339 0.496789 0.000206387 -0.867871 323.246 
-0.878544 0.0464624 -0.475395 282.783 0.0422848 0.998916 0.0194848 -6.26655 0.475785 -0.0029837 -0.879556 321.333 
-0.890065 0.0533764 -0.452698 281.254 0.0479344 0.998574 0.0234939 -6.2532 0.453306 -0.000788703 -0.891355 318.389 
-0.893975 0.0523476 -0.445049 280.262 0.0462873 0.998628 0.024483 -6.24511 0.44572 0.00128709 -0.895171 316.387 
-0.895412 0.0495951 -0.442468 279.274 0.0437021 0.998768 0.0235106 -6.23733 0.443089 0.00171495 -0.896476 314.371 
-0.898395 0.0492817 -0.436415 277.775 0.0444202 0.998785 0.0213443 -6.21907 0.436937 -0.000210017 -0.899492 311.309 
-0.902238 0.0592568 -0.427148 276.264 0.0542579 0.998241 0.0238773 -6.19253 0.427812 -0.00163316 -0.903866 308.193 
-0.903767 0.0587192 -0.423978 275.261 0.0568244 0.998237 0.0171228 -6.17259 0.424236 -0.00861729 -0.905511 306.088 
-0.904291 0.0610678 -0.422527 274.25 0.0555701 0.998133 0.0253293 -6.15532 0.423285 -0.000574812 -0.905997 303.95 
-0.903242 0.0748683 -0.422551 272.682 0.0695619 0.997185 0.027988 -6.07492 0.423457 -0.0041135 -0.905907 300.715 
-0.902159 0.0782843 -0.424241 271.62 0.0743245 0.996898 0.0259025 -6.03126 0.424953 -0.00816334 -0.905179 298.532 
-0.900808 0.0737034 -0.427916 270.558 0.0679644 0.997275 0.0286965 -5.99582 0.428865 -0.00323305 -0.903363 296.319 
-0.897539 0.0633489 -0.436361 269.481 0.0554738 0.997986 0.0307804 -5.95029 0.437432 0.00341995 -0.899245 294.085 
-0.892321 0.0536685 -0.4482 268.364 0.0444603 0.998529 0.0310501 -5.89128 0.449207 0.00777948 -0.893394 291.836 
-0.885418 0.0474764 -0.462365 267.209 0.0393481 0.998855 0.0272136 -5.84399 0.463128 0.0059022 -0.886272 289.597 
-0.877349 0.0550759 -0.476682 266 0.0443697 0.998447 0.0336969 -5.79889 0.477798 0.00841371 -0.87843 287.361 
-0.868271 0.0642723 -0.491908 264.728 0.0550828 0.997931 0.0331617 -5.73585 0.493022 0.00169768 -0.870015 285.132 
-0.860322 0.06562 -0.505509 263.426 0.0604277 0.997816 0.0266847 -5.69938 0.506156 -0.00758929 -0.862409 282.914 
-0.852222 0.0707503 -0.518375 262.085 0.0606685 0.997494 0.0364022 -5.6505 0.519651 -0.000426256 -0.854378 280.682 
-0.845417 0.0828771 -0.527637 260.702 0.0698262 0.996559 0.0446513 -5.58089 0.529522 0.000906097 -0.848296 278.472 
-0.84221 0.0839335 -0.532575 259.31 0.0769988 0.996407 0.0352678 -5.52496 0.533622 -0.0113048 -0.845647 276.282 
-0.840567 0.077465 -0.53614 257.922 0.0684538 0.996978 0.0367272 -5.48166 0.537365 -0.00582913 -0.84333 274.068 
-0.839471 0.0731307 -0.538461 256.506 0.0625103 0.997321 0.0379958 -5.40596 0.539797 -0.00176294 -0.841793 271.838 
-0.83911 0.0750455 -0.53876 255.063 0.0620763 0.997178 0.0422172 -5.33674 0.540408 0.00198062 -0.841401 269.605 
-0.839264 0.073348 -0.538754 253.623 0.0607893 0.997305 0.0410802 -5.27839 0.540315 0.00172668 -0.841461 267.368 
-0.839257 0.0693117 -0.539298 252.174 0.0556543 0.997583 0.0416019 -5.19878 0.540879 0.00490044 -0.841086 265.097 
-0.836953 0.0714944 -0.542585 250.694 0.0556169 0.997409 0.0456342 -5.10604 0.544442 0.00801676 -0.83876 262.819 
-0.834464 0.0716008 -0.546391 248.445 0.0567783 0.997417 0.0439913 -4.96232 0.54813 0.00568597 -0.836374 259.4 
-0.833959 0.0702006 -0.547343 246.95 0.0542315 0.9975 0.0453067 -4.88836 0.549155 0.00810073 -0.835681 257.11 
-0.834397 0.0732609 -0.546274 245.448 0.0577651 0.997292 0.0455148 -4.81124 0.548129 0.00642187 -0.836369 254.808 
-0.835313 0.0719446 -0.545046 243.193 0.0574044 0.997395 0.043678 -4.73365 0.546769 0.00519677 -0.837268 251.335 
-0.835675 0.0714634 -0.544555 241.668 0.055985 0.997418 0.0449792 -4.66954 0.546364 0.007101 -0.837518 248.995 
-0.835964 0.0710244 -0.544169 239.34 0.0572669 0.997466 0.0422137 -4.57248 0.545788 0.0041262 -0.837913 245.466 
-0.836047 0.0730378 -0.543774 237.762 0.0590004 0.997321 0.0432441 -4.48177 0.545476 0.00407124 -0.838117 243.083 
-0.835608 0.0764973 -0.543974 236.175 0.0623023 0.997064 0.0445103 -4.37287 0.545782 0.00330232 -0.837921 240.691 
-0.8348 0.0793084 -0.544811 234.567 0.066698 0.99685 0.0429123 -4.25628 0.546498 -0.000514567 -0.83746 238.291 
-0.83366 0.080387 -0.546397 232.955 0.0694212 0.996756 0.0407259 -4.1554 0.547898 -0.00397997 -0.836536 235.883 
-0.831541 0.0775652 -0.550021 231.333 0.0653151 0.996987 0.0418518 -4.04461 0.55161 -0.00112324 -0.834101 233.458 
-0.828503 0.0774327 -0.554605 229.678 0.0616039 0.996985 0.0471691 -3.93558 0.556585 0.00491398 -0.830776 231.025 
-0.826111 0.0759552 -0.558365 228.011 0.0622576 0.997111 0.0435272 -3.82823 0.560058 0.00119574 -0.828452 228.6 
-0.824476 0.0736808 -0.561079 226.343 0.0604731 0.997282 0.0421007 -3.73017 0.562656 0.000780869 -0.826691 226.169 
-0.823023 0.0784323 -0.562567 224.66 0.0626972 0.996913 0.0472636 -3.64259 0.564538 0.00362766 -0.825399 223.74 
-0.82142 0.0841977 -0.564074 222.131 0.0687969 0.996448 0.0485531 -3.50858 0.566159 0.00107603 -0.824296 220.114 
-0.820727 0.0887335 -0.564388 220.441 0.0720061 0.996054 0.0518899 -3.41336 0.566765 0.00194799 -0.823877 217.69 
-0.820912 0.0895383 -0.563991 218.752 0.0746906 0.995982 0.0494053 -3.32391 0.566149 -0.00156734 -0.824302 215.265 
-0.822267 0.086796 -0.562444 217.082 0.0714015 0.996226 0.0493514 -3.26146 0.564604 0.000420708 -0.825362 212.846 
-0.824042 0.0854078 -0.560054 215.421 0.0687914 0.996341 0.0507242 -3.19264 0.562337 0.00327195 -0.826901 210.425 
-0.826281 0.0842789 -0.556917 213.762 0.066892 0.996428 0.051545 -3.1093 0.559272 0.00533731 -0.828967 207.998 
-0.829106 0.0743418 -0.554126 212.128 0.0607641 0.997231 0.0428713 -3.04341 0.555779 0.0018739 -0.831328 205.571 
-0.832195 0.0706557 -0.549962 210.508 0.0541529 0.997463 0.0462044 -2.97345 0.551832 0.00866902 -0.83391 203.127 
-0.835036 0.0714706 -0.545533 208.894 0.0532234 0.99737 0.0491981 -2.8776 0.547615 0.012047 -0.836644 200.677 
-0.839941 0.0776855 -0.537088 206.508 0.0594087 0.996915 0.0512878 -2.73947 0.539416 0.011171 -0.841965 196.99 
-0.844804 0.0799 -0.529077 204.947 0.0635156 0.996772 0.0491116 -2.64998 0.531293 0.00788499 -0.847151 194.527 
-0.852023 0.0795003 -0.517433 203.418 0.065014 0.996819 0.0461008 -2.56617 0.519452 0.00563856 -0.854481 192.051 
-0.85956 0.0732288 -0.50576 201.928 0.0583828 0.997272 0.0451707 -2.49562 0.507688 0.00929924 -0.861491 189.548 
-0.866995 0.0703873 -0.493321 200.464 0.0550473 0.997443 0.045572 -2.43207 0.495267 0.0123548 -0.868653 187.029 
-0.873517 0.0703619 -0.481681 199.036 0.0551608 0.997433 0.0456679 -2.36573 0.483658 0.0133218 -0.875156 184.495 
-0.879092 0.0706842 -0.471382 197.634 0.0578544 0.997455 0.0416752 -2.2965 0.473129 0.00936479 -0.880944 181.951 
-0.882694 0.0744665 -0.464011 196.246 0.0612776 0.997174 0.0434618 -2.22202 0.465936 0.00993 -0.884763 179.389 
-0.884866 0.0767039 -0.459488 194.893 0.0639964 0.997015 0.0431933 -2.16337 0.46143 0.00881466 -0.887133 176.845 
-0.887247 0.0751676 -0.45513 193.561 0.0642708 0.997155 0.0393947 -2.11864 0.456796 0.00570125 -0.889553 174.282 
-0.888617 0.0737581 -0.452681 192.911 0.0621427 0.997245 0.0405006 -2.09719 0.454422 0.00785868 -0.890752 172.993 
-0.891193 0.0731897 -0.447681 191.624 0.0606218 0.997262 0.0423596 -2.05726 0.449556 0.0106114 -0.893189 170.408 
-0.893664 0.0732761 -0.442714 190.351 0.0613773 0.997265 0.0411667 -2.02058 0.44452 0.00961663 -0.895718 167.825 
-0.89579 0.0775481 -0.43766 189.079 0.0660622 0.996955 0.0414344 -1.97357 0.43954 0.00820379 -0.898185 165.229 
-0.897701 0.0768579 -0.433849 187.815 0.0667914 0.997027 0.038425 -1.91645 0.435513 0.00551681 -0.900166 162.622 
-0.899677 0.0703651 -0.430847 186.577 0.0575096 0.997427 0.0428087 -1.86772 0.432751 0.0137362 -0.901409 159.995 
-0.900876 0.0667409 -0.428916 185.338 0.0529583 0.997627 0.0440034 -1.79345 0.430835 0.016927 -0.902272 157.367 
-0.901509 0.0687334 -0.427266 184.094 0.0547158 0.997487 0.045016 -1.7239 0.429286 0.0172042 -0.903005 154.738 
-0.902243 0.0689114 -0.425685 182.856 0.0566342 0.997534 0.0414478 -1.65846 0.427492 0.0132877 -0.903922 152.111 
-0.90321 0.065804 -0.424125 181.626 0.0542819 0.997756 0.0392064 -1.59946 0.425753 0.0123892 -0.904755 149.482 
-0.904336 0.0644091 -0.421933 180.398 0.0523825 0.997824 0.040048 -1.53841 0.423594 0.014115 -0.905742 146.846 
-0.905861 0.0651479 -0.418534 179.193 0.053337 0.99778 0.0398711 -1.4933 0.420202 0.0137943 -0.907326 144.218 
-0.906957 0.0671855 -0.415831 177.997 0.0561639 0.997671 0.0386957 -1.44829 0.417462 0.0117406 -0.908618 141.581 
-0.907389 0.0695441 -0.414498 176.795 0.0599153 0.997547 0.0362054 -1.4038 0.415998 0.00801766 -0.90933 138.933 
-0.906182 0.0687221 -0.417267 175.581 0.0589765 0.997602 0.0362213 -1.35629 0.418756 0.00821411 -0.908062 136.282 
-0.902895 0.0653203 -0.424868 174.368 0.0538234 0.997788 0.0390214 -1.33845 0.426477 0.0123643 -0.904414 133.66 
-0.897712 0.0631893 -0.436028 173.137 0.0489833 0.997841 0.0437587 -1.31991 0.437852 0.0179246 -0.898868 131.052 
-0.886189 0.0595084 -0.459486 171.222 0.0430266 0.998002 0.0462685 -1.29165 0.461321 0.0212326 -0.886979 127.194 
-0.871646 0.0522225 -0.487345 169.204 0.034771 0.998391 0.0447948 -1.22526 0.4889 0.0220998 -0.87206 123.404 
-0.860935 0.0539393 -0.505847 167.789 0.0359597 0.998328 0.0452512 -1.14743 0.507442 0.0207682 -0.861435 120.925 
-0.849468 0.0563312 -0.524624 166.313 0.0375919 0.998219 0.0463146 -1.05042 0.526299 0.0196211 -0.850073 118.48 
-0.836371 0.0592696 -0.544951 164.779 0.0411777 0.998122 0.045359 -0.955916 0.546616 0.0154971 -0.83724 116.076 
-0.822361 0.0669291 -0.565015 163.184 0.0476668 0.99767 0.0488019 -0.853053 0.566965 0.0132003 -0.823636 113.699 
-0.808129 0.0732361 -0.584434 161.538 0.0531254 0.997259 0.0515081 -0.731978 0.586604 0.0105769 -0.809805 111.359 
-0.795868 0.0743231 -0.600891 159.843 0.057165 0.997228 0.0476314 -0.621183 0.602765 0.00355841 -0.797911 109.067 
-0.786638 0.0754277 -0.612789 158.119 0.0595847 0.997151 0.0462496 -0.534764 0.614532 -0.000131134 -0.788892 106.814 
-0.778019 0.0829192 -0.622745 156.365 0.0674597 0.996547 0.0484113 -0.452921 0.624609 -0.00434529 -0.780926 104.583 
-0.769802 0.0842912 -0.632693 154.586 0.0711692 0.996396 0.0461539 -0.367982 0.634303 -0.00949891 -0.773026 102.373 
-0.763102 0.0822969 -0.641016 152.774 0.0684495 0.996572 0.0464588 -0.289215 0.642643 -0.00842449 -0.76612 100.171 
-0.757102 0.0848714 -0.647761 150.925 0.0668953 0.996385 0.0523621 -0.197316 0.649863 -0.00368869 -0.760042 97.9833 
-0.752578 0.0804233 -0.653574 149.065 0.063786 0.99675 0.0492032 -0.124271 0.655407 -0.00465968 -0.755262 95.8122 
-0.746005 0.0819872 -0.660874 147.172 0.0606675 0.996633 0.0551586 -0.0487024 0.663171 0.00105501 -0.748467 93.6529 
-0.735462 0.0818394 -0.672606 145.244 0.062445 0.996641 0.052986 0.033542 0.674683 -0.00303169 -0.738102 91.5336 
-0.723823 0.0811798 -0.685194 143.29 0.0639431 0.996673 0.050535 0.106228 0.687016 -0.00723498 -0.726606 89.4389 
-0.717478 0.0832711 -0.691586 141.308 0.0654876 0.996495 0.0520446 0.177119 0.693496 -0.0079494 -0.720417 87.3582 
-0.714015 0.0833459 -0.695152 139.314 0.0624286 0.996513 0.0553552 0.261725 0.697342 -0.00387292 -0.716728 85.2743 
-0.714837 0.08419 -0.694205 137.315 0.0620158 0.996447 0.0569856 0.356784 0.696536 -0.00231625 -0.717518 83.1885 
-0.717935 0.082868 -0.69116 135.31 0.0595376 0.99656 0.0576405 0.45662 0.693559 0.000232142 -0.720399 81.0849 
-0.720394 0.074079 -0.689597 133.306 0.0572098 0.997238 0.0473623 0.565717 0.691201 -0.00533218 -0.722643 78.9673 
-0.722011 0.0799614 -0.687245 130.279 0.063797 0.996762 0.0489495 0.70345 0.688934 -0.00850213 -0.724774 75.7985 
-0.721966 0.0827295 -0.686965 128.257 0.0658503 0.996535 0.050805 0.793683 0.688788 -0.00855738 -0.724912 73.6803 
-0.721293 0.0789726 -0.688113 126.238 0.063799 0.99683 0.0475278 0.885295 0.689686 -0.00961945 -0.724045 71.5719 
-0.71987 0.0786583 -0.689638 124.209 0.0615094 0.996879 0.0494955 0.975216 0.691378 -0.00678887 -0.722461 69.4505 
-0.718152 0.0802217 -0.691246 122.172 0.0601815 0.996771 0.053155 1.07106 0.693279 -0.00342686 -0.720662 67.3259 
-0.714515 0.0782526 -0.69523 120.13 0.0597541 0.99692 0.0507982 1.16566 0.697064 -0.00524677 -0.71699 65.2084 
-0.710494 0.0797331 -0.699172 118.072 0.0599949 0.996806 0.0527087 1.25564 0.701142 -0.00449756 -0.713008 63.0946 
-0.706905 0.0792615 -0.702853 116.004 0.0581093 0.99685 0.0539715 1.35043 0.704917 -0.00268959 -0.709284 60.9862 
-0.703874 0.0811172 -0.705678 113.916 0.0565774 0.996704 0.0581377 1.44736 0.708069 0.000996168 -0.706143 58.8725 
-0.7014 0.0806212 -0.708194 111.799 0.0591869 0.996739 0.0548503 1.55784 0.710307 -0.00344385 -0.703884 56.7627 
-0.699585 0.0827571 -0.709741 108.609 0.0592415 0.996568 0.0578079 1.7239 0.71209 -0.0016046 -0.702087 53.5948 
-0.699162 0.078971 -0.710589 106.495 0.0530379 0.996872 0.0586019 1.81809 0.712994 0.00328407 -0.701163 51.4689 
-0.698308 0.0837905 -0.710877 104.355 0.0561607 0.996477 0.0622863 1.92999 0.713591 0.00357173 -0.700553 49.3379 
-0.699618 0.0765545 -0.710404 102.241 0.06054 0.99702 0.0478199 2.03821 0.711947 -0.00955216 -0.702168 47.2502 
-0.700185 0.0766455 -0.709835 100.126 0.0549725 0.997057 0.0534336 2.12695 0.711842 -0.00160797 -0.702338 45.1325 
-0.700712 0.080451 -0.708894 98.0075 0.0592534 0.996751 0.0545499 2.23233 0.71098 -0.00378067 -0.703202 43.0268 
-0.700673 0.0832553 -0.708609 95.8835 0.0637267 0.996502 0.0540672 2.33626 0.710631 -0.00727391 -0.703527 40.9226 
-0.700501 0.0858812 -0.708465 93.7393 0.067809 0.996251 0.0537203 2.45732 0.710422 -0.0104091 -0.703699 38.8038 
-0.702433 0.0854728 -0.706599 90.5678 0.0653932 0.996314 0.0555102 2.61426 0.708739 -0.00721455 -0.705433 35.6321 
-0.704003 0.0819488 -0.705453 87.4158 0.0587378 0.996636 0.057157 2.7936 0.707764 -0.00119804 -0.706448 32.459 
-0.705921 0.0803927 -0.703714 84.26 0.0599205 0.996754 0.0537614 3.00369 0.705752 -0.00421562 -0.708447 29.2959 
-0.707692 0.0772175 -0.702288 81.1235 0.0566864 0.997011 0.0525001 3.18464 0.704243 -0.00265629 -0.709954 26.1294 
-0.708744 0.0798312 -0.700934 77.9927 0.057414 0.996808 0.0554754 3.36162 0.703126 -0.000925592 -0.711065 22.958 
-0.709553 0.0727347 -0.700889 75.9224 0.0507083 0.99735 0.0521648 3.47427 0.702826 0.00147282 -0.711361 20.8392 
-0.710594 0.0671679 -0.700389 73.8539 0.0416954 0.997703 0.0533777 3.57986 0.702366 0.00872683 -0.711763 18.7078 
-0.711423 0.0692405 -0.699345 71.7804 0.0435873 0.997566 0.0544267 3.69061 0.701411 0.00823792 -0.71271 16.5904 
-0.711805 0.0691221 -0.698967 69.6806 0.0436658 0.997576 0.0541842 3.81262 0.701018 0.0080476 -0.713098 14.4654 
-0.7124 0.0667375 -0.698593 66.5237 0.0427706 0.997746 0.0517001 4.00121 0.700469 0.00695195 -0.713649 11.2666 
-0.712901 0.0699162 -0.697771 64.4091 0.0472057 0.997545 0.0517242 4.11777 0.699674 0.0039354 -0.714451 9.13901 
-0.714053 0.0703486 -0.696548 62.3143 0.0467132 0.997509 0.0528573 4.23005 0.698531 0.005205 -0.715561 7.00737 
-0.715195 0.0645185 -0.695941 60.2406 0.0412413 0.997891 0.050129 4.3358 0.697708 0.00715045 -0.716347 4.8748 
-0.715786 0.0593063 -0.695796 58.1672 0.0359227 0.998195 0.0481267 4.44165 0.697395 0.00945357 -0.716625 2.73356 
-0.716324 0.0569394 -0.695441 56.0919 0.0335512 0.998323 0.0471792 4.55714 0.696961 0.0104627 -0.717032 0.584754 
-0.717422 0.0529266 -0.694626 53.0081 0.0335112 0.998577 0.0414751 4.69504 0.695833 0.00647735 -0.718175 -2.62566 
-0.717686 0.0517929 -0.694438 50.9668 0.0331007 0.99864 0.0402723 4.76447 0.695579 0.00591653 -0.718425 -4.76109 
-0.717691 0.0409344 -0.695158 48.9474 0.0260378 0.99915 0.0319532 4.81611 0.695875 0.00483217 -0.718147 -6.88533 
-0.717434 0.0328232 -0.695853 46.9351 0.016187 0.999405 0.0304526 4.84424 0.696439 0.010584 -0.717538 -9.02105 
-0.719646 0.0342862 -0.693494 43.893 0.0133815 0.999279 0.0355181 4.94461 0.694212 0.0162805 -0.719587 -12.2165 
-0.722998 0.0293771 -0.690226 41.9107 0.0187472 0.999562 0.0229057 4.99097 0.690596 0.00362102 -0.723232 -14.2742 
-0.726685 0.0420049 -0.685685 39.9586 0.0329351 0.999111 0.026301 5.01139 0.68618 -0.00347055 -0.727423 -16.3072 
-0.732304 0.0468338 -0.679366 38.0895 0.0355808 0.998901 0.0305084 5.02334 0.680048 -0.00183095 -0.733165 -18.3174 
-0.736798 0.0426364 -0.674767 36.2957 0.0297122 0.999087 0.0306855 5.02636 0.67546 0.00256024 -0.737392 -20.31 
-0.741292 0.0408644 -0.669938 34.5545 0.0358314 0.999131 0.0212966 5.03795 0.670226 -0.00821782 -0.742112 -22.2504 
-0.743061 0.0408265 -0.667977 33.7049 0.0378991 0.999103 0.0189057 5.03507 0.668149 -0.0112676 -0.743942 -23.203 
-0.746213 0.0325488 -0.664911 32.073 0.0269092 0.999462 0.0187263 5.03663 0.665163 -0.00391843 -0.746688 -25.0975 
-0.748179 0.0210305 -0.663163 30.5116 0.0115847 0.999759 0.0186349 5.03058 0.663396 0.00625969 -0.748243 -26.943 
-0.751095 0.00433468 -0.66018 28.2828 -0.0100987 0.999786 0.0180539 5.00102 0.660117 0.0202272 -0.750891 -29.5528 
-0.731005 -0.0322279 -0.681611 25.0153 -0.0634046 0.997771 0.0208228 4.8832 0.67942 0.0584388 -0.731419 -33.4447 
-0.609989 -0.0647118 -0.789763 20.8834 -0.112198 0.993672 0.00523872 4.82924 0.784427 0.0918056 -0.613389 -37.4156 
-0.360291 -0.0391385 -0.932019 16.9571 -0.0902446 0.995896 -0.00693504 4.71041 0.928465 0.0816111 -0.362344 -39.442 
0.0282601 0.0182284 -0.999434 13.1339 -0.0741302 0.997119 0.0160901 4.59122 0.996848 0.0736336 0.0295299 -39.7556 
0.413262 0.0236276 -0.910306 9.7897 -0.0772457 0.99697 -0.00919105 4.55807 0.90733 0.0741155 0.413834 -38.6298 
0.604923 0.038198 -0.795368 8.08843 -0.0742931 0.997199 -0.008613 4.55406 0.792811 0.0643005 0.606066 -37.3899 
0.724448 0.0448762 -0.687867 6.93825 -0.0747341 0.99711 -0.0136573 4.57977 0.685267 0.0613011 0.725708 -36.1987 
0.820378 0.040752 -0.570367 5.94633 -0.0658611 0.997553 -0.0234563 4.5892 0.568016 0.056808 0.821055 -34.7882 
0.911671 0.0329895 -0.409593 4.88555 -0.0488865 0.998401 -0.0283981 4.55825 0.408002 0.0459133 0.911826 -32.5899 
0.950943 0.0263868 -0.30824 4.28511 -0.0394688 0.998562 -0.0362821 4.49291 0.30684 0.0466681 0.950616 -30.7379 
0.972119 0.0189369 -0.233723 3.80557 -0.0305128 0.998475 -0.046012 4.36048 0.232495 0.0518606 0.971214 -28.7509 
0.982489 0.0106749 -0.186015 3.42857 -0.0193694 0.9988 -0.044986 4.20151 0.185311 0.0478013 0.981517 -26.637 
0.986037 0.000528603 -0.166528 3.07053 -0.0069709 0.999249 -0.0381039 4.06798 0.166382 0.0387327 0.9853 -24.4287 
0.986933 0.00185895 -0.161122 2.70384 -0.00780612 0.999311 -0.0362859 3.92528 0.160943 0.0370695 0.986267 -22.1388 
0.987477 -0.00281965 -0.157736 2.47772 -0.00266727 0.999399 -0.034563 3.83642 0.157739 0.0345509 0.986876 -20.5589 
0.987991 -0.00127027 -0.154506 2.23535 -0.0036711 0.999491 -0.0316923 3.74998 0.154467 0.0318789 0.987483 -18.9419 
0.988405 -0.00546154 -0.15174 2.00101 0.000824712 0.999531 -0.0306039 3.67074 0.151836 0.0301239 0.987947 -17.2839 
0.988913 -0.00987085 -0.14817 1.76407 0.00613168 0.999652 -0.0256713 3.59702 0.148371 0.0244782 0.988629 -15.5891 
0.989485 -0.0171895 -0.143607 1.43782 0.0141671 0.999657 -0.0220428 3.44671 0.143937 0.0197766 0.989389 -13.0395 
0.989948 -0.0237589 -0.139422 1.1247 0.0221872 0.999672 -0.0128162 3.31984 0.139681 0.00959396 0.99015 -10.5526 
0.989901 -0.0250605 -0.139525 0.914029 0.0241557 0.999675 -0.00817467 3.25586 0.139684 0.0047218 0.990185 -8.93495 
0.989092 -0.0253824 -0.145095 0.572467 0.023488 0.999615 -0.0147554 3.19854 0.145414 0.0111864 0.989308 -6.59143 
0.987865 -0.0182412 -0.154241 0.172462 0.0172727 0.999822 -0.00761724 3.1664 0.154352 0.00486065 0.988004 -4.32852 
0.986127 -0.0131641 -0.165471 -0.233814 0.0126548 0.999911 -0.00413146 3.11987 0.165511 0.00198014 0.986206 -2.1481 
0.98317 -0.00958007 -0.182444 -0.6525 0.0110107 0.999916 0.00682988 3.09423 0.182363 -0.00872375 0.983193 -0.0272375 
0.980117 -0.0106141 -0.198135 -0.957504 0.0115578 0.999927 0.0036069 3.08582 0.198082 -0.00582519 0.980168 1.34924 
0.975552 -0.0145543 -0.219286 -1.30448 0.0137029 0.999892 -0.00540307 3.09801 0.219341 0.00226611 0.975646 2.71178 
0.964283 -0.0147527 -0.264465 -2.10292 0.0157397 0.999875 0.00161344 3.07211 0.264408 -0.00571842 0.964394 5.47111 
0.954992 -0.0156186 -0.296219 -2.7753 0.0133221 0.999864 -0.00976944 3.05817 0.296331 0.00538347 0.95507 7.52846 
