-0.000000 0.000000 -0.000000 0.000000
0.007571 7.908780 -0.074256 7.896010
-0.005852 15.930700 -0.167027 15.909600
0.004135 21.341300 -0.220634 21.322000
0.001962 28.194700 -0.311317 28.181300
0.006827 32.335300 -0.349616 32.324700
0.019429 40.704400 -0.475596 40.684100
0.033592 49.179600 -0.538234 49.147900
0.013229 57.745500 -0.627879 57.716100
0.002764 62.027900 -0.638109 62.004800
-0.027023 70.530000 -0.784286 70.498600
-0.052873 78.935000 -0.765505 78.854100
-0.075180 87.250200 -0.797625 87.165100
-0.169705 95.460800 -0.942715 95.373400
-0.286760 103.546000 -0.980688 103.455000
-0.394315 111.577000 -1.139330 111.486000
-0.430614 119.561000 -1.149220 119.482000
-0.470849 127.692000 -1.179510 127.606000
-0.466120 135.815000 -1.070730 135.700000
-0.474702 143.910000 -0.979192 143.781000
-0.497985 151.992000 -0.973820 151.861000
-0.490889 160.079000 -0.817013 159.935000
-0.459926 166.839000 -0.791854 166.653000
-0.377930 175.029000 -1.013200 174.770000
-0.314056 183.310000 -1.037370 183.042000
-0.303004 191.713000 -0.999612 191.422000
-0.315003 200.224000 -1.016360 199.908000
-0.348136 205.970000 -1.037120 205.654000
-0.357581 214.714000 -1.014330 214.392000
-0.378771 226.569000 -0.968505 226.291000
-0.382906 240.060000 -0.983334 239.794000
-0.368389 249.168000 -0.969315 248.896000
-0.347449 258.361000 -0.979449 258.083000
-0.325374 264.511000 -0.905143 264.239000
-0.315594 272.219000 -0.979405 271.939000
-0.289754 281.496000 -0.931996 281.233000
-0.204525 290.810000 -0.889147 290.540000
-0.149830 300.237000 -0.871957 299.938000
-0.096500 309.819000 -0.812455 309.517000
-0.105842 319.553000 -0.770005 319.269000
-0.084970 329.324000 -0.787901 329.049000
-0.045480 339.021000 -0.767043 338.697000
-0.036810 343.853000 -0.768320 343.523000
-0.037072 348.655000 -0.790272 348.322000
-0.085704 356.631000 -0.746766 356.302000
-0.132221 362.989000 -0.778159 362.650000
-0.166861 367.781000 -0.698017 367.440000
-0.222998 372.615000 -0.681101 372.269000
-0.262588 377.387000 -0.690264 377.039000
-0.287793 382.220000 -0.779341 381.871000
-0.311017 387.068000 -0.816347 386.718000
