0.000000 0.000000 0.000000 0.000000
-0.083626 7.152770 -0.000005 7.161980
-0.167141 14.303500 0.089050 14.304900
-0.270764 22.658800 0.138983 22.652000
-0.411276 31.027900 0.023935 31.023700
-0.562741 38.206900 -0.014547 38.193800
-0.761728 46.596100 -0.164293 46.569800
-0.875378 53.811300 -0.353514 53.839900
-1.006720 61.042100 -0.395552 61.079400
-1.157680 68.241100 -0.495798 68.284800
-1.310250 75.365500 -0.611685 75.409300
-1.335650 82.399100 -0.589415 82.478000
-1.216670 89.333400 -0.433736 89.407000
-1.006120 95.102600 -0.175295 95.168300
-0.607718 103.279000 0.320845 103.326000
-0.272672 112.924000 0.661579 112.958000
-0.246444 120.271000 0.684538 120.296000
-0.353204 128.970000 0.590886 128.977000
-0.472057 139.057000 0.515124 139.054000
-0.601569 147.961000 0.386629 147.961000
-0.703475 155.553000 0.357137 155.548000
-0.867607 165.652000 0.240232 165.617000
-1.083170 175.759000 0.015268 175.696000
-1.280270 184.593000 -0.083510 184.527000
-1.482350 193.304000 -0.225344 193.251000
-1.593220 200.619000 -0.236596 200.527000
-1.670520 209.982000 -0.319863 209.896000
-1.744180 216.448000 -0.410605 216.362000
-1.871600 222.403000 -0.489619 222.287000
-2.076060 227.589000 -0.662679 227.467000
-2.278810 232.116000 -0.906248 231.994000
-2.437160 236.409000 -1.070540 236.282000
-2.520290 240.575000 -1.164000 240.439000
-2.546850 244.763000 -1.198370 244.619000
-2.542200 249.111000 -1.234100 248.960000
-2.534410 252.929000 -1.198910 252.765000
-2.476440 257.758000 -1.227070 257.589000
-2.315590 262.779000 -1.131180 262.634000
-2.070930 267.834000 -0.899165 267.681000
-1.783340 272.943000 -0.618128 272.795000
-1.550630 278.052000 -0.354960 277.857000
-1.419050 283.004000 -0.288133 282.822000
-1.435820 287.433000 -0.342145 287.235000
-1.742380 291.806000 -0.723127 291.579000
-3.687330 297.164000 -2.583540 296.961000
-6.014390 299.434000 -5.031490 299.064000
-8.436150 300.220000 -7.436910 299.872000
-11.943200 299.798000 -10.957200 299.371000
-15.116200 297.802000 -14.122100 297.454000
-17.322400 295.284000 -16.462900 295.024000
-19.538500 291.079000 -18.696300 290.815000
-21.116600 284.630000 -20.356100 284.392000
-21.111900 274.431000 -20.364900 274.211000
-20.447600 266.831000 -19.780600 266.604000
-19.921300 258.850000 -19.333100 258.636000
-19.639300 250.773000 -19.139500 250.569000
-19.526700 242.596000 -19.129900 242.401000
-19.450100 234.291000 -19.056400 234.183000
-19.309400 225.871000 -18.977300 225.775000
-19.140500 215.892000 -18.844200 215.808000
-18.960200 207.219000 -18.752700 207.129000
-18.780800 198.440000 -18.729800 198.367000
-18.628500 189.691000 -18.634700 189.644000
-18.533400 181.032000 -18.640700 181.102000
-18.518300 172.537000 -18.718600 172.596000
-18.605000 164.539000 -18.873200 164.618000
-18.733400 156.250000 -19.127300 156.395000
-18.816400 150.162000 -19.360400 150.359000
-18.892000 142.520000 -19.391200 142.755000
-18.979100 134.517000 -19.518300 134.702000
-19.029800 128.995000 -19.601000 129.208000
-19.034000 123.793000 -19.629100 124.024000
-18.962400 118.740000 -19.536200 119.002000
-18.762600 113.072000 -19.371700 113.346000
-18.389700 106.796000 -18.977700 107.134000
-17.972000 99.881700 -18.547100 100.259000
-17.477100 91.090300 -18.074800 91.537700
-17.090900 81.553200 -17.665300 82.030400
-16.844900 71.334500 -17.380500 71.815300
-16.707400 61.059300 -17.286600 61.551800
-16.600900 52.277000 -17.128800 52.606700
-16.451700 43.575700 -16.949600 43.911900
-16.307600 34.970000 -16.749300 35.296700
-16.194900 26.457400 -16.658200 26.768900
-16.086600 18.088400 -16.466700 18.379200
-15.981800 9.853000 -16.342000 9.981450
-15.909200 1.676100 -16.343800 1.657860
-15.791200 -7.966030 -16.392900 -7.973580
-15.675200 -17.764400 -16.344200 -17.787500
-15.590300 -26.267800 -16.345100 -26.349900
-15.476600 -36.244500 -16.318600 -36.328900
-15.375200 -44.724600 -16.200800 -44.777000
-15.256800 -53.152700 -16.224100 -53.220400
-15.157000 -61.549400 -16.185700 -61.565500
-15.083000 -69.934600 -16.223700 -69.944100
-15.016800 -78.226500 -16.301900 -78.257100
-14.891900 -87.726700 -16.261300 -87.761500
-14.798000 -95.724400 -16.326800 -95.743700
-14.744100 -103.593000 -16.344900 -103.603000
-14.725600 -111.329000 -16.350100 -111.297000
-14.712800 -118.924000 -16.466700 -118.900000
-14.698300 -126.287000 -16.622300 -126.281000
-14.724900 -133.300000 -16.651500 -133.285000
-14.764700 -139.696000 -16.702500 -139.683000
-14.823300 -145.155000 -16.860600 -145.137000
-14.364200 -150.225000 -16.494400 -150.213000
-10.901100 -155.630000 -12.869500 -155.582000
-5.751240 -156.544000 -7.764020 -156.671000
-2.057960 -154.484000 -4.014040 -154.711000
1.048250 -148.113000 -1.053140 -148.348000
1.463450 -143.198000 -0.642071 -143.408000
1.499370 -137.518000 -0.472970 -137.799000
1.498560 -131.160000 -0.303935 -131.472000
1.413180 -120.492000 -0.065962 -120.826000
1.330550 -108.593000 0.172438 -108.901000
1.170070 -100.008000 0.338427 -100.321000
1.009150 -90.982300 0.311585 -91.265900
0.883448 -81.949500 0.490365 -82.234000
0.800315 -72.936400 0.757210 -73.103600
0.637038 -59.575600 0.824544 -59.723500
0.456132 -50.778500 0.824246 -50.873300
0.280628 -42.079100 0.867404 -42.185000
0.132669 -33.463800 1.006570 -33.612300
0.043902 -23.543400 1.210140 -23.673100
0.024160 -15.166100 1.511160 -15.304000
-0.044372 -2.818520 2.012940 -3.142430
-0.131883 5.344100 2.280410 4.940840
-0.223104 13.477300 2.408670 13.109600
-0.295209 21.580200 2.595210 21.206100
-0.397680 30.950900 2.789790 30.571900
-0.497489 41.480200 3.051070 41.110400
-0.645636 50.527700 3.222950 50.139900
-0.826899 58.170900 3.355620 57.776700
-1.031830 65.710200 3.308070 65.327100
-1.261380 73.127200 3.246200 72.757700
-1.392300 80.159900 3.270680 79.787600
-1.394090 86.751100 3.395530 86.274800
-1.356110 93.218600 3.554040 92.734400
-1.375060 99.570100 3.620350 99.038100
-1.686240 107.147000 3.440500 106.526000
-1.958710 115.026000 3.300950 114.356000
-1.665950 124.466000 3.701240 123.773000
-1.063480 134.481000 4.441720 133.794000
-0.816625 142.451000 4.778940 141.762000
-0.863698 152.202000 5.001790 151.519000
-1.039440 162.271000 4.899910 161.575000
-1.297630 172.319000 4.859190 171.618000
-1.498240 182.250000 4.827180 181.565000
-1.603070 190.634000 4.846680 189.899000
-1.682300 200.255000 4.902780 199.479000
-1.757200 209.691000 4.962940 208.900000
-1.826710 217.507000 5.132970 216.625000
-1.941670 224.505000 5.137340 223.613000
-2.139620 230.415000 4.960010 229.517000
-2.346880 235.265000 4.695050 234.354000
-2.449190 239.859000 4.591910 238.947000
-2.485940 244.338000 4.611890 243.426000
-2.503090 248.833000 4.574860 247.904000
-2.505560 251.139000 4.597940 250.203000
-2.491980 255.099000 4.575500 254.159000
-2.398100 260.007000 4.617860 259.064000
-2.248880 265.167000 4.756700 264.214000
-2.039860 270.644000 4.980750 269.698000
-1.886300 276.256000 5.189260 275.280000
-1.829540 281.828000 5.302470 280.835000
-1.824660 287.216000 5.275920 286.167000
-1.844050 292.186000 5.327240 291.055000
-1.814740 297.828000 5.403420 296.671000
