1 1.19763e-11 1.70464e-10 5.55111e-17 1.19763e-11 1 3.5625e-10 0 1.70464e-10 3.5625e-10 1 2.22045e-16 
0.999862 -0.0107865 0.0126244 0.0217795 0.0108238 0.999937 -0.00288844 -0.0208736 -0.0125924 0.00302468 0.999916 1.36214 
0.999276 -0.00650497 -0.0374907 0.0273103 0.00632709 0.999968 -0.00486125 -0.0347236 0.0375211 0.00462053 0.999285 2.37243 
0.995177 -0.00212537 -0.0980676 -0.090695 0.001565 0.999982 -0.00579072 -0.0518382 0.0980782 0.00560932 0.995163 3.47741 
0.986355 -0.00191906 -0.164621 -0.380833 0.00136324 0.999993 -0.00348927 -0.0761543 0.164626 0.00321724 0.986351 5.08941 
0.982754 0.00117045 -0.184915 -0.689574 -0.00230574 0.99998 -0.00592463 -0.122768 0.184904 0.00624882 0.982737 6.43073 
0.977561 -0.00599659 -0.210567 -0.99098 0.00347321 0.999918 -0.0123515 -0.13148 0.210624 0.011343 0.977501 7.87251 
0.974617 -0.0108444 -0.223618 -1.31796 0.00766171 0.999857 -0.0150955 -0.173837 0.22375 0.012999 0.97456 8.88789 
0.968125 -0.00836578 -0.250327 -1.79551 0.00249916 0.999715 -0.0237445 -0.230578 0.250455 0.022362 0.96787 10.5858 
0.959933 -0.0156682 -0.279792 -2.2529 0.00612184 0.99937 -0.0349607 -0.180678 0.280164 0.0318471 0.959424 12.4347 
0.95608 -0.0182754 -0.292535 -2.64342 0.00461529 0.998869 -0.0473181 -0.245446 0.293069 0.0438898 0.955083 13.6142 
0.953596 -0.0194378 -0.300459 -3.06929 0.000186628 0.997952 -0.0639689 -0.320353 0.301087 0.0609444 0.951647 14.8372 
0.949492 -0.0158919 -0.313388 -3.73186 -0.0117365 0.996219 -0.0860772 -0.488122 0.313571 0.0854077 0.945716 16.7906 
0.946321 -0.0118667 -0.32301 -4.21634 -0.0207489 0.995035 -0.0973435 -0.623971 0.322561 0.0988204 0.941376 18.0534 
0.938076 -0.0119149 -0.346225 -6.76932 -0.0219139 0.995366 -0.0936287 -1.3459 0.345736 0.095418 0.933468 22.602 
0.932003 -0.0072557 -0.362378 -7.36832 -0.0253433 0.996048 -0.0851239 -1.50842 0.361564 0.0885196 0.928136 24.1216 
0.922071 0.00146587 -0.387018 -8.41053 -0.0326322 0.996726 -0.0739709 -1.71503 0.385643 0.0808357 0.9191 26.4546 
0.914093 0.000655544 -0.405504 -9.08585 -0.0330133 0.996799 -0.0728077 -1.84764 0.404159 0.07994 0.911189 27.9758 
0.903873 0.00661307 -0.42775 -10.3522 -0.0384174 0.997095 -0.0657642 -2.06362 0.426072 0.0758756 0.901502 30.3808 
0.896828 0.0127148 -0.442197 -11.1797 -0.0420683 0.997508 -0.0566374 -2.20488 0.440375 0.0693965 0.895128 31.9739 
0.890201 0.0142417 -0.455346 -12.0218 -0.0437391 0.997566 -0.0543095 -2.33977 0.453464 0.0682628 0.888657 33.6012 
0.882848 0.0171051 -0.469348 -12.8469 -0.0476102 0.997448 -0.0532038 -2.4887 0.46724 0.0693166 0.881409 35.2818 
0.87667 0.018524 -0.480736 -14.2293 -0.0508886 0.997223 -0.054375 -2.69913 0.478393 0.0721329 0.875178 37.8292 
0.875456 0.0170721 -0.482996 -15.1632 -0.0484264 0.997445 -0.0525195 -2.79071 0.480866 0.0693683 0.874046 39.5842 
0.87485 0.0124905 -0.484234 -16.2181 -0.043311 0.997681 -0.052514 -2.90735 0.482455 0.0669145 0.873361 41.3972 
0.871957 0.00918281 -0.489497 -17.2518 -0.0393003 0.99791 -0.0512863 -3.02744 0.488003 0.0639568 0.870495 43.2512 
0.86748 0.0110347 -0.497349 -18.3276 -0.0373733 0.998374 -0.0430359 -3.15372 0.496065 0.0559203 0.866483 45.1098 
0.858647 0.00876932 -0.512492 -19.4123 -0.0359142 0.998426 -0.0430878 -3.28589 0.511307 0.055403 0.85761 46.9386 
0.846028 0.00375586 -0.533125 -20.5265 -0.0334469 0.998379 -0.0460441 -3.3884 0.532088 0.056786 0.844783 48.769 
0.835278 0.0124718 -0.549686 -21.7079 -0.0384703 0.998618 -0.0358001 -3.50852 0.54848 0.0510497 0.834604 50.5688 
0.828659 0.0109067 -0.559647 -22.9374 -0.0408129 0.998326 -0.0409749 -3.61991 0.558264 0.0567951 0.827717 52.2939 
0.821612 0.00689382 -0.570005 -24.1016 -0.0426742 0.997865 -0.0494426 -3.74008 0.568447 0.0649472 0.820152 54.0599 
0.815999 0.0112747 -0.577943 -25.3754 -0.0418654 0.998337 -0.039634 -3.86843 0.576535 0.0565371 0.815114 55.7791 
0.811359 0.0166099 -0.584313 -26.6857 -0.0468154 0.998232 -0.0366304 -3.99283 0.582671 0.0570752 0.810702 57.5017 
0.803698 0.0127199 -0.594902 -27.9561 -0.0455361 0.998154 -0.0401761 -4.10904 0.593293 0.0593789 0.802794 59.2408 
0.794404 0.0106939 -0.607296 -29.2475 -0.0433518 0.998293 -0.0391295 -4.22507 0.605841 0.057412 0.793512 60.9717 
0.784623 0.0111282 -0.619873 -30.5776 -0.0450111 0.998223 -0.0390537 -4.34404 0.618337 0.0585436 0.78373 62.6895 
0.767411 0.00601024 -0.641128 -32.6267 -0.0426489 0.99822 -0.0416917 -4.49137 0.639736 0.0593381 0.766301 65.229 
0.748376 0.00215198 -0.663271 -34.7868 -0.0388887 0.998417 -0.0406393 -4.66143 0.662133 0.0562072 0.747275 67.7462 
0.736522 -0.00118634 -0.676413 -36.3263 -0.0351567 0.99858 -0.0400323 -4.77826 0.6755 0.0532651 0.735434 69.3708 
0.732392 0.00196271 -0.680881 -38.1249 -0.0408073 0.998325 -0.0410168 -4.94761 0.67966 0.0578253 0.731245 71.0816 
0.724843 0.00558791 -0.688891 -39.7549 -0.0444337 0.998264 -0.0386552 -5.09834 0.68748 0.058629 0.723833 72.7751 
0.710168 0.00240957 -0.704028 -42.1519 -0.0475864 0.997872 -0.0445861 -5.27432 0.702423 0.0651657 0.708771 75.1967 
0.700195 0.00194143 -0.713949 -43.8079 -0.0471282 0.997941 -0.0435066 -5.40083 0.712394 0.0641102 0.698845 76.8057 
0.688997 -0.0010248 -0.724764 -45.4745 -0.043266 0.998157 -0.0425422 -5.52035 0.723472 0.060669 0.687683 78.4534 
0.680903 -0.00246286 -0.73237 -47.2175 -0.0409463 0.998302 -0.041426 -5.66037 0.731228 0.0581949 0.679646 80.0358 
0.6721 -0.00770576 -0.74042 -48.9416 -0.0352401 0.99848 -0.0423799 -5.78626 0.739621 0.054576 0.670807 81.6348 
0.664584 -0.0166806 -0.747028 -50.7755 -0.0271334 0.998553 -0.0464359 -5.90755 0.746721 0.0511299 0.663169 83.1765 
0.640811 -0.0266377 -0.767237 -53.4932 -0.0131765 0.998869 -0.045685 -6.077 0.767586 0.039385 0.639735 85.5291 
0.613793 -0.0253972 -0.789059 -56.4002 -0.016481 0.998852 -0.0449699 -6.25356 0.789295 0.0406066 0.61267 87.8279 
0.584985 -0.0290076 -0.810525 -59.3957 -0.0139515 0.998852 -0.045817 -6.47729 0.810924 0.0381103 0.583909 90.019 
0.556668 -0.0313447 -0.830143 -62.5278 -0.0117274 0.998892 -0.0455804 -6.6685 0.830652 0.0351086 0.555684 91.9864 
0.518733 -0.0297839 -0.854417 -66.8149 -0.0156816 0.998893 -0.0443408 -6.98256 0.854792 0.0363997 0.517692 94.6591 
0.494192 -0.0323364 -0.868751 -70.1033 -0.0124782 0.998941 -0.0442805 -7.17238 0.869263 0.0327235 0.493266 96.6574 
0.477546 -0.0402087 -0.877686 -73.4869 -0.00727537 0.998737 -0.0497128 -7.48061 0.878576 0.0301256 0.476651 98.4043 
0.464526 -0.033142 -0.884939 -76.7039 -0.00457177 0.999196 -0.0398209 -7.77189 0.885547 0.0225436 0.464002 100.23 
0.455857 -0.0308965 -0.889517 -79.9827 -0.00105653 0.999378 -0.0352539 -7.97473 0.890052 0.0170105 0.455541 101.929 
0.449211 -0.0290275 -0.892954 -83.2396 0.00103499 0.999488 -0.03197 -8.18529 0.893425 0.0134371 0.449011 103.641 
0.449155 -0.0301779 -0.892944 -87.6154 0.0128994 0.999544 -0.0272921 -8.45042 0.893361 0.000739946 0.449339 105.541 
0.454715 -0.03193 -0.890065 -91.6942 0.00666562 0.999451 -0.0324487 -8.65116 0.890612 0.0088221 0.454678 107.611 
0.472622 -0.0336769 -0.880622 -94.6944 0.00709716 0.999383 -0.0344096 -8.79632 0.881237 0.0100128 0.472569 109.104 
0.499524 -0.0321598 -0.865703 -97.6319 0.0038555 0.999383 -0.0349012 -8.9307 0.866291 0.0140963 0.49934 110.709 
0.531822 -0.0372961 -0.846034 -100.486 0.00203129 0.999083 -0.0427662 -9.08295 0.846854 0.0210255 0.53141 112.344 
0.568117 -0.0283266 -0.82246 -103.189 -0.00625917 0.99923 -0.0387383 -9.28051 0.822924 0.0271558 0.567502 114.193 
0.600584 -0.0248443 -0.799176 -105.003 -0.0125524 0.999101 -0.0404926 -9.40206 0.799463 0.0343508 0.599732 115.318 
0.620887 -0.0242204 -0.783526 -106.642 -0.0154004 0.998953 -0.0430835 -9.5336 0.783748 0.0388166 0.619864 116.614 
0.641597 -0.017456 -0.766844 -108.211 -0.0223481 0.998891 -0.0414363 -9.66704 0.766717 0.0437229 0.640495 117.939 
0.661059 -0.0139552 -0.750204 -109.784 -0.0226877 0.998998 -0.038575 -9.76893 0.749991 0.0425207 0.66008 119.248 
0.679584 -0.0112558 -0.733511 -111.249 -0.0286741 0.998711 -0.0418913 -9.88595 0.733037 0.0495014 0.678385 120.63 
0.696894 -0.00866479 -0.717122 -112.665 -0.0287621 0.998785 -0.0400189 -10.0117 0.716597 0.0485149 0.695798 122.019 
0.712429 -0.0070769 -0.701708 -114.036 -0.0271597 0.998922 -0.037649 -10.1302 0.701218 0.0458804 0.711469 123.397 
0.726106 -0.00435347 -0.687569 -115.337 -0.0298514 0.998838 -0.0378489 -10.2473 0.686934 0.0480072 0.725132 124.796 
0.739854 0.00157568 -0.672765 -116.606 -0.0323019 0.998927 -0.0331836 -10.3515 0.671991 0.0462826 0.739112 126.165 
0.754598 0.0015076 -0.656186 -117.824 -0.0302041 0.999017 -0.0324387 -10.458 0.655492 0.0442977 0.753902 127.452 
0.769258 0.0081845 -0.638885 -118.904 -0.0346566 0.99898 -0.0289312 -10.5599 0.637997 0.0443972 0.768758 128.84 
0.794666 0.0168532 -0.606813 -120.394 -0.0417824 0.998762 -0.0269782 -10.6985 0.605607 0.0467927 0.794387 130.953 
0.822501 0.0191145 -0.568442 -121.841 -0.0430345 0.998662 -0.0286872 -10.823 0.567133 0.0480579 0.822223 133.032 
0.857074 0.0277097 -0.514448 -123.614 -0.0449493 0.998767 -0.0210892 -10.9803 0.513229 0.0411991 0.857262 135.887 
0.888365 0.0325175 -0.457986 -125.633 -0.0472655 0.998666 -0.0207756 -11.1551 0.456699 0.0401033 0.888717 139.486 
0.908414 0.032899 -0.416776 -127.488 -0.0455167 0.998756 -0.0203705 -11.318 0.415587 0.0374751 0.908781 143.363 
0.923764 0.04563 -0.380234 -129.336 -0.0531047 0.998547 -0.0091852 -11.3821 0.379263 0.0286772 0.924845 147.547 
0.94038 0.0400145 -0.337764 -131.033 -0.0463195 0.99887 -0.0106246 -11.4737 0.336957 0.0256362 0.941171 152.069 
0.954043 0.044424 -0.29636 -132.045 -0.0509026 0.998603 -0.0141763 -11.5548 0.295316 0.0286103 0.954971 154.964 
0.970226 0.049878 -0.23701 -132.87 -0.0541532 0.998466 -0.0115579 -11.6221 0.23607 0.0240486 0.971439 158.012 
0.979654 0.0548453 -0.193052 -133.28 -0.057755 0.998286 -0.00947242 -11.6876 0.192202 0.0204294 0.981143 160.111 
0.990176 0.0653028 -0.123641 -133.817 -0.0661243 0.997808 -0.00254831 -11.734 0.123204 0.010699 0.992324 163.347 
0.996084 0.0678436 -0.0566979 -134.22 -0.0685173 0.9976 -0.0100221 -11.7373 0.0558819 0.0138676 0.998341 166.778 
0.997733 0.0651228 -0.0169833 -134.286 -0.0652719 0.997832 -0.00837897 -11.7913 0.0164008 0.0094685 0.999821 169.15 
0.997083 0.0720938 0.0250711 -134.278 -0.0718894 0.997372 -0.00896391 -11.8749 -0.0256515 0.00713542 0.999645 171.511 
0.992636 0.0819696 0.0891864 -134.101 -0.081032 0.996612 -0.0140883 -11.9565 -0.0900391 0.0067576 0.995915 175.15 
0.98504 0.0893545 0.147353 -133.608 -0.0866591 0.995934 -0.0246246 -12.0881 -0.148954 0.0114867 0.988777 178.917 
0.975375 0.0941701 0.199437 -132.746 -0.0873514 0.99526 -0.0427369 -12.2767 -0.202516 0.0242634 0.978978 182.695 
0.962532 0.102237 0.251155 -131.854 -0.0904084 0.994201 -0.0582249 -12.5239 -0.255651 0.0333368 0.966194 186.588 
0.948192 0.10425 0.300108 -130.471 -0.0881479 0.993869 -0.0667426 -12.8333 -0.305226 0.0368309 0.951567 190.458 
0.9311 0.107542 0.34855 -129.17 -0.0865274 0.993395 -0.0753566 -13.1369 -0.354352 0.0400054 0.934256 194.431 
0.910905 0.110259 0.397612 -127.603 -0.0818296 0.992769 -0.0878315 -13.5164 -0.404421 0.0474697 0.91334 198.371 
0.883142 0.115677 0.454619 -126.037 -0.0755279 0.991539 -0.105576 -13.9685 -0.462985 0.0589021 0.884407 202.394 
0.841525 0.125346 0.525475 -124.024 -0.0748331 0.990379 -0.116401 -14.4765 -0.53501 0.0586311 0.842809 206.294 
0.794219 0.130663 0.593417 -121.598 -0.0686375 0.989647 -0.126045 -15.0943 -0.603743 0.059377 0.794965 210.013 
0.760246 0.135882 0.635265 -119.788 -0.0618299 0.988576 -0.13746 -15.5359 -0.646686 0.0652248 0.759963 212.389 
0.713834 0.138781 0.686426 -116.688 -0.0525061 0.988015 -0.145153 -16.3374 -0.698344 0.0675736 0.712565 215.587 
0.68325 0.140794 0.716482 -114.515 -0.0457674 0.987562 -0.150419 -16.8201 -0.728748 0.0699823 0.681196 217.674 
0.651299 0.146192 0.744605 -112.332 -0.0391665 0.986435 -0.159414 -17.3045 -0.757809 0.0746624 0.64819 219.767 
0.618029 0.15127 0.771464 -110.051 -0.0361105 0.98574 -0.164357 -17.8223 -0.785325 0.0737194 0.614678 221.752 
0.580143 0.155863 0.799463 -107.695 -0.0383328 0.985657 -0.164347 -18.3497 -0.813612 0.0646991 0.577797 223.647 
0.542434 0.158702 0.824972 -105.272 -0.0401355 0.985769 -0.163245 -18.8816 -0.839139 0.0554392 0.541084 225.402 
0.505989 0.164547 0.846699 -102.797 -0.0389404 0.984992 -0.168152 -19.429 -0.861661 0.0521123 0.504802 226.98 
0.464738 0.163462 0.870229 -100.276 -0.0370761 0.985542 -0.165322 -19.9874 -0.884672 0.0445667 0.464079 228.421 
0.421785 0.160338 0.892406 -97.7322 -0.0331828 0.98631 -0.161527 -20.5085 -0.906088 0.038517 0.421332 229.69 
0.37782 0.15903 0.912119 -95.1949 -0.0285609 0.986672 -0.160198 -21.0253 -0.925438 0.0344751 0.377326 230.863 
0.336609 0.158343 0.928236 -92.6487 -0.0196189 0.986726 -0.161206 -21.5291 -0.94144 0.0360523 0.335248 231.859 
0.297316 0.155125 0.942093 -90.0981 -0.00806771 0.987086 -0.159987 -22.0229 -0.954745 0.0399663 0.294728 232.69 
0.254448 0.15977 0.953798 -87.5959 -0.0048668 0.986458 -0.163943 -22.5212 -0.967074 0.0370729 0.251779 233.485 
0.215619 0.176517 0.960391 -85.107 -0.00582351 0.98374 -0.179502 -23.02 -0.97646 0.0331111 0.213141 234.059 
0.174761 0.181119 0.967809 -82.6465 -0.00823213 0.98317 -0.182508 -23.5355 -0.984576 0.023928 0.173311 234.579 
0.136212 0.180832 0.974036 -80.2159 -0.00822131 0.983372 -0.181416 -24.034 -0.990646 0.0167031 0.135433 234.976 
0.0988626 0.178942 0.97888 -77.7988 -0.00459893 0.983771 -0.179372 -24.5275 -0.99509 0.0132314 0.098081 235.27 
0.0619196 0.18224 0.981302 -75.4147 -0.00342325 0.983222 -0.182381 -25.0157 -0.998075 0.0079337 0.0615046 235.475 
0.0108446 0.176795 0.984188 -71.8951 0.00205614 0.98424 -0.176827 -25.7184 -0.999939 0.00394126 0.0103102 235.613 
-0.0253389 0.170107 0.9851 -68.4827 0.00839715 0.985418 -0.169946 -26.3753 -0.999644 0.00396578 -0.0263978 235.575 
-0.0465151 0.178194 0.982895 -65.2119 0.00790207 0.983995 -0.17802 -27.0074 -0.998886 -0.000513703 -0.0471787 235.456 
-0.0598531 0.18113 0.981636 -62.0385 0.00802733 0.983455 -0.180976 -27.6453 -0.998175 -0.00295208 -0.0603168 235.271 
-0.0634657 0.167766 0.983782 -59.9501 0.00899195 0.985825 -0.167534 -28.0611 -0.997944 -0.00178656 -0.0640747 235.124 
-0.061539 0.174978 0.982647 -56.9028 0.00605875 0.984561 -0.174939 -28.6548 -0.998086 -0.00481199 -0.061649 234.954 
-0.0539974 0.177841 0.982577 -53.9093 -0.000556778 0.984007 -0.17813 -29.2448 -0.998541 -0.0101656 -0.0530347 234.844 
-0.0417535 0.178372 0.983077 -51.9441 -0.0035188 0.983902 -0.178672 -29.6217 -0.999122 -0.0109194 -0.0404537 234.718 
-0.0283892 0.176304 0.983926 -49.9769 -0.0019649 0.984311 -0.176429 -30.0175 -0.999595 -0.00694201 -0.0275974 234.701 
-0.0142836 0.177215 0.984069 -48.0327 -0.00308431 0.984156 -0.177275 -30.3999 -0.999893 -0.0055673 -0.0135107 234.674 
0.00571404 0.172589 0.984977 -45.1263 -0.00716173 0.984975 -0.172547 -30.9653 -0.999958 -0.0060682 0.00686423 234.696 
0.0264327 0.177165 0.983826 -42.2604 -0.00845056 0.984174 -0.177001 -31.5161 -0.999615 -0.00363528 0.0275115 234.763 
0.040124 0.179562 0.982928 -40.3605 -0.0123723 0.983734 -0.179204 -31.8843 -0.999118 -0.00497075 0.0416929 234.856 
0.0587607 0.175344 0.982752 -37.5223 -0.0161477 0.984491 -0.174689 -32.444 -0.998141 -0.00560436 0.0606808 235.06 
0.0797258 0.176385 0.981087 -34.7026 -0.0157844 0.98432 -0.175683 -32.9896 -0.996692 -0.00147938 0.0812599 235.286 
0.11038 0.18271 0.976951 -31.9564 -0.0161061 0.983157 -0.182051 -33.5109 -0.993759 0.00435986 0.111463 235.527 
0.126108 0.180733 0.975414 -29.1955 -0.0235594 0.983532 -0.179192 -34.0564 -0.991737 -0.00038278 0.128289 235.918 
0.132957 0.183316 0.974021 -27.3412 -0.0218425 0.98305 -0.182034 -34.4238 -0.990881 0.00292762 0.134707 236.153 
0.139814 0.183115 0.973099 -25.4661 -0.0196268 0.983071 -0.182172 -34.79 -0.989983 0.00637145 0.141041 236.428 
0.147817 0.185233 0.971514 -23.5919 -0.0194429 0.982659 -0.1844 -35.1642 -0.988824 0.0083683 0.148855 236.747 
0.154838 0.179811 0.971439 -21.685 -0.0176371 0.983644 -0.179259 -35.5405 -0.987782 0.0106226 0.155476 237.063 
0.164175 0.180077 0.969855 -19.7767 -0.0177703 0.983576 -0.179617 -35.9184 -0.986271 0.012254 0.164679 237.388 
0.174549 0.181958 0.96769 -17.872 -0.0192556 0.98322 -0.181405 -36.2996 -0.98446 0.0130306 0.175124 237.796 
0.191083 0.180175 0.964896 -15.9494 -0.0182793 0.983492 -0.180027 -36.6757 -0.981404 0.0167625 0.191222 238.158 
0.224349 0.180611 0.957626 -13.1202 -0.0132465 0.98315 -0.182321 -37.239 -0.974419 0.0282183 0.222961 238.778 
0.255043 0.179064 0.950205 -10.2982 -0.0204532 0.983482 -0.179845 -37.8173 -0.966713 0.0264335 0.254493 239.572 
0.286215 0.180719 0.940968 -7.533 -0.0276663 0.983201 -0.180415 -38.3842 -0.957766 0.0256044 0.286407 240.422 
0.31258 0.176913 0.933271 -4.77084 -0.0314455 0.983892 -0.175977 -38.9551 -0.949371 0.0256597 0.313108 241.289 
0.334986 0.178084 0.925241 -2.05311 -0.0375895 0.98372 -0.175731 -39.5024 -0.941473 0.024088 0.336227 242.288 
0.360125 0.177035 0.915952 0.597212 -0.0402586 0.983864 -0.174332 -40.0559 -0.932035 0.0259064 0.361441 243.333 
0.384602 0.168878 0.907503 3.19795 -0.0426799 0.985324 -0.165272 -40.5856 -0.922095 0.024832 0.386166 244.495 
0.410094 0.168124 0.896414 5.74352 -0.0506743 0.985545 -0.161658 -41.0862 -0.910634 0.0208698 0.412686 245.631 
0.435717 0.166761 0.8845 8.23379 -0.0529639 0.985735 -0.159757 -41.5862 -0.898524 0.0227623 0.438334 246.88 
0.460016 0.164302 0.872577 10.6708 -0.05606 0.986144 -0.156132 -42.0753 -0.886139 0.0229065 0.462853 248.184 
0.475141 0.157868 0.865632 13.0944 -0.0595705 0.987288 -0.147357 -42.5451 -0.877891 0.0184493 0.478505 249.543 
0.481962 0.150617 0.863149 15.5553 -0.0607036 0.988487 -0.138593 -42.9986 -0.874087 0.0144003 0.485556 250.961 
0.485531 0.153279 0.860677 17.191 -0.0609864 0.98805 -0.141559 -43.2894 -0.87209 0.0162414 0.489076 251.898 
0.488862 0.152168 0.858987 18.8266 -0.059618 0.988195 -0.141127 -43.5774 -0.870322 0.0177806 0.492163 252.856 
0.491183 0.146757 0.858604 20.4494 -0.0576309 0.98902 -0.136079 -43.8634 -0.869148 0.0173576 0.494248 253.826 
0.493655 0.140345 0.858259 22.0884 -0.0559411 0.989973 -0.129707 -44.1374 -0.867857 0.0160184 0.496556 254.819 
0.495042 0.13911 0.857661 23.7355 -0.0560362 0.990157 -0.128257 -44.4128 -0.86706 0.0154324 0.497964 255.806 
0.496466 0.137391 0.857115 25.4062 -0.0577985 0.990436 -0.125283 -44.6959 -0.86613 0.0126587 0.499659 256.781 
0.498166 0.13184 0.857 27.0881 -0.0563929 0.991207 -0.119706 -44.9638 -0.865246 0.0113047 0.50122 257.774 
0.499814 0.129636 0.856376 28.7499 -0.0569667 0.991515 -0.116845 -45.2364 -0.864257 0.00961601 0.502958 258.786 
0.503019 0.12512 0.85517 30.4191 -0.0563096 0.992108 -0.112034 -45.4881 -0.862439 0.00820095 0.506095 259.792 
0.510164 0.120868 0.851542 32.9081 -0.0558121 0.992642 -0.107458 -45.8611 -0.858265 0.0072948 0.513156 261.336 
0.518173 0.114646 0.847557 34.5593 -0.0547414 0.993389 -0.100905 -46.0938 -0.853522 0.00588968 0.521023 262.363 
0.530845 0.110831 0.840191 36.1986 -0.0511861 0.993795 -0.0987532 -46.3247 -0.845922 0.00941653 0.533224 263.402 
0.542403 0.112642 0.832532 37.801 -0.0555054 0.99361 -0.0982741 -46.5482 -0.838283 0.00709415 0.54519 264.492 
0.55663 0.107014 0.823839 39.3964 -0.0556906 0.994245 -0.0915221 -46.7482 -0.828892 0.00506384 0.559386 265.563 
0.573551 0.105314 0.812372 40.9826 -0.0542413 0.994408 -0.0906171 -46.9505 -0.817372 0.00790945 0.576056 266.674 
0.59252 0.104153 0.798794 42.5485 -0.0541867 0.994514 -0.0894779 -47.1595 -0.803731 0.00973345 0.594913 267.841 
0.609588 0.102039 0.786124 44.0723 -0.0570599 0.994757 -0.0848728 -47.3559 -0.790662 0.00688128 0.612214 269.101 
0.629042 0.0991406 0.771024 45.6253 -0.0586947 0.99506 -0.0800617 -47.558 -0.775153 0.00510717 0.631753 270.326 
0.646268 0.0941596 0.757279 47.1134 -0.0612344 0.995557 -0.071529 -47.7437 -0.76065 -0.000144677 0.649162 271.659 
0.666674 0.0841172 0.740588 48.6533 -0.0568085 0.996456 -0.0620403 -47.9262 -0.743182 -0.000711075 0.669089 272.982 
0.687421 0.077952 0.722064 50.1383 -0.0500027 0.996944 -0.0600236 -48.0815 -0.724536 0.0051564 0.689218 274.4 
0.708008 0.0716854 0.702557 51.6081 -0.0484355 0.997421 -0.0529606 -48.2362 -0.704541 0.00346788 0.709655 275.857 
0.727519 0.0687188 0.682637 53.0396 -0.0489382 0.997635 -0.0482728 -48.3752 -0.68434 0.00171236 0.729161 277.375 
0.746602 0.0651156 0.662077 54.4364 -0.0483588 0.997878 -0.0436092 -48.507 -0.663511 0.000541406 0.748166 278.95 
0.760858 0.0678741 0.645359 55.7638 -0.0542004 0.997687 -0.0410287 -48.6322 -0.646651 -0.00376166 0.762777 280.602 
0.772488 0.0726856 0.630856 57.0977 -0.0610599 0.997327 -0.0401411 -48.749 -0.632087 -0.00751151 0.774861 282.272 
0.7836 0.0772361 0.616446 58.4233 -0.0683702 0.996936 -0.0379995 -48.8654 -0.617492 -0.0123702 0.786479 283.981 
0.794139 0.0784927 0.602646 59.7238 -0.0750399 0.996701 -0.0309329 -48.9734 -0.603086 -0.0206575 0.797409 285.725 
0.80157 0.0836155 0.592025 60.9948 -0.0841337 0.996095 -0.0267723 -49.0648 -0.591952 -0.0283494 0.805474 287.519 
0.805793 0.0913133 0.585115 62.2748 -0.0912465 0.995386 -0.02968 -49.1601 -0.585125 -0.0294737 0.810407 289.322 
0.807026 0.10257 0.58154 63.543 -0.0976888 0.99442 -0.0398257 -49.264 -0.58238 -0.0246696 0.812542 291.152 
0.808073 0.101701 0.580237 64.818 -0.0974894 0.99449 -0.0385392 -49.3827 -0.580959 -0.0254244 0.813536 293.003 
0.810188 0.0984754 0.577839 66.1174 -0.0939735 0.994857 -0.0377835 -49.5055 -0.578588 -0.0236898 0.815276 294.841 
0.810838 0.0986321 0.5769 67.3643 -0.0928737 0.994892 -0.0395611 -49.6356 -0.577855 -0.0215012 0.815856 296.731 
0.814455 0.0958351 0.572257 68.6782 -0.0893122 0.995218 -0.0395557 -49.7648 -0.573312 -0.0188932 0.819119 298.593 
0.821109 0.0929436 0.563153 69.9595 -0.0871706 0.995499 -0.0371989 -49.8966 -0.564076 -0.018546 0.825515 300.483 
0.832935 0.0907738 0.545875 71.2381 -0.0852813 0.995726 -0.0354515 -50.0137 -0.54676 -0.0170241 0.837116 302.37 
0.846378 0.0928486 0.524427 72.442 -0.0884627 0.995517 -0.0334831 -50.1319 -0.525184 -0.0180528 0.850797 304.307 
0.860026 0.0932439 0.501658 73.5919 -0.0910715 0.995425 -0.028891 -50.2426 -0.502057 -0.0208397 0.864584 306.265 
0.872804 0.0924856 0.479228 74.6676 -0.0918459 0.995463 -0.0248369 -50.3487 -0.479351 -0.0223373 0.877339 308.251 
0.885389 0.0934435 0.455362 75.6934 -0.0939716 0.995342 -0.0215362 -50.4474 -0.455253 -0.0237232 0.890046 310.251 
0.896467 0.101357 0.431363 76.6593 -0.102381 0.994525 -0.0209117 -50.5428 -0.431121 -0.0254166 0.901936 312.266 
0.90413 0.110634 0.412686 77.5415 -0.112891 0.993426 -0.018994 -50.6304 -0.412074 -0.0294157 0.910675 314.31 
0.909156 0.113477 0.400698 78.4397 -0.115892 0.993093 -0.0182908 -50.7085 -0.400007 -0.0298085 0.916027 316.342 
0.913411 0.111014 0.391608 79.3 -0.112987 0.993432 -0.0180849 -50.7882 -0.391043 -0.0277275 0.919954 318.384 
0.917761 0.11001 0.381593 80.1392 -0.11115 0.99362 -0.019128 -50.8664 -0.381262 -0.024859 0.924133 320.424 
0.921735 0.112359 0.371187 80.948 -0.112461 0.993425 -0.0214461 -50.9572 -0.371156 -0.0219766 0.92831 322.469 
0.928635 0.11497 0.35273 82.0837 -0.117145 0.992998 -0.0152534 -51.0793 -0.352013 -0.0271556 0.935601 325.568 
0.934541 0.114438 0.336952 83.1848 -0.115787 0.993143 -0.0161629 -51.1932 -0.336491 -0.0239096 0.941383 328.652 
0.937364 0.109813 0.330591 83.9254 -0.110462 0.993737 -0.0168836 -51.2659 -0.330374 -0.0206917 0.943623 330.689 
0.934424 0.115676 0.336853 84.6162 -0.117599 0.992951 -0.0147631 -51.3434 -0.336187 -0.0258186 0.941441 332.707 
0.925748 0.12235 0.3578 85.3118 -0.12503 0.992028 -0.0157303 -51.4244 -0.356872 -0.0301734 0.933666 334.664 
0.917909 0.120387 0.378086 86.0346 -0.123622 0.992204 -0.0158006 -51.5109 -0.377041 -0.0322365 0.925635 336.547 
0.913527 0.115287 0.3901 86.7849 -0.117787 0.992883 -0.0175965 -51.5859 -0.389352 -0.0298738 0.920605 338.347 
0.912495 0.113593 0.393001 87.5004 -0.114255 0.993212 -0.0217923 -51.6748 -0.392809 -0.0250171 0.91928 340.111 
0.914393 0.111316 0.389224 87.8841 -0.11132 0.993527 -0.0226243 -51.71 -0.389223 -0.0226407 0.920865 340.976 
0.916884 0.111751 0.383191 88.2478 -0.111796 0.993483 -0.0222296 -51.7546 -0.383177 -0.0224572 0.923402 341.849 
0.921561 0.107184 0.373144 88.6087 -0.106704 0.994047 -0.0220065 -51.7984 -0.373281 -0.0195357 0.927513 342.713 
0.931682 0.102481 0.348521 89.2586 -0.101782 0.994598 -0.0203707 -51.8699 -0.348726 -0.016494 0.93708 344.474 
0.945333 0.09324 0.312492 89.8585 -0.0928359 0.99555 -0.0162058 -51.9534 -0.312612 -0.0136906 0.949782 346.228 
0.958771 0.0903289 0.269442 90.349 -0.0896011 0.995864 -0.0150251 -52.0112 -0.269685 -0.00973668 0.962899 348.002 
0.971317 0.0910393 0.219668 90.7423 -0.0902435 0.995826 -0.0136758 -52.067 -0.219997 -0.00654014 0.975479 349.795 
0.981904 0.0952427 0.163684 91.0396 -0.0943358 0.995451 -0.0133232 -52.1125 -0.164209 -0.00235915 0.986423 351.612 
0.989922 0.0961154 0.103997 91.2277 -0.095841 0.995367 -0.00764391 -52.1554 -0.104249 -0.00240025 0.994548 353.433 
0.994286 0.0981346 0.0420066 91.3017 -0.0980005 0.995173 -0.00524489 -52.1926 -0.0423185 0.00109825 0.999104 355.261 
0.994677 0.10225 -0.0127556 91.2724 -0.102315 0.994742 -0.00449465 -52.2197 0.012229 0.00577581 0.999909 357.109 
0.992549 0.111076 -0.0500862 91.1708 -0.111086 0.993807 0.00258018 -52.2476 0.0500627 0.00300293 0.998742 358.979 
0.99049 0.120658 -0.0661148 91.0113 -0.1203 0.992693 0.00938263 -52.2553 0.0667638 -0.00133978 0.997768 360.87 
0.989538 0.12643 -0.0694968 90.7997 -0.127009 0.991894 -0.00395709 -52.2689 0.0684332 0.0127424 0.997574 363.749 
0.990061 0.125265 -0.0639403 90.6851 -0.125765 0.992053 -0.00383866 -52.3054 0.0629513 0.0118419 0.997946 365.723 
0.991324 0.117848 -0.0582171 90.4896 -0.118991 0.992757 -0.0165608 -52.3689 0.0558438 0.0233444 0.998167 368.741 
0.9916 0.117412 -0.0542555 90.2773 -0.118395 0.992849 -0.015264 -52.4551 0.0520754 0.0215594 0.99841 371.868 
0.990972 0.122431 -0.054642 90.0698 -0.123393 0.992251 -0.0145675 -52.5333 0.0524351 0.0211784 0.9984 375.104 
0.990635 0.124333 -0.0564178 89.9362 -0.125471 0.99195 -0.0170947 -52.588 0.0538382 0.0240134 0.998261 377.298 
0.990624 0.121957 -0.0615629 89.7954 -0.123498 0.992104 -0.021876 -52.6588 0.0584089 0.0292738 0.997863 379.519 
0.990958 0.11173 -0.0742907 89.6508 -0.113405 0.993373 -0.0187115 -52.7388 0.0717077 0.0269673 0.997061 381.76 
0.990103 0.104696 -0.0934559 89.4554 -0.106849 0.994106 -0.0183212 -52.8107 0.090987 0.0281256 0.995455 383.99 
0.988317 0.102476 -0.112821 89.2146 -0.105277 0.994259 -0.0191473 -52.8915 0.110212 0.0308012 0.993431 386.218 
0.986029 0.10037 -0.132941 88.948 -0.103468 0.994494 -0.0165865 -52.9605 0.130544 0.0301099 0.990985 388.446 
0.983417 0.100404 -0.151032 88.6198 -0.104019 0.994443 -0.0162064 -53.0392 0.148565 0.0316478 0.988396 390.653 
0.980621 0.100964 -0.167893 88.2317 -0.105403 0.994272 -0.0177227 -53.1164 0.165142 0.0350758 0.985646 392.837 
0.978077 0.100707 -0.182276 87.8019 -0.105593 0.994259 -0.0172763 -53.1845 0.179489 0.0361445 0.983096 395.006 
0.976321 0.0950473 -0.194328 87.3738 -0.100624 0.994743 -0.0190091 -53.2599 0.191499 0.0381131 0.980752 397.154 
0.974839 0.0838572 -0.206537 86.9071 -0.0914635 0.995427 -0.0275418 -53.3418 0.203283 0.0457394 0.978051 399.286 
0.972789 0.0804766 -0.217267 86.4337 -0.0877839 0.995846 -0.024177 -53.4236 0.214419 0.0425917 0.975813 401.432 
0.971011 0.0783252 -0.225836 85.9351 -0.08577 0.996042 -0.0233291 -53.5021 0.223115 0.0420228 0.973886 403.576 
0.969754 0.0784464 -0.231133 85.4086 -0.0853843 0.996144 -0.0201523 -53.5824 0.228661 0.0392779 0.972713 405.726 
0.969686 0.0733961 -0.23307 84.872 -0.0789115 0.996777 -0.0144157 -53.643 0.231261 0.0323706 0.972353 407.884 
0.969916 0.0633534 -0.235051 84.351 -0.0683207 0.997578 -0.0130414 -53.7027 0.233656 0.0287079 0.971896 410.047 
0.969835 0.0558533 -0.237279 83.8017 -0.0608382 0.998053 -0.0137322 -53.7585 0.23605 0.0277536 0.971345 412.204 
0.969401 0.0520084 -0.239911 83.2555 -0.056623 0.998319 -0.0123773 -53.8301 0.238864 0.0255831 0.970716 414.376 
0.968612 0.0550927 -0.242396 82.6876 -0.058709 0.998245 -0.0077156 -53.8919 0.241545 0.0217042 0.970147 416.552 
0.968198 0.0593825 -0.243036 82.1105 -0.06196 0.998074 -0.00296815 -53.9314 0.242392 0.0179323 0.970013 418.715 
0.968628 0.0611481 -0.240875 81.5294 -0.0632014 0.998 -0.000800174 -53.9604 0.240344 0.0159987 0.970556 420.864 
0.969387 0.0611564 -0.237798 80.9843 -0.0621873 0.998059 0.0031712 -53.9919 0.237531 0.0117139 0.971309 423.017 
0.969977 0.0645573 -0.234471 80.4463 -0.0646091 0.997883 0.00746906 -54.0105 0.234457 0.00790413 0.972094 425.166 
0.970948 0.0659081 -0.230033 79.6496 -0.0658514 0.997798 0.00793192 -54.0364 0.23005 0.00744653 0.97315 428.358 
0.97204 0.0628058 -0.22626 78.9016 -0.0608948 0.998025 0.0154228 -54.0602 0.226781 -0.00121355 0.973945 431.503 
0.973074 0.0578755 -0.223108 78.1744 -0.0555037 0.998316 0.016892 -54.0726 0.223709 -0.00405385 0.974647 434.635 
0.973577 0.0510895 -0.222569 77.6846 -0.0482758 0.998671 0.0180679 -54.0842 0.223196 -0.00684579 0.97475 436.701 
0.973611 0.0486822 -0.222963 76.986 -0.0455704 0.998779 0.0190836 -54.0928 0.22362 -0.00841952 0.97464 439.761 
0.97341 0.0496118 -0.223631 76.2762 -0.0456013 0.998693 0.0230654 -54.0875 0.224483 -0.0122542 0.974401 442.765 
0.973325 0.0465521 -0.22466 75.5613 -0.0421377 0.998814 0.0244069 -54.0645 0.22553 -0.0142892 0.974131 445.704 
0.972897 0.0463404 -0.226547 74.8705 -0.0415385 0.998801 0.0259204 -54.0534 0.227476 -0.0158075 0.973655 448.611 
0.972909 0.0504738 -0.225612 74.1646 -0.044797 0.998539 0.0302139 -54.0319 0.226807 -0.0192887 0.973749 451.467 
0.97278 0.0517523 -0.225879 73.4841 -0.0441818 0.998283 0.0384469 -53.9899 0.227481 -0.0274206 0.973396 454.283 
0.972039 0.0517466 -0.229045 73.043 -0.0422415 0.998038 0.0462119 -53.9556 0.230987 -0.0352446 0.972318 456.149 
0.971195 0.0489094 -0.233211 72.61 -0.0381667 0.998002 0.0503592 -53.908 0.235208 -0.0400077 0.971121 458 
0.970345 0.0472737 -0.237057 72.1675 -0.0358171 0.997983 0.0524069 -53.847 0.239057 -0.042362 0.970081 459.812 
0.970524 0.0452697 -0.236716 71.6712 -0.0335636 0.998017 0.0532523 -53.7741 0.238657 -0.0437376 0.970118 461.595 
0.970736 0.0447172 -0.235951 71.2542 -0.0329122 0.998013 0.053737 -53.7215 0.237885 -0.0443988 0.970278 463.364 
0.971781 0.0387671 -0.232678 70.5766 -0.0264657 0.998093 0.0557612 -53.6574 0.234396 -0.0480297 0.970954 465.931 
0.97168 0.0378832 -0.233242 70.0378 -0.0265916 0.998326 0.0513681 -53.601 0.234798 -0.0437111 0.971061 468.423 
0.972486 0.0370602 -0.229997 69.4419 -0.02653 0.998461 0.0487099 -53.5194 0.231448 -0.0412679 0.971972 470.779 
0.974352 0.0342707 -0.222404 68.8648 -0.0247461 0.998659 0.0454728 -53.4324 0.223664 -0.0388029 0.973894 473.103 
0.977035 0.032979 -0.210513 68.526 -0.0243225 0.998754 0.0435792 -53.4177 0.211687 -0.0374582 0.976619 474.656 
0.983781 0.0430915 -0.17412 68.0704 -0.0339698 0.997906 0.0550337 -53.3865 0.176127 -0.0482263 0.983185 477 
0.989613 0.042589 -0.137302 67.8103 -0.0349326 0.997723 0.0576992 -53.3171 0.139447 -0.0523036 0.988847 478.54 
0.994554 0.0471622 -0.0929362 67.6531 -0.0416419 0.997301 0.0604686 -53.2678 0.0955372 -0.0562693 0.993834 480.113 
0.9981 0.0468097 -0.0400779 67.5657 -0.0443509 0.997201 0.0601865 -53.1962 0.042783 -0.0582946 0.997382 481.683 
0.998993 0.0433847 0.0114619 67.6353 -0.0439338 0.997626 0.0530278 -53.1411 -0.00913413 -0.0534779 0.998527 483.271 
0.996948 0.0409859 0.0664447 67.7143 -0.0443402 0.997774 0.0498196 -53.0917 -0.0642549 -0.0526137 0.996546 484.833 
0.992167 0.0359678 0.119632 67.8639 -0.0421563 0.997879 0.0496066 -53.0546 -0.117594 -0.0542612 0.991578 486.413 
0.984856 0.0319565 0.170405 68.1294 -0.0405965 0.998048 0.0474609 -52.9936 -0.168555 -0.05366 0.984231 487.998 
0.975019 0.0282291 0.220318 68.4792 -0.0389774 0.998245 0.0445907 -52.9525 -0.218673 -0.0520642 0.974408 489.584 
0.964213 0.0234708 0.264089 68.9442 -0.0353524 0.998561 0.0403279 -52.9268 -0.262763 -0.0482208 0.963655 491.13 
0.952204 0.0213461 0.304716 69.4259 -0.0338714 0.998782 0.0358772 -52.8953 -0.303579 -0.0444836 0.951767 492.691 
0.94032 0.0198416 0.339713 70.0014 -0.0329236 0.99892 0.032788 -52.8681 -0.338695 -0.0420158 0.939958 494.26 
0.92748 0.0185327 0.373413 70.6359 -0.0323226 0.999006 0.0307012 -52.857 -0.372473 -0.0405444 0.927157 495.826 
0.91264 0.0177723 0.408379 71.3041 -0.0322954 0.999066 0.0286948 -52.8326 -0.407488 -0.0393768 0.912361 497.375 
0.896693 0.0131725 0.442458 72.0429 -0.0296254 0.999102 0.030295 -52.8113 -0.441661 -0.0402733 0.896278 498.921 
0.880017 0.0133814 0.474754 72.8464 -0.0294379 0.999218 0.0264029 -52.8022 -0.47403 -0.0372108 0.879722 500.452 
0.8635 0.0155148 0.50411 73.7521 -0.0297389 0.999354 0.0201837 -52.8059 -0.503471 -0.0324204 0.863403 501.952 
0.830512 0.0187334 0.556686 75.175 -0.0344521 0.999248 0.0177722 -52.8015 -0.555934 -0.033939 0.830533 504.165 
0.787218 0.0145559 0.616503 76.758 -0.0340771 0.999221 0.0199212 -52.8195 -0.615733 -0.036691 0.7871 506.283 
0.734464 0.00950803 0.678581 78.5206 -0.0288071 0.999437 0.0171757 -52.8326 -0.678036 -0.0321629 0.734324 508.246 
0.680182 0.00115042 0.733042 80.4155 -0.0205354 0.999636 0.0174858 -52.8452 -0.732755 -0.0269469 0.679958 510.052 
0.647601 -0.000556396 0.76198 81.7309 -0.0163422 0.99976 0.0146191 -52.8577 -0.761805 -0.0219197 0.647436 511.177 
0.615468 -0.00575616 0.788141 83.0497 -0.0154334 0.999694 0.0193534 -52.8803 -0.788011 -0.0240751 0.61519 512.319 
0.586802 -0.00435638 0.809718 84.4758 -0.0150482 0.999754 0.0162842 -52.8947 -0.80959 -0.0217404 0.586593 513.31 
0.536773 -0.0134489 0.84362 86.6683 -0.0135286 0.999607 0.0245435 -52.8898 -0.843619 -0.0245873 0.53638 514.809 
0.479263 -0.0167553 0.877511 89.0081 -0.0119083 0.999602 0.0255904 -52.8877 -0.877591 -0.0227142 0.478873 516.094 
0.41461 -0.0218051 0.909738 91.469 -0.00202262 0.999688 0.0248829 -52.8764 -0.909997 -0.0121567 0.414437 517.245 
0.343762 -0.026133 0.938693 94.0278 0.00413203 0.999645 0.0263166 -52.8615 -0.939048 -0.00516794 0.343748 518.259 
0.26707 -0.0210552 0.963447 96.7004 -0.0016609 0.99975 0.022309 -52.855 -0.963676 -0.00755826 0.266968 519.119 
0.189291 -0.0213588 0.981689 99.5088 -0.00205447 0.999753 0.0221479 -52.838 -0.981919 -0.00620926 0.1892 519.73 
0.138452 -0.0230912 0.9901 101.439 0.00579126 0.99973 0.022506 -52.8345 -0.990352 0.00261794 0.138548 519.964 
0.0873461 -0.0251537 0.99586 103.401 0.0117481 0.999638 0.0242187 -52.8264 -0.996109 0.00958403 0.08761 520.15 
0.0388977 -0.0232897 0.998972 105.386 0.014633 0.999634 0.0227354 -52.8239 -0.999136 0.0137336 0.0392243 520.23 
-0.0111094 -0.0256498 0.999609 107.403 0.0165805 0.999529 0.025832 -52.8148 -0.999801 0.016861 -0.0106789 520.229 
-0.0588521 -0.029915 0.997818 109.446 0.0186102 0.999344 0.0310584 -52.7952 -0.998093 0.0203975 -0.0582568 520.123 
-0.108244 -0.028361 0.99372 111.501 0.0167611 0.999399 0.0303489 -52.7771 -0.993983 0.0199409 -0.107703 519.941 
-0.158442 -0.0254249 0.987041 113.562 0.0177237 0.999434 0.0285892 -52.7537 -0.987209 0.0220237 -0.157901 519.656 
-0.203918 -0.0270648 0.978614 115.627 0.021602 0.99925 0.0321368 -52.7314 -0.97875 0.0276933 -0.20318 519.203 
-0.245422 -0.0220752 0.969165 117.691 0.0278222 0.999168 0.0298041 -52.711 -0.969017 0.0342789 -0.244604 518.677 
-0.286482 -0.0218635 0.957836 119.763 0.0257026 0.999204 0.0304953 -52.6807 -0.957741 0.0333552 -0.285692 518.095 
-0.349601 -0.0145297 0.936786 122.888 0.0218729 0.999481 0.0236649 -52.6586 -0.936643 0.0287635 -0.349101 517.118 
-0.407362 -0.0168861 0.913111 125.971 0.0214883 0.999375 0.0280679 -52.6446 -0.913014 0.031055 -0.406744 515.883 
-0.449285 -0.0175577 0.893216 128.988 0.023418 0.999232 0.0314209 -52.606 -0.893082 0.0350343 -0.448529 514.447 
-0.467729 -0.0105981 0.883809 132.002 0.0377768 0.998775 0.031969 -52.5901 -0.883064 0.0483402 -0.466755 512.857 
-0.473862 -0.0118518 0.880519 135.064 0.0450777 0.998272 0.0376959 -52.5441 -0.879444 0.0575545 -0.472509 511.235 
-0.477774 -0.0213678 0.878223 138.177 0.040343 0.998116 0.0462324 -52.4695 -0.877556 0.0575188 -0.476012 509.58 
-0.481188 -0.0175691 0.876441 141.368 0.0402275 0.998303 0.0420979 -52.3637 -0.875694 0.055514 -0.479665 507.891 
-0.483264 -0.0157572 0.875333 143.39 0.0424546 0.99824 0.0414085 -52.3144 -0.874445 0.0571731 -0.481745 506.775 
-0.485925 -0.0202968 0.873765 145.536 0.0411747 0.998089 0.0460832 -52.2712 -0.87303 0.05837 -0.484161 505.615 
-0.488823 -0.0246604 0.872035 147.694 0.0379558 0.998053 0.0495004 -52.2035 -0.871557 0.0572957 -0.486935 504.445 
-0.491086 -0.0253886 0.870741 149.877 0.0366756 0.998086 0.0497862 -52.1239 -0.870339 0.0563843 -0.489215 503.27 
-0.492567 -0.0199902 0.870045 152.077 0.0397447 0.998176 0.0454352 -52.0385 -0.869366 0.0569596 -0.490874 502.071 
-0.492347 -0.0234242 0.870084 154.307 0.0382707 0.998088 0.0485262 -51.9696 -0.869557 0.0571904 -0.49051 500.845 
-0.49233 -0.0213747 0.870146 156.549 0.0354943 0.998374 0.0446072 -51.8976 -0.869685 0.0528467 -0.49077 499.621 
-0.49148 -0.0147618 0.870764 158.802 0.036614 0.998622 0.0375952 -51.8325 -0.870119 0.0503595 -0.490262 498.366 
-0.491525 -0.018953 0.870657 161.093 0.0392735 0.998264 0.0439024 -51.779 -0.869977 0.0557729 -0.489927 497.067 
-0.492069 -0.0190697 0.870347 163.431 0.0371254 0.998391 0.0428648 -51.7073 -0.869764 0.0534045 -0.490569 495.788 
-0.492414 -0.020316 0.870124 166.952 0.0357536 0.998412 0.0435447 -51.5984 -0.869626 0.0525521 -0.490906 493.811 
-0.493359 -0.0177286 0.869645 170.531 0.0382489 0.998383 0.0420521 -51.5209 -0.868984 0.0540098 -0.491883 491.796 
-0.49372 -0.0204209 0.869381 172.935 0.0375069 0.998294 0.044749 -51.4577 -0.868812 0.0547012 -0.492111 490.43 
-0.494173 -0.0205322 0.869121 175.37 0.0311065 0.998663 0.0412793 -51.3997 -0.868807 0.0474345 -0.492874 489.059 
-0.495196 -0.0260055 0.868392 177.82 0.0224715 0.998834 0.0427261 -51.3413 -0.868491 0.0406718 -0.494034 487.704 
-0.494295 -0.0196887 0.869071 181.504 0.0319702 0.998655 0.0408079 -51.2553 -0.868706 0.0479555 -0.493001 485.603 
-0.493482 -0.0207385 0.869509 185.188 0.036658 0.998331 0.0446159 -51.1699 -0.868983 0.0538916 -0.491898 483.528 
-0.493143 -0.0222925 0.869662 187.652 0.0344061 0.99839 0.0451022 -51.1196 -0.869268 0.0521635 -0.491582 482.143 
-0.49329 -0.0171716 0.869696 190.12 0.0398458 0.99831 0.0423114 -51.0581 -0.868952 0.0555255 -0.491772 480.771 
-0.491306 -0.0125378 0.870897 192.583 0.0440103 0.998262 0.0391993 -51.0027 -0.869874 0.0575873 -0.4899 479.393 
-0.490035 -0.0256013 0.871327 195.069 0.0359114 0.998127 0.0495236 -50.9399 -0.870963 0.0555589 -0.488198 478.04 
-0.486566 -0.0241633 0.873309 197.546 0.0323485 0.998434 0.0456483 -50.8664 -0.873045 0.0504612 -0.485022 476.695 
-0.482645 -0.020916 0.875566 199.981 0.0321374 0.998619 0.0415709 -50.8147 -0.875226 0.0482024 -0.481306 475.361 
-0.481721 -0.0226923 0.876031 202.435 0.0297629 0.998664 0.0422353 -50.7654 -0.875819 0.0464189 -0.480403 474.043 
-0.481343 -0.0251304 0.876172 204.883 0.0285121 0.998611 0.0443059 -50.695 -0.876069 0.0463078 -0.479958 472.73 
-0.48328 -0.0223867 0.87518 207.31 0.0280322 0.998765 0.0410275 -50.6376 -0.875017 0.044361 -0.482055 471.407 
-0.486107 -0.017167 0.873731 209.725 0.0334716 0.998708 0.0382446 -50.5928 -0.873258 0.0478361 -0.484904 470.063 
-0.49154 -0.0188335 0.870652 212.129 0.035064 0.998527 0.0413956 -50.5596 -0.870149 0.0508761 -0.490155 468.737 
-0.497722 -0.0221037 0.867055 214.501 0.0341284 0.998402 0.0450431 -50.5152 -0.866665 0.0520101 -0.496172 467.403 
-0.504089 -0.0143972 0.863532 217.988 0.0391021 0.998455 0.0394727 -50.4121 -0.862766 0.0536637 -0.502747 465.345 
-0.513515 -0.0199006 0.85785 221.489 0.0317653 0.998605 0.0421809 -50.331 -0.857492 0.0489104 -0.512167 463.355 
-0.521397 -0.0255292 0.852932 224.838 0.0248044 0.998677 0.0450544 -50.2204 -0.852954 0.0446477 -0.520074 461.376 
-0.52557 -0.0277847 0.850297 228.032 0.0207946 0.998748 0.0454888 -50.1345 -0.850496 0.0415891 -0.524334 459.415 
-0.526438 -0.0316194 0.849625 231.055 0.0127042 0.998904 0.0450466 -50.0691 -0.850118 0.034508 -0.52546 457.578 
-0.5232 -0.0335266 0.85155 233.007 0.00841696 0.998974 0.0445023 -50.0214 -0.852168 0.0304511 -0.522381 456.418 
-0.516238 -0.0362443 0.855678 234.918 0.00615205 0.998921 0.0460233 -50.0271 -0.856423 0.0290232 -0.515458 455.378 
-0.491975 -0.0356859 0.869878 236.726 0.00516302 0.999022 0.0439039 -49.9564 -0.870594 0.0260908 -0.491309 454.253 
-0.466837 -0.0336892 0.883702 238.624 0.00747073 0.999088 0.0420346 -49.9575 -0.884312 0.0262252 -0.466159 453.359 
-0.434827 -0.0349568 0.899835 240.48 -0.0018994 0.99928 0.0379022 -49.9176 -0.900512 0.0147718 -0.43458 452.48 
-0.400298 -0.0325241 0.915807 242.325 -0.00791717 0.999455 0.0320342 -49.8675 -0.916351 0.00557262 -0.400338 451.652 
-0.363096 -0.0324511 0.931186 244.21 -0.00802272 0.999465 0.0317023 -49.8505 -0.931717 0.00404032 -0.363162 450.932 
-0.325436 -0.0396275 0.944733 246.134 -0.0137357 0.999214 0.0371811 -49.8285 -0.945464 -0.00087646 -0.325725 450.296 
-0.286737 -0.0459277 0.956908 248.079 -0.0207796 0.998913 0.0417172 -49.7992 -0.957784 -0.00792231 -0.28738 449.736 
-0.248229 -0.0478175 0.96752 250.02 -0.0304345 0.998673 0.0415488 -49.7703 -0.968223 -0.0191324 -0.249355 449.275 
-0.206325 -0.0480098 0.977305 251.974 -0.0327054 0.998576 0.0421501 -49.7321 -0.977937 -0.0232665 -0.207602 448.865 
-0.158868 -0.0415324 0.986426 253.967 -0.0285305 0.998891 0.0374623 -49.706 -0.986887 -0.0221916 -0.159877 448.555 
-0.105303 -0.0338304 0.993865 255.984 -0.0217464 0.999261 0.03171 -49.6769 -0.994202 -0.0182739 -0.10596 448.333 
-0.0487486 -0.0336032 0.998246 258.029 -0.0205506 0.999256 0.0326336 -49.662 -0.9986 -0.0189237 -0.0494029 448.225 
0.00804735 -0.0343443 0.999378 260.119 -0.0244662 0.999104 0.0345319 -49.6392 -0.999668 -0.0247289 0.00719986 448.285 
0.0667368 -0.0366886 0.997096 262.232 -0.0333842 0.998682 0.0389814 -49.5952 -0.997212 -0.0358888 0.065424 448.453 
0.154856 -0.0266802 0.987577 265.376 -0.0472268 0.998293 0.0343751 -49.5347 -0.986808 -0.0519633 0.153332 448.864 
0.241597 -0.0219051 0.970129 268.546 -0.0532937 0.997937 0.035805 -49.4868 -0.968912 -0.0603522 0.239931 449.541 
0.322433 -0.0192252 0.946397 271.676 -0.0568593 0.997595 0.0396369 -49.4261 -0.944883 -0.0665917 0.320564 450.584 
0.372734 -0.0141554 0.92783 273.733 -0.0567175 0.997667 0.0380058 -49.3727 -0.926203 -0.0667903 0.371062 451.417 
0.42187 -0.0183798 0.90647 275.786 -0.058547 0.997156 0.0474662 -49.312 -0.904764 -0.0730957 0.419594 452.334 
0.488466 -0.0206858 0.872338 278.782 -0.0584443 0.996698 0.0563606 -49.1974 -0.870624 -0.0785134 0.485644 453.909 
0.539885 -0.0142662 0.841618 281.669 -0.0663338 0.996026 0.0594357 -49.0746 -0.839121 -0.0879162 0.536793 455.729 
0.576339 -0.00796558 0.817172 284.509 -0.0745738 0.995268 0.0622974 -48.9377 -0.813801 -0.096844 0.573018 457.73 
0.606631 -0.00236947 0.79498 287.311 -0.0734283 0.995554 0.0589987 -48.7856 -0.791585 -0.0941645 0.60376 459.822 
0.621516 0.000236668 0.783402 289.15 -0.0727123 0.995701 0.0573859 -48.6979 -0.78002 -0.0926292 0.618861 461.283 
0.629776 0.000149256 0.776777 290.984 -0.0738129 0.995486 0.059653 -48.6005 -0.773262 -0.0949042 0.626945 462.77 
0.637562 -0.00301747 0.770393 293.7 -0.0727724 0.995285 0.0641234 -48.4597 -0.766954 -0.096946 0.634337 465 
0.641703 6.10011e-05 0.766953 295.481 -0.073971 0.995343 0.0618117 -48.3523 -0.763378 -0.096397 0.638719 466.499 
0.643425 0.00142267 0.765508 297.236 -0.0701368 0.995902 0.0571006 -48.2541 -0.76229 -0.0904302 0.640888 468.01 
0.642236 -0.000554929 0.766507 298.954 -0.0678725 0.99603 0.0575897 -48.1683 -0.763496 -0.0890109 0.639649 469.524 
0.636338 -0.00176571 0.771408 300.649 -0.0700278 0.995736 0.0600454 -48.0703 -0.768225 -0.0922292 0.633501 470.977 
0.626763 -0.00324571 0.779203 302.34 -0.0723485 0.995429 0.0623409 -47.9998 -0.775844 -0.0954472 0.623664 472.361 
0.610934 0.00331535 0.791675 303.946 -0.0780151 0.995376 0.0560357 -47.9146 -0.787828 -0.0959967 0.608368 473.709 
0.589544 0.00683822 0.807707 305.525 -0.0788368 0.995677 0.0491132 -47.8443 -0.80388 -0.0926314 0.587534 474.939 
0.567394 0.0068763 0.823418 307.13 -0.0737592 0.99637 0.0425048 -47.7932 -0.820136 -0.0848516 0.565841 476.063 
0.542645 0.00485053 0.839948 308.707 -0.0682369 0.996933 0.0383271 -47.768 -0.837186 -0.0781135 0.541312 477.113 
0.516967 0.00890262 0.855959 310.255 -0.056564 0.998116 0.0237814 -47.7615 -0.854134 -0.0607106 0.516497 478.03 
0.487664 0.0312291 0.872472 311.718 -0.0580386 0.998309 -0.00329287 -47.7764 -0.8711 -0.0490312 0.488652 478.873 
0.426515 0.0417819 0.903515 313.86 -0.0623703 0.997913 -0.0167046 -47.8476 -0.902327 -0.0492277 0.428231 480.014 
0.348374 0.0289126 0.93691 316.014 -0.0509998 0.998628 -0.0118537 -47.9379 -0.935967 -0.0436527 0.349371 480.773 
0.237062 0.0399513 0.970673 318.152 -0.0299271 0.99898 -0.0338075 -48.0445 -0.971033 -0.0210349 0.238016 481.329 
0.117056 0.0521217 0.991757 320.354 -0.0200172 0.998543 -0.0501157 -48.1859 -0.992924 -0.0139859 0.117928 481.591 
-0.0103796 0.0380104 0.999223 322.594 -0.0139543 0.999174 -0.0381535 -48.313 -0.999849 -0.0143395 -0.00984063 481.646 
-0.17769 0.0443714 0.983086 325.432 0.00940435 0.999014 -0.0433905 -48.4827 -0.984042 0.00153523 -0.177932 481.208 
-0.299284 0.0469556 0.953008 328.248 0.0272791 0.998801 -0.0406451 -48.6712 -0.953774 0.0138328 -0.300206 480.447 
-0.355624 0.0486318 0.933363 330.311 0.0367745 0.9986 -0.0380193 -48.7865 -0.933906 0.0208034 -0.356914 479.72 
-0.40451 0.0499691 0.913167 332.343 0.0472403 0.998315 -0.0337021 -48.9032 -0.913313 0.0295054 -0.406189 478.814 
-0.469656 0.0461294 0.881643 334.417 0.0456034 0.998568 -0.0279539 -49.0741 -0.881671 0.0270772 -0.471088 477.872 
-0.547805 0.055065 0.834792 336.306 0.0513574 0.998163 -0.0321397 -49.1467 -0.835029 0.0252665 -0.549626 476.644 
-0.636856 0.0555438 0.768979 338.076 0.0628939 0.99782 -0.0199854 -49.2127 -0.768413 0.0356363 -0.638961 475.086 
-0.698996 0.0617303 0.712456 339.139 0.0709283 0.997339 -0.0168255 -49.2564 -0.711599 0.0387723 -0.701515 474.056 
-0.807675 0.0679286 0.585702 340.924 0.0842287 0.996446 0.000584221 -49.3842 -0.583581 0.0498048 -0.810526 471.722 
-0.919542 0.0908475 0.382346 343.092 0.10269 0.994657 0.0106326 -49.4002 -0.379337 0.04904 -0.923958 467.37 
-0.966194 0.100652 0.237357 344.204 0.110979 0.993354 0.0305223 -49.3893 -0.232707 0.0558322 -0.970943 464.063 
-0.988005 0.11148 0.106853 344.586 0.116289 0.992415 0.0398687 -49.3338 -0.101598 0.0518163 -0.993475 461.308 
-0.993615 0.112774 0.00320938 344.692 0.112773 0.991985 0.0569866 -49.2744 0.00324296 0.0569847 -0.99837 459.166 
-0.985182 0.117262 -0.125162 344.405 0.110157 0.991961 0.0622724 -49.1211 0.131458 0.0475621 -0.99018 456.26 
-0.967039 0.123358 -0.222752 343.772 0.111012 0.991547 0.0671705 -48.9672 0.229155 0.0402284 -0.972558 453.269 
-0.951306 0.117651 -0.284912 342.912 0.102589 0.992446 0.0672777 -48.7906 0.290675 0.0347728 -0.95619 450.194 
-0.941595 0.119143 -0.314966 342.152 0.100786 0.992152 0.0740023 -48.6497 0.321311 0.037936 -0.946214 447.804 
-0.937958 0.121188 -0.324881 341.303 0.104452 0.992165 0.0685384 -48.5026 0.330641 0.0303518 -0.943268 445.353 
-0.935294 0.126724 -0.330403 340.128 0.107596 0.991314 0.075632 -48.3046 0.337117 0.0351882 -0.940805 441.937 
-0.932868 0.12563 -0.337601 338.923 0.107374 0.991587 0.072298 -48.0817 0.343844 0.031195 -0.938509 438.41 
-0.931238 0.129696 -0.340551 337.904 0.111119 0.991079 0.0735868 -47.9015 0.347057 0.030685 -0.937342 435.713 
-0.928532 0.134122 -0.346178 336.941 0.114913 0.9905 0.0755318 -47.7658 0.35302 0.0303535 -0.935123 432.905 
-0.927358 0.131841 -0.350179 336.305 0.112023 0.990768 0.0763571 -47.649 0.357014 0.0315823 -0.933565 431.121 
-0.925391 0.129088 -0.356354 335.301 0.108445 0.991084 0.0774042 -47.4701 0.363169 0.0329844 -0.931139 428.292 
-0.925195 0.130189 -0.356461 333.774 0.108962 0.990895 0.0790899 -47.2121 0.363512 0.034333 -0.930957 424.515 
-0.934855 0.110183 -0.337501 331.726 0.094307 0.993539 0.0631328 -46.8739 0.342277 0.0271913 -0.939206 418.719 
-0.949444 0.095991 -0.298901 330.125 0.0810555 0.994779 0.0620012 -46.6925 0.303292 0.0346391 -0.952268 413.86 
-0.966263 0.0983615 -0.238035 328.977 0.0872859 0.994571 0.0566571 -46.5159 0.242315 0.0339685 -0.969603 409.994 
-0.978016 0.0912571 -0.187503 328.172 0.0832751 0.99527 0.0500317 -46.4183 0.191182 0.0333174 -0.980989 407.119 
-0.984779 0.0938017 -0.146329 327.684 0.0873247 0.99492 0.0500901 -46.3296 0.150284 0.0365496 -0.987967 404.163 
-0.990617 0.0848749 -0.107115 327.375 0.079481 0.995391 0.0536663 -46.2488 0.111176 0.0446491 -0.992797 401.153 
-0.994296 0.0814124 -0.0689016 327.165 0.0780126 0.995664 0.050677 -46.1551 0.0727285 0.0450127 -0.996335 398.162 
-0.995694 0.0823104 -0.0426336 327.076 0.0800758 0.995447 0.051709 -46.0889 0.0466957 0.0480724 -0.997752 396.159 
-0.996385 0.0833814 -0.0162364 327.037 0.0824152 0.995182 0.0531133 -46.0163 0.0205869 0.0515832 -0.998456 394.159 
-0.996426 0.0843948 -0.00351923 327.024 0.084097 0.995088 0.0522298 -45.9765 0.00790987 0.0517472 -0.998629 393.163 
-0.996126 0.0858037 0.0192567 327.093 0.0866052 0.995199 0.0455855 -45.9277 -0.0152528 0.0470766 -0.998775 391.158 
-0.99541 0.0854302 0.0431263 327.195 0.0872284 0.995315 0.0416934 -45.8877 -0.0393624 0.0452639 -0.998199 389.124 
-0.99386 0.0829813 0.0731834 327.396 0.0856785 0.995725 0.0345156 -45.8265 -0.0700064 0.0405739 -0.996721 386.138 
-0.992223 0.0823482 0.0933439 327.566 0.0856061 0.995833 0.0314458 -45.804 -0.0903654 0.039192 -0.995137 384.145 
-0.990455 0.0816037 0.111085 327.783 0.0857695 0.99576 0.0332454 -45.7792 -0.107901 0.0424558 -0.993255 382.161 
-0.987373 0.0788182 0.137416 328.137 0.0840585 0.995923 0.0327485 -45.7403 -0.134274 0.0438859 -0.989972 379.222 
-0.985604 0.0721285 0.152915 328.413 0.0779792 0.996422 0.0326074 -45.6988 -0.150016 0.0440622 -0.987701 377.28 
-0.983765 0.0661663 0.166821 328.699 0.072762 0.996779 0.033734 -45.6583 -0.164051 0.0453245 -0.98541 375.367 
-0.980929 0.0677081 0.182193 329.059 0.075406 0.996515 0.0356535 -45.6461 -0.179144 0.048712 -0.982616 373.478 
-0.978792 0.0665929 0.193733 329.496 0.073772 0.996822 0.0300734 -45.6378 -0.191114 0.0437276 -0.980593 371.6 
-0.975866 0.0674655 0.207686 329.886 0.0738573 0.997 0.0231685 -45.6316 -0.205499 0.0379485 -0.977921 369.768 
-0.972613 0.0694322 0.221817 330.3 0.0754786 0.996969 0.0188884 -45.6552 -0.219833 0.0351135 -0.974905 368 
-0.968834 0.0712828 0.237234 330.66 0.0756664 0.997089 0.00941186 -45.6886 -0.235872 0.0270692 -0.971407 366.289 
-0.967107 0.0710325 0.244251 331.18 0.0699916 0.997464 -0.0129496 -45.7131 -0.244552 0.00457185 -0.969625 364.745 
-0.964906 0.0698946 0.253124 331.591 0.0646944 0.997489 -0.0288203 -45.7757 -0.254503 -0.0114332 -0.967004 363.248 
-0.96387 0.0711179 0.256705 332.001 0.0624924 0.997177 -0.0416144 -45.9038 -0.25894 -0.0240688 -0.965593 361.907 
-0.964018 0.0736782 0.255423 332.422 0.0625724 0.996719 -0.0513484 -46.0249 -0.258368 -0.0335184 -0.965465 360.585 
-0.96634 0.0829997 0.243513 332.962 0.0750379 0.996304 -0.0418079 -46.1726 -0.246083 -0.0221279 -0.968996 358.576 
-0.971322 0.0880615 0.22086 333.214 0.0800887 0.99578 -0.0448155 -46.2168 -0.223875 -0.0258418 -0.974275 357.244 
-0.984645 0.0946632 0.146674 333.553 0.0926958 0.995489 -0.0202065 -46.3217 -0.147925 -0.00630024 -0.988979 355.303 
-0.994452 0.0989288 0.0357526 333.685 0.0991616 0.99506 0.0047949 -46.3721 -0.0351016 0.00831358 -0.999349 353.379 
-0.985112 0.102294 -0.138168 333.469 0.0984303 0.994545 0.0345275 -46.3804 0.140946 0.0204135 -0.989807 350.848 
-0.957204 0.105205 -0.269616 332.977 0.0926206 0.993951 0.0590167 -46.3334 0.274194 0.031519 -0.961158 348.963 
-0.908144 0.0976396 -0.407112 332.398 0.0731785 0.994474 0.0752703 -46.2119 0.412212 0.0385644 -0.910271 347.102 
-0.845533 0.108154 -0.522855 331.368 0.0745583 0.993591 0.0849558 -46.1175 0.528692 0.0328497 -0.848178 345.369 
-0.800529 0.115351 -0.588089 330.565 0.0756574 0.992902 0.0917658 -46.0149 0.5945 0.0289679 -0.803574 344.262 
-0.739141 0.120791 -0.662631 329.202 0.0787955 0.99254 0.0930372 -45.8623 0.668925 0.0165553 -0.743145 342.657 
-0.694134 0.126958 -0.708562 327.597 0.0858185 0.991899 0.0936546 -45.6778 0.714712 0.00420113 -0.699406 341.079 
-0.661597 0.129192 -0.738646 325.837 0.0879296 0.991617 0.0946794 -45.4926 0.744686 -0.00230925 -0.667411 339.535 
-0.644533 0.130018 -0.75344 324.609 0.0894029 0.991491 0.0946179 -45.3481 0.759331 -0.00637535 -0.650673 338.47 
-0.643303 0.135969 -0.753442 322.659 0.0965378 0.990655 0.0963516 -45.1233 0.759501 -0.0107523 -0.650417 336.822 
-0.651629 0.132276 -0.746916 321.281 0.0911027 0.991198 0.0960565 -44.9489 0.753047 -0.00545287 -0.657944 335.688 
-0.653608 0.127446 -0.746026 319.947 0.0852847 0.991844 0.0947205 -44.8015 0.752013 -0.00171455 -0.659146 334.41 
-0.655745 0.126723 -0.744271 318.55 0.0840328 0.991938 0.0948539 -44.6486 0.750291 -0.00034319 -0.661107 333.143 
-0.659657 0.12484 -0.741126 316.383 0.0836537 0.992177 0.0926704 -44.418 0.746897 -0.000867336 -0.664939 331.177 
-0.663291 0.118731 -0.738882 314.194 0.082038 0.99292 0.0859076 -44.1901 0.743851 -0.00363464 -0.668336 329.118 
-0.666279 0.114 -0.736937 312.699 0.0807037 0.993464 0.0807177 -44.0627 0.741323 -0.00569302 -0.671124 327.696 
-0.66951 0.112392 -0.734251 311.194 0.0790499 0.993654 0.0800185 -43.9206 0.738585 -0.00446918 -0.674146 326.26 
-0.673874 0.115861 -0.729705 309.677 0.0800245 0.993264 0.0838063 -43.7887 0.7345 -0.00191933 -0.678606 324.823 
-0.680373 0.117304 -0.723417 308.179 0.0783676 0.993092 0.0873275 -43.6559 0.728664 0.00272273 -0.684866 323.337 
-0.693043 0.116237 -0.711463 305.973 0.0764705 0.993201 0.0877752 -43.45 0.716828 0.00642607 -0.69722 321.069 
-0.713886 0.118144 -0.690223 303.804 0.0839474 0.992995 0.0831433 -43.2467 0.695212 0.00141244 -0.718804 318.756 
-0.745633 0.119552 -0.655545 301.657 0.0909014 0.992827 0.0776682 -43.0628 0.660128 -0.00167793 -0.751152 316.395 
-0.76801 0.114758 -0.630072 300.309 0.0888941 0.993393 0.0725767 -42.9305 0.634238 -0.00027002 -0.773138 314.793 
-0.785853 0.115233 -0.607582 298.99 0.087523 0.993321 0.0751882 -42.8146 0.612188 0.00590947 -0.79069 313.132 
-0.802226 0.114993 -0.585841 297.725 0.0875883 0.993327 0.0750369 -42.6904 0.59056 0.00888375 -0.806945 311.433 
-0.816245 0.114124 -0.566322 296.527 0.0891917 0.993435 0.0716425 -42.5828 0.57078 0.00796664 -0.821065 309.642 
-0.830807 0.112789 -0.545013 295.329 0.0915349 0.993606 0.066091 -42.4683 0.548982 0.00502117 -0.835819 307.851 
-0.84322 0.11363 -0.525422 294.179 0.0956992 0.993522 0.0612802 -42.3502 0.528981 0.00139033 -0.848632 306.002 
-0.855031 0.122288 -0.503951 292.503 0.104192 0.992492 0.0640588 -42.2169 0.508001 0.00226465 -0.861353 303.139 
-0.858706 0.120843 -0.498017 291.426 0.101843 0.992657 0.0652643 -42.1207 0.502247 0.00532351 -0.864708 301.18 
-0.860097 0.117888 -0.496322 290.317 0.0990727 0.993009 0.0641747 -42.0111 0.500418 0.00602441 -0.865763 299.232 
-0.861677 0.116501 -0.493904 288.698 0.0987619 0.99318 0.0619661 -41.8468 0.497754 0.00461585 -0.867306 296.238 
-0.864302 0.126218 -0.48688 287.572 0.107701 0.991992 0.0659728 -41.7423 0.491308 0.00458288 -0.870974 294.208 
-0.865401 0.125884 -0.485009 286.472 0.111482 0.992039 0.0585666 -41.6301 0.488521 -0.00338639 -0.872546 292.169 
-0.865978 0.128147 -0.483385 285.35 0.113375 0.991751 0.0598072 -41.5275 0.487062 -0.00301204 -0.873362 290.111 
-0.865436 0.135155 -0.482446 284.212 0.116182 0.990817 0.0691606 -41.4087 0.487363 0.00380275 -0.873191 288.025 
-0.863746 0.143266 -0.483133 283.046 0.12608 0.989682 0.0680696 -41.2798 0.4879 -0.00211872 -0.872897 285.939 
-0.862553 0.14561 -0.484562 281.882 0.130064 0.989322 0.065768 -41.1574 0.488964 -0.00629549 -0.872281 283.829 
-0.861333 0.140973 -0.48809 280.699 0.123303 0.990013 0.0683488 -41.033 0.492851 -0.00131181 -0.870113 281.688 
-0.858073 0.131043 -0.496526 279.499 0.110102 0.991355 0.0713639 -40.8963 0.501585 0.00656666 -0.865083 279.525 
-0.852171 0.119799 -0.509366 278.277 0.0966532 0.992726 0.0717798 -40.7605 0.51426 0.0119368 -0.857551 277.328 
-0.845059 0.113941 -0.522392 276.954 0.0910596 0.993426 0.069376 -40.6196 0.526862 0.0110581 -0.849879 275.19 
-0.836146 0.122983 -0.534542 275.591 0.0970368 0.992335 0.0765206 -40.478 0.539855 0.0121122 -0.841671 273.051 
-0.82505 0.131711 -0.549495 274.207 0.10731 0.99128 0.0764807 -40.3262 0.554777 0.00413386 -0.831989 270.897 
-0.815633 0.131017 -0.56354 272.791 0.109606 0.991375 0.0718469 -40.1815 0.568093 -0.0031667 -0.822958 268.758 
-0.806414 0.137028 -0.575257 271.302 0.110249 0.990565 0.0814053 -40.0201 0.580984 0.00222479 -0.813912 266.629 
-0.796637 0.148594 -0.585909 269.033 0.122114 0.98889 0.0847614 -39.75 0.591995 -0.00402333 -0.805932 263.464 
-0.79444 0.143216 -0.590216 267.504 0.117981 0.989679 0.0813423 -39.5723 0.595773 -0.00501257 -0.803137 261.368 
-0.793114 0.135739 -0.593755 265.964 0.107719 0.990743 0.0826093 -39.4022 0.599472 0.0015601 -0.800394 259.245 
-0.791935 0.136061 -0.595254 264.382 0.105281 0.990684 0.0863801 -39.2202 0.601461 0.00573859 -0.798882 257.125 
-0.791756 0.135839 -0.595542 262.804 0.104534 0.990709 0.0869987 -39.0295 0.601827 0.00662734 -0.798599 254.988 
-0.791707 0.133553 -0.596124 261.236 0.102116 0.991013 0.0864024 -38.8462 0.602306 0.00753157 -0.79823 252.821 
-0.790726 0.132684 -0.597618 259.61 0.0993142 0.9911 0.0886391 -38.6724 0.60406 0.0107373 -0.796866 250.686 
-0.787899 0.133598 -0.601138 257.151 0.0996601 0.990978 0.0896138 -38.3791 0.607686 0.0106972 -0.794105 247.444 
-0.786956 0.130196 -0.603117 255.509 0.0953424 0.991403 0.0896112 -38.1769 0.609599 0.0130175 -0.792603 245.261 
-0.78715 0.131555 -0.602567 253.866 0.0956073 0.991204 0.0915094 -37.9781 0.609306 0.0144218 -0.792804 243.094 
-0.788017 0.131501 -0.601445 251.379 0.0976923 0.991253 0.0887321 -37.6753 0.607853 0.0111659 -0.793971 239.802 
-0.789396 0.12827 -0.600334 249.684 0.0929341 0.991626 0.0896743 -37.4791 0.606809 0.014997 -0.794706 237.628 
-0.790093 0.125569 -0.599988 247.147 0.0906468 0.991967 0.0882357 -37.1743 0.606248 0.0153273 -0.795128 234.287 
-0.789736 0.128414 -0.599856 245.501 0.0950279 0.99165 0.0871791 -36.9664 0.606042 0.0118454 -0.795345 231.988 
-0.789377 0.13113 -0.599741 242.89 0.0969683 0.99129 0.0891111 -36.6714 0.606203 0.0121864 -0.795217 228.565 
-0.788145 0.132819 -0.600988 241.148 0.100687 0.991108 0.0869935 -36.47 0.607198 0.00805208 -0.79451 226.268 
-0.786541 0.133924 -0.602841 239.424 0.103696 0.990983 0.0848567 -36.2651 0.608769 0.00423089 -0.793336 223.949 
-0.784237 0.130556 -0.60657 237.702 0.0984779 0.991411 0.0860655 -36.047 0.612596 0.00776203 -0.790358 221.608 
-0.780804 0.130119 -0.611076 235.924 0.0944303 0.991414 0.0904475 -35.8377 0.617599 0.0129176 -0.786387 219.261 
-0.778571 0.126492 -0.614676 234.107 0.0919828 0.991899 0.08761 -35.6295 0.620778 0.011671 -0.783899 216.946 
-0.776867 0.123214 -0.617491 232.289 0.089279 0.992314 0.085684 -35.4204 0.623303 0.0114361 -0.781897 214.631 
-0.774945 0.128147 -0.618901 230.486 0.0920044 0.991671 0.0901295 -35.2148 0.625297 0.0129037 -0.78028 212.295 
-0.774024 0.132547 -0.619127 228.645 0.0971758 0.991126 0.0906992 -34.9938 0.625654 0.0100392 -0.780036 210.016 
-0.772374 0.135251 -0.6206 226.823 0.0986565 0.990753 0.0931367 -34.7826 0.627459 0.0107101 -0.778576 207.706 
-0.772132 0.137855 -0.620329 225.01 0.102064 0.990416 0.0930584 -34.5516 0.627212 0.00854008 -0.778801 205.39 
-0.773168 0.135446 -0.619569 223.181 0.0999393 0.990743 0.0918747 -34.3372 0.626278 0.00911525 -0.779547 203.071 
-0.77532 0.131919 -0.617637 221.365 0.0954158 0.991184 0.0919282 -34.1207 0.624319 0.0123415 -0.781072 200.78 
-0.778587 0.130916 -0.613729 219.533 0.0932748 0.991276 0.0931208 -33.8883 0.620566 0.0152571 -0.784006 198.505 
-0.781495 0.123592 -0.611548 217.742 0.0878918 0.992217 0.0882081 -33.6748 0.61769 0.0151841 -0.786275 196.195 
-0.784538 0.115999 -0.609134 215.999 0.0806328 0.99309 0.0852656 -33.4973 0.614816 0.0177779 -0.78847 193.846 
-0.788092 0.113775 -0.604952 214.246 0.0747628 0.993186 0.0893957 -33.2959 0.611001 0.0252241 -0.791228 191.513 
-0.791289 0.116249 -0.60029 212.478 0.0775556 0.992913 0.0900507 -33.0762 0.606504 0.0247002 -0.794697 189.184 
-0.794715 0.119809 -0.595041 210.749 0.081074 0.992494 0.0915548 -32.87 0.601544 0.0245176 -0.798463 186.835 
-0.804194 0.122944 -0.581512 208.166 0.0864907 0.992165 0.0901543 -32.5574 0.58804 0.0222061 -0.808527 183.316 
-0.813096 0.116549 -0.570343 206.505 0.0835467 0.992974 0.0838065 -32.3626 0.576103 0.0204925 -0.81712 180.934 
-0.821695 0.11298 -0.558617 204.861 0.0793335 0.993286 0.0841966 -32.161 0.564379 0.0248669 -0.825141 178.538 
-0.829505 0.114617 -0.546612 203.253 0.0798437 0.992999 0.0870526 -31.9661 0.552763 0.028567 -0.832849 176.116 
-0.836768 0.110294 -0.536334 201.695 0.079405 0.993591 0.0804425 -31.7757 0.541769 0.0247241 -0.840163 173.68 
-0.841048 0.111982 -0.529243 200.174 0.0812755 0.993392 0.081031 -31.6021 0.53482 0.0251365 -0.844592 171.199 
-0.843907 0.118337 -0.523276 198.655 0.0870466 0.992648 0.0841009 -31.4355 0.529381 0.025424 -0.848003 168.717 
-0.845954 0.118418 -0.519942 197.157 0.0904526 0.992767 0.0789373 -31.261 0.525529 0.0197472 -0.850547 166.265 
-0.849176 0.11635 -0.515134 195.657 0.0881282 0.992971 0.0790007 -31.0859 0.520705 0.0216876 -0.853461 163.787 
-0.850636 0.115053 -0.513011 194.905 0.0861583 0.993076 0.0798565 -30.9958 0.518647 0.0237287 -0.854659 162.554 
-0.85339 0.115309 -0.50836 193.456 0.0863581 0.993025 0.0802723 -30.8167 0.51407 0.0246025 -0.857395 160.07 
-0.855761 0.11778 -0.503786 192.001 0.0899888 0.992785 0.0792433 -30.6409 0.509484 0.0224783 -0.860186 157.598 
-0.8579 0.12014 -0.499573 190.555 0.0935077 0.992549 0.0781153 -30.4712 0.505236 0.0203012 -0.862742 155.091 
-0.860303 0.114491 -0.49676 189.128 0.0878814 0.993173 0.076707 -30.3101 0.502151 0.0223352 -0.864491 152.576 
-0.861898 0.11123 -0.494731 187.717 0.0811144 0.993325 0.0820148 -30.1374 0.500551 0.0305586 -0.865167 150.039 
-0.862862 0.110792 -0.493147 186.326 0.0807731 0.993367 0.0818433 -29.9544 0.498943 0.0307866 -0.866088 147.493 
-0.863967 0.11115 -0.491128 184.884 0.0818008 0.993359 0.0809124 -29.7587 0.49686 0.0297309 -0.867321 144.984 
-0.864938 0.109409 -0.489808 183.462 0.0822643 0.993656 0.0766863 -29.5913 0.49509 0.0260352 -0.868451 142.462 
-0.86597 0.107489 -0.488408 182.051 0.0803191 0.993843 0.0763161 -29.4208 0.493605 0.0268589 -0.869272 139.936 
-0.86735 0.106041 -0.48627 180.659 0.079122 0.993992 0.0756316 -29.252 0.491369 0.0271244 -0.870529 137.391 
-0.868103 0.10623 -0.484884 179.324 0.0792063 0.99396 0.0759552 -29.0894 0.490024 0.027531 -0.871274 134.829 
-0.869553 0.107613 -0.481972 177.919 0.0827012 0.993918 0.0727135 -28.9365 0.486866 0.0233686 -0.873164 132.307 
-0.868217 0.106517 -0.484617 176.571 0.0814243 0.994031 0.0726076 -28.8009 0.489459 0.0235795 -0.871708 129.723 
-0.865312 0.10754 -0.489561 175.156 0.0821209 0.993932 0.0731821 -28.6522 0.49446 0.0231221 -0.868893 127.205 
-0.860704 0.106805 -0.497777 173.728 0.078342 0.993887 0.0777912 -28.4991 0.503042 0.0279583 -0.863809 124.735 
-0.857129 0.110942 -0.503012 173.019 0.0814138 0.993434 0.0803796 -28.4129 0.508627 0.0279436 -0.860534 123.487 
-0.848461 0.110333 -0.517629 171.59 0.077626 0.993395 0.0845043 -28.2372 0.523534 0.0315171 -0.851422 120.997 
-0.838333 0.102399 -0.535456 170.114 0.0693554 0.994253 0.0815516 -28.0562 0.540729 0.0312306 -0.840617 118.556 
-0.827146 0.0983876 -0.553308 168.58 0.0629825 0.994582 0.0827005 -27.8836 0.558447 0.0335567 -0.828861 116.152 
-0.814631 0.0999114 -0.571309 166.988 0.0625711 0.994441 0.0846891 -27.7116 0.576595 0.0332429 -0.816354 113.785 
-0.801881 0.101171 -0.588856 165.323 0.0624588 0.994354 0.0857847 -27.5302 0.59421 0.0320099 -0.803672 111.471 
-0.78736 0.104061 -0.607647 163.613 0.0651681 0.994178 0.0858136 -27.3442 0.613039 0.027967 -0.789557 109.19 
-0.76342 0.115409 -0.635508 160.941 0.0737477 0.993048 0.0917475 -27.0521 0.641678 0.0231746 -0.766624 105.843 
-0.74838 0.117867 -0.652713 159.101 0.0773003 0.992877 0.0906631 -26.8484 0.65875 0.0173955 -0.75216 103.667 
-0.737607 0.119252 -0.664616 157.199 0.0815326 0.992809 0.0876522 -26.6382 0.67029 0.010465 -0.742026 101.561 
-0.72561 0.126624 -0.676355 155.33 0.0907411 0.991947 0.0883589 -26.4677 0.682097 0.00274093 -0.731257 99.4372 
-0.711892 0.126483 -0.690806 152.426 0.0911169 0.991969 0.0877259 -26.1588 0.696353 -0.000492748 -0.717699 96.3197 
-0.704782 0.125038 -0.698318 150.449 0.0888991 0.992152 0.0879284 -25.9605 0.703832 -0.000109498 -0.710366 94.2781 
-0.698312 0.1278 -0.704293 148.455 0.0872625 0.991793 0.0934477 -25.7468 0.710455 0.00379731 -0.703732 92.2297 
-0.693943 0.122636 -0.70951 146.428 0.0828382 0.992444 0.0905188 -25.5271 0.715249 0.00404031 -0.698858 90.224 
-0.686715 0.124907 -0.716115 144.37 0.0799336 0.992128 0.0963977 -25.3096 0.722518 0.00895614 -0.691294 88.2208 
-0.675384 0.122996 -0.727137 142.303 0.0794167 0.99239 0.0940994 -25.0736 0.733178 0.00580641 -0.680013 86.2498 
-0.66345 0.122109 -0.738189 140.212 0.0806672 0.992516 0.0916789 -24.8667 0.743859 0.00127672 -0.668335 84.3046 
-0.656445 0.123604 -0.744179 138.095 0.0812312 0.992331 0.0931663 -24.6514 0.749988 0.000707982 -0.661451 82.3717 
-0.652852 0.12389 -0.747286 135.954 0.0781198 0.992286 0.0962596 -24.4276 0.753447 0.0044654 -0.657494 80.4536 
-0.654167 0.124193 -0.746084 133.796 0.0768809 0.992236 0.0977577 -24.1939 0.752432 0.0065903 -0.658636 78.5419 
-0.657642 0.122877 -0.743242 131.641 0.0745657 0.99238 0.0980879 -23.9748 0.749632 0.00908636 -0.661793 76.6133 
-0.661214 0.112334 -0.74174 128.399 0.0724523 0.993666 0.0859009 -23.661 0.746691 0.00305809 -0.665164 73.7209 
-0.662788 0.120813 -0.738997 125.134 0.0795806 0.992674 0.0909111 -23.3487 0.744567 0.00144489 -0.667547 70.8548 
-0.662298 0.119637 -0.739627 122.977 0.0796248 0.992818 0.0892921 -23.1483 0.744997 0.000245425 -0.667068 68.8851 
-0.661712 0.116818 -0.740601 120.803 0.0764708 0.993152 0.0883289 -22.9437 0.745848 0.00181396 -0.666114 66.939 
-0.660399 0.118491 -0.741507 118.624 0.0754932 0.992945 0.0914343 -22.7373 0.747111 0.00440431 -0.664685 64.9808 
-0.657775 0.117282 -0.744028 116.444 0.0733589 0.993082 0.0916863 -22.5018 0.749634 0.0057279 -0.661828 63.0095 
-0.653326 0.115441 -0.748224 114.246 0.0724795 0.993304 0.0899666 -22.2872 0.753599 0.00454668 -0.657318 61.0497 
-0.649221 0.116842 -0.751571 112.041 0.0709614 0.993125 0.0930971 -22.0785 0.757282 0.00710806 -0.653049 59.0977 
-0.645581 0.118977 -0.754367 109.858 0.0712011 0.992864 0.095659 -21.8573 0.760365 0.0080439 -0.649446 57.1475 
-0.640888 0.119856 -0.758219 106.514 0.0740567 0.992782 0.0943382 -21.5243 0.764053 0.00430903 -0.645139 54.2369 
-0.638882 0.12205 -0.759562 103.11 0.0740554 0.992507 0.0971915 -21.1752 0.765732 0.00584419 -0.643133 51.3143 
-0.638209 0.117577 -0.760832 100.843 0.0660636 0.992988 0.0980375 -20.9454 0.767023 0.0123052 -0.641501 49.3646 
-0.637116 0.120881 -0.76123 98.5493 0.067826 0.992587 0.100853 -20.6989 0.767778 0.0126237 -0.640591 47.4053 
-0.637512 0.112506 -0.762182 96.2969 0.0706889 0.993649 0.0875468 -20.4809 0.767191 0.00193427 -0.641416 45.4757 
-0.637903 0.112652 -0.761833 94.0325 0.0651117 0.993591 0.0924016 -20.271 0.767359 0.00933907 -0.64115 43.5268 
-0.638256 0.116963 -0.760887 91.744 0.0700166 0.993114 0.0939284 -20.0525 0.766633 0.00667577 -0.642051 41.6064 
-0.637417 0.119397 -0.761212 89.4831 0.0736278 0.992839 0.0940743 -19.8415 0.766993 0.00391813 -0.641643 39.6685 
-0.636791 0.121254 -0.761443 87.1902 0.0772198 0.992621 0.0934883 -19.6369 0.76716 0.000734051 -0.641455 37.7153 
-0.638371 0.121204 -0.760126 83.8036 0.0751838 0.992621 0.0951353 -19.2995 0.766048 0.00358247 -0.642773 34.7802 
-0.640706 0.117738 -0.758705 80.4026 0.0685069 0.992997 0.0962435 -18.9328 0.764724 0.00968717 -0.644285 31.8849 
-0.64295 0.116917 -0.756932 77.0838 0.0719665 0.99313 0.092271 -18.5962 0.76252 0.00485187 -0.646947 29.0198 
-0.64482 0.112831 -0.75596 73.6867 0.0669412 0.99358 0.0911978 -18.2791 0.761397 0.00820131 -0.648234 26.149 
-0.646249 0.114079 -0.754551 70.3431 0.0663385 0.993418 0.0933764 -17.94 0.760237 0.0102886 -0.649564 23.2667 
-0.647244 0.107594 -0.754651 68.1137 0.0600109 0.994108 0.0902645 -17.729 0.759917 0.0131359 -0.649888 21.3182 
-0.648497 0.102525 -0.754281 65.9062 0.0504506 0.994499 0.0918007 -17.5185 0.759544 0.0214785 -0.650102 19.3684 
-0.649175 0.105146 -0.753337 63.6846 0.0539978 0.994271 0.092242 -17.3084 0.75872 0.0192026 -0.651133 17.4128 
-0.649372 0.104437 -0.753265 61.4408 0.0530798 0.994334 0.0921008 -17.0953 0.758616 0.0198246 -0.651236 15.4317 
-0.650792 0.104048 -0.752093 58.0552 0.0557777 0.994441 0.0893101 -16.7758 0.757204 0.0161723 -0.652978 12.5063 
-0.652079 0.106951 -0.750569 55.7957 0.0610966 0.994193 0.0885859 -16.5584 0.755685 0.0119078 -0.654827 10.5669 
-0.653121 0.106541 -0.749721 53.5671 0.0593709 0.99421 0.0895634 -16.3471 0.754922 0.0139841 -0.655665 8.57917 
-0.654247 0.0999034 -0.749654 51.3652 0.0526515 0.994848 0.0866289 -16.1481 0.754446 0.0172063 -0.656136 6.59797 
-0.654932 0.0936489 -0.749863 49.1473 0.0455101 0.995378 0.0845623 -15.9414 0.754316 0.0212562 -0.656167 4.65051 
-0.655963 0.0908782 -0.749302 45.8469 0.0447565 0.995662 0.0815764 -15.6393 0.753465 0.0199749 -0.657185 1.63472 
-0.65724 0.0900734 -0.74828 42.511 0.0483335 0.995826 0.0774185 -15.4238 0.75213 0.0147156 -0.65885 -1.26799 
-0.657913 0.0847836 -0.748307 40.3079 0.0464385 0.996319 0.0720548 -15.271 0.751661 0.0126555 -0.659428 -3.24993 
-0.657886 0.0744 -0.749433 38.1499 0.0372248 0.997104 0.0663099 -15.1366 0.752197 0.0157269 -0.658751 -5.21508 
-0.658777 0.073161 -0.748772 35.9512 0.0322561 0.997092 0.0690446 -15.0066 0.751646 0.0213326 -0.659221 -7.17738 
-0.663001 0.0712255 -0.745222 32.6919 0.0336952 0.997294 0.06534 -14.8169 0.74786 0.01821 -0.663607 -10.0819 
-0.665545 0.0728556 -0.742794 30.6073 0.042896 0.997313 0.0593848 -14.701 0.745124 0.00766038 -0.666881 -11.9964 
-0.668956 0.0821097 -0.738753 28.5804 0.0510411 0.996608 0.0645506 -14.5778 0.741547 0.00547476 -0.670878 -13.9038 
-0.675551 0.0840724 -0.732504 26.558 0.0504184 0.99642 0.0678646 -14.4815 0.735587 0.00891434 -0.677371 -15.7015 
-0.679845 0.0769894 -0.729304 24.6562 0.0464998 0.996998 0.0619025 -14.3789 0.73188 0.00817159 -0.681384 -17.5342 
-0.684474 0.0771458 -0.724944 22.7608 0.0535161 0.99702 0.0555705 -14.311 0.72707 -0.000759597 -0.686563 -19.2548 
-0.687405 0.0690724 -0.722982 21.0107 0.0424544 0.997587 0.0549423 -14.2309 0.725033 0.00707386 -0.688678 -21.0566 
-0.691327 0.0588743 -0.720139 19.2324 0.027206 0.998089 0.0554803 -14.1755 0.722029 0.0187629 -0.691608 -22.6809 
-0.695211 0.0335159 -0.718024 16.0517 -0.00542378 0.998639 0.0518659 -14.0678 0.718786 0.0399521 -0.694083 -25.8685 
-0.666262 0.00243414 -0.745714 12.519 -0.0578838 0.996809 0.0549704 -13.9221 0.743468 0.0797895 -0.663995 -29.2945 
-0.515513 -0.0162331 -0.856728 8.20721 -0.101212 0.993975 0.0420678 -13.7831 0.850883 0.108397 -0.51405 -32.7351 
-0.229422 0.0119887 -0.973253 4.19393 -0.0935951 0.995019 0.0343197 -13.7022 0.968817 0.0989654 -0.227157 -34.3669 
0.188757 0.0589292 -0.980254 0.362697 -0.0980856 0.994338 0.0408886 -13.5776 0.977113 0.0884308 0.193468 -34.4376 
0.510613 0.0582885 -0.857832 -2.42736 -0.107398 0.994209 0.0036276 -13.5189 0.853076 0.0902775 0.513917 -33.1981 
0.69146 0.0786241 -0.718124 -4.05914 -0.115124 0.993349 -0.00209243 -13.6137 0.713183 0.0841203 0.695912 -31.8186 
0.795662 0.0839843 -0.59989 -5.02846 -0.115869 0.993157 -0.0146411 -13.6604 0.594555 0.081158 0.799948 -30.4707 
0.877563 0.0797711 -0.472779 -5.85258 -0.106955 0.993785 -0.0308483 -13.726 0.46738 0.0776373 0.880641 -28.9545 
0.950108 0.0715287 -0.30361 -6.66977 -0.0889792 0.99506 -0.0440184 -13.8478 0.298961 0.0688372 0.951779 -26.6522 
0.977466 0.0656497 -0.200624 -7.06384 -0.0783246 0.99536 -0.0558987 -13.9766 0.196023 0.0703529 0.978072 -24.7496 
0.990257 0.058696 -0.126275 -7.32853 -0.0677409 0.995344 -0.0685663 -14.1339 0.121663 0.0764523 0.989623 -22.7072 
0.995535 0.0516934 -0.078984 -7.5223 -0.0571985 0.995968 -0.0691032 -14.3135 0.0750934 0.0733124 0.994478 -20.5743 
0.997398 0.0420838 -0.0585402 -7.64649 -0.0457392 0.996992 -0.0625719 -14.5 0.0557308 0.0650866 0.996322 -18.3464 
0.99762 0.0459361 -0.0514188 -7.81744 -0.0490451 0.996936 -0.0609317 -14.6739 0.0484623 0.0633086 0.996817 -16.035 
0.997983 0.043402 -0.0463197 -7.94341 -0.0460174 0.997314 -0.0569779 -14.8455 0.0437224 0.0589945 0.9973 -13.6499 
0.998375 0.0406239 -0.0399647 -8.11963 -0.0427821 0.997585 -0.0547192 -15.0329 0.0376452 0.05634 0.997702 -11.1974 
0.998752 0.0353695 -0.035249 -8.1946 -0.0371509 0.997995 -0.0512352 -15.1064 0.0333662 0.0524808 0.998064 -8.64164 
0.999343 0.0240268 -0.027117 -8.4041 -0.025277 0.998587 -0.0467423 -15.2923 0.0259556 0.047397 0.998539 -5.27531 
0.999356 0.0174051 -0.0313866 -8.38295 -0.0186452 0.999039 -0.0396581 -15.3967 0.0306662 0.0402178 0.99872 -2.73634 
0.99911 0.0195455 -0.0373733 -8.47168 -0.0212651 0.998707 -0.046183 -15.5353 0.0364223 0.0469367 0.998234 -0.376663 
0.998657 0.0240883 -0.0458747 -8.52252 -0.0258043 0.998975 -0.0371883 -15.6922 0.0449318 0.0383221 0.998255 1.90857 
0.997971 0.0284355 -0.0569724 -8.60948 -0.0304515 0.998929 -0.0348364 -15.7981 0.0559208 0.0365006 0.997768 4.1202 
0.995688 0.0295711 -0.0879304 -8.57393 -0.0314677 0.999299 -0.0202625 -15.9435 0.0872696 0.0229421 0.995921 6.24997 
0.993922 0.02823 -0.106407 -8.69609 -0.0309063 0.999244 -0.0235866 -15.9994 0.105661 0.0267319 0.994043 7.64931 
0.992179 0.0220485 -0.122863 -8.88524 -0.0262384 0.999124 -0.0325894 -16.046 0.122037 0.0355583 0.991888 9.05913 
0.987464 0.0163255 -0.156995 -9.28262 -0.0204085 0.999493 -0.0244305 -16.1423 0.156517 0.0273283 0.987297 11.1699 
0.983453 0.0196069 -0.180098 -10.0154 -0.025064 0.999292 -0.0280755 -16.5301 0.17942 0.0321249 0.983248 13.8284 
0.97891 0.0168163 -0.203601 -10.2563 -0.0248216 0.999013 -0.0368287 -16.59 0.202781 0.0411057 0.978361 15.2622 
