1 1.19763e-11 1.70464e-10 5.55111e-17 1.19763e-11 1 3.5625e-10 0 1.70464e-10 3.5625e-10 1 2.22045e-16 
0.99978 0.00138676 -0.0209292 -0.0175337 -0.00139551 0.999999 -0.000403472 -0.00685967 0.0209287 0.000432591 0.999781 0.283467 
0.998489 0.00214563 -0.0549059 -0.0600001 -0.00239437 0.999987 -0.00446495 -0.00806547 0.0548956 0.00458967 0.998482 0.627936 
0.99598 0.00099124 -0.0895723 -0.10905 -0.00139759 0.999989 -0.00447398 -0.0103398 0.0895669 0.00458118 0.99597 0.91918 
0.991298 -0.000451177 -0.131637 -0.181606 -0.000174551 0.999989 -0.00474187 -0.0160452 0.131637 0.00472359 0.991287 1.25138 
0.983426 0.00728191 -0.181161 -0.293459 -0.00880976 0.999932 -0.00763044 -0.0311643 0.181093 0.00909996 0.983424 1.60414 
0.971348 0.0115839 -0.237378 -0.436624 -0.0140044 0.999866 -0.00851337 -0.0431351 0.237248 0.0115938 0.97138 1.97923 
0.953809 0.015772 -0.299999 -0.620094 -0.0186138 0.999805 -0.00661687 -0.0490223 0.299837 0.0118953 0.953916 2.36874 
0.929971 0.0203664 -0.367068 -0.839493 -0.023853 0.999703 -0.0049643 -0.0539779 0.366858 0.0133723 0.930181 2.75828 
0.899965 0.0243281 -0.435282 -1.10363 -0.0286601 0.999583 -0.00338884 -0.0467624 0.435018 0.0155251 0.900288 3.14208 
0.860445 0.0155097 -0.509308 -1.39247 -0.0206389 0.999777 -0.00442243 -0.0423897 0.509125 0.0143168 0.860573 3.52303 
0.806952 0.0237009 -0.590141 -1.76157 -0.026962 0.999631 0.0032791 -0.0489941 0.590001 0.0132653 0.807294 3.8807 
0.739081 0.0270362 -0.673073 -2.18784 -0.0307816 0.999506 0.00634811 -0.0535875 0.672912 0.0160265 0.739549 4.21588 
0.657474 0.0195883 -0.753223 -2.66315 -0.0200894 0.999762 0.00846414 -0.0528704 0.75321 0.00956689 0.657711 4.54077 
0.565477 0.0202906 -0.824514 -3.21551 -0.0155039 0.999782 0.0139707 -0.0513893 0.824618 0.00488307 0.565669 4.82443 
0.462232 0.0226723 -0.886469 -3.83696 -0.0131158 0.999738 0.0187303 -0.0450566 0.886662 0.00296899 0.462408 5.05727 
0.352822 0.0268515 -0.935305 -4.53433 -0.0117486 0.999637 0.0242666 -0.0332507 0.935617 0.00242675 0.353009 5.23379 
0.243942 0.0322658 -0.969253 -5.29933 -0.00523921 0.999476 0.0319533 -0.0269775 0.969776 -0.00271663 0.243983 5.36094 
0.192812 0.0326078 -0.980694 -5.70136 -0.00220528 0.999459 0.0327982 -0.0230308 0.981233 -0.00416117 0.19278 5.40169 
0.145101 0.0336242 -0.988845 -6.12209 -0.00399199 0.999434 0.0333985 -0.0160427 0.989409 -0.000898687 0.145153 5.42129 
0.102061 0.0339239 -0.9942 -6.55899 -0.00614485 0.999421 0.0334713 -0.00575705 0.994759 0.0026931 0.10221 5.42767 
0.0637819 0.0325162 -0.997434 -7.00909 -0.0073844 0.999457 0.0321099 0.00619158 0.997937 0.00531742 0.0639874 5.42402 
0.0290473 0.0299117 -0.99913 -7.47343 -0.00652162 0.999537 0.0297343 0.0162511 0.999557 0.00565226 0.0292289 5.4107 
-0.00272199 0.0272601 -0.999625 -7.95041 -0.00571875 0.999612 0.0272753 0.0230642 0.99998 0.00579085 -0.00256504 5.38928 
-0.0296489 0.0255078 -0.999235 -8.44461 -0.00632638 0.999649 0.0257061 0.0306642 0.99954 0.0070837 -0.0294772 5.35364 
-0.0673328 0.0217397 -0.997494 -9.48038 -0.00647486 0.999732 0.0222256 0.0524899 0.99771 0.00795514 -0.067174 5.26387 
-0.0904525 0.023836 -0.995615 -10.5792 -0.00638715 0.999679 0.0245136 0.065962 0.99588 0.00857646 -0.0902712 5.15308 
-0.101811 0.0262601 -0.994457 -11.7394 -0.00858781 0.999591 0.0272749 0.0785547 0.994767 0.0113171 -0.101544 5.02588 
-0.102828 0.0284719 -0.994292 -12.9643 -0.00391926 0.999571 0.0290284 0.102671 0.994691 0.00688182 -0.102672 4.90181 
-0.0995049 0.0316529 -0.994533 -14.2516 -0.00704272 0.999446 0.032514 0.117824 0.995012 0.0102395 -0.0992269 4.76722 
-0.0966334 0.0285846 -0.99491 -15.5937 -0.00916853 0.99952 0.0296075 0.14508 0.995278 0.0119829 -0.0963249 4.63 
-0.0932459 0.0343254 -0.995051 -17.0048 -0.00960684 0.999328 0.0353732 0.177019 0.995597 0.0128577 -0.0928535 4.49463 
-0.0896302 0.036338 -0.995312 -18.4718 -0.0119192 0.999224 0.0375541 0.209275 0.995904 0.0152293 -0.0891275 4.35925 
-0.0862001 0.0325267 -0.995747 -19.9883 -0.0155374 0.999301 0.0339879 0.250319 0.996157 0.0184011 -0.0856345 4.22312 
-0.0845128 0.0348732 -0.995812 -20.7731 -0.0129009 0.999265 0.036089 0.270352 0.996339 0.0158968 -0.0840009 4.16193 
-0.0819579 0.0393885 -0.995857 -22.3642 -0.00975452 0.999139 0.0403211 0.306224 0.996588 0.0130188 -0.0815031 4.03596 
-0.080745 0.0278421 -0.996346 -23.9695 -0.00850847 0.999554 0.0286213 0.334206 0.996699 0.0107884 -0.0804722 3.90897 
-0.0811751 0.0226847 -0.996442 -25.6189 -0.00348515 0.999728 0.0230435 0.36151 0.996694 0.00534331 -0.081074 3.78608 
-0.081326 0.0380605 -0.995961 -27.3075 -0.00564236 0.999237 0.0386464 0.385499 0.996672 0.00876253 -0.0810492 3.64475 
-0.0820488 0.0446594 -0.995627 -28.9976 -0.00938722 0.998916 0.0455805 0.419417 0.996584 0.013086 -0.0815407 3.4929 
-0.0824529 0.0413361 -0.995737 -29.8372 -0.0096906 0.999059 0.0422765 0.437006 0.996548 0.0131351 -0.0819748 3.41846 
-0.0828897 0.0392207 -0.995787 -31.5159 -0.0110529 0.999128 0.0402724 0.476386 0.996498 0.0143445 -0.0823839 3.27199 
-0.0827172 0.0408226 -0.995737 -33.1952 -0.0130283 0.999031 0.0420399 0.507645 0.996488 0.0164502 -0.0821052 3.12363 
-0.0819513 0.0310542 -0.996152 -34.86 -0.0149903 0.999363 0.0323875 0.53867 0.996524 0.0175868 -0.0814336 2.98036 
-0.081514 0.0315769 -0.996172 -35.6964 -0.0150186 0.999346 0.0329064 0.550032 0.996559 0.0176435 -0.0809864 2.91062 
-0.0807471 0.0344177 -0.99614 -36.5335 -0.0140771 0.999265 0.0356667 0.557955 0.996635 0.0169028 -0.0802032 2.84314 
-0.0802824 0.0389324 -0.996012 -37.3738 -0.0135574 0.999102 0.0401459 0.570778 0.99668 0.0167264 -0.0796824 2.77507 
-0.0796497 0.0444304 -0.995832 -38.2148 -0.0127558 0.998879 0.0455866 0.587862 0.996741 0.0163336 -0.0789937 2.70698 
-0.0798066 0.0483564 -0.995637 -39.0492 -0.0128588 0.99869 0.0495354 0.605565 0.996727 0.0167559 -0.0790803 2.63885 
-0.0795292 0.0477654 -0.995687 -39.8817 -0.0125399 0.998724 0.0489127 0.62465 0.996754 0.0163758 -0.0788287 2.57226 
-0.0789716 0.0395931 -0.99609 -41.5384 -0.0131533 0.999083 0.0407549 0.664017 0.99679 0.0163203 -0.0783784 2.43615 
-0.0791244 0.0346556 -0.996262 -43.1914 -0.0204011 0.99913 0.0363757 0.697748 0.996656 0.023203 -0.0783486 2.2902 
-0.080995 0.029762 -0.99627 -44.8388 -0.0153585 0.999398 0.0311041 0.720699 0.996596 0.0178205 -0.0804891 2.16091 
-0.0833105 0.0308801 -0.996045 -46.4834 -0.0102472 0.99944 0.0318425 0.743445 0.996471 0.0128595 -0.0829474 2.02825 
-0.0868281 0.0416356 -0.995353 -48.1233 -0.0062984 0.999083 0.0423411 0.764692 0.996203 0.00994553 -0.0864862 1.89049 
-0.0895886 0.0372222 -0.995283 -49.7355 -0.00920031 0.999228 0.0381979 0.787419 0.995936 0.012579 -0.0891769 1.7407 
-0.0920265 0.0313735 -0.995262 -51.3287 -0.0176845 0.999294 0.0331358 0.812643 0.995599 0.02065 -0.0914067 1.5753 
-0.0939629 0.0342964 -0.994985 -52.9159 -0.0194744 0.999152 0.0362792 0.83177 0.995385 0.0227856 -0.0932153 1.41681 
-0.0948915 0.0338321 -0.994912 -53.702 -0.021269 0.999125 0.036004 0.841954 0.99526 0.0245773 -0.0940889 1.33748 
-0.0954763 0.0336571 -0.994862 -54.484 -0.0223416 0.999104 0.0359447 0.849493 0.995181 0.0256587 -0.0946388 1.25899 
-0.0963161 0.0378649 -0.99463 -56.0381 -0.0196675 0.999009 0.0399361 0.869673 0.995156 0.0234084 -0.095476 1.11076 
-0.0967924 0.0447691 -0.994297 -57.5746 -0.0201771 0.998694 0.0469313 0.8957 0.9951 0.0246046 -0.0957627 0.956539 
-0.0979545 0.0428384 -0.994268 -59.0776 -0.0190669 0.998809 0.0449125 0.923455 0.995008 0.023357 -0.097021 0.810007 
-0.0979993 0.036663 -0.994511 -60.5366 -0.0190444 0.999069 0.0387077 0.943218 0.995004 0.0227332 -0.0972099 0.662366 
-0.0944683 0.0333616 -0.994969 -61.9403 -0.0216631 0.999133 0.035558 0.956511 0.995292 0.0249133 -0.0936636 0.52376 
-0.0847887 0.0356292 -0.995762 -63.2855 -0.0217969 0.999055 0.037603 0.965475 0.996161 0.0248929 -0.083932 0.408841 
-0.0690821 0.038785 -0.996857 -64.5705 -0.0220157 0.998941 0.0403918 0.974213 0.997368 0.0247369 -0.0681551 0.320188 
-0.0427109 0.0421161 -0.998199 -65.7914 -0.0273668 0.998687 0.0433076 0.988245 0.998713 0.0291673 -0.0415022 0.262767 
-0.00251887 0.0442621 -0.999017 -66.937 -0.0303018 0.998558 0.0443182 1.00371 0.999538 0.0303837 -0.00117401 0.26462 
0.0516576 0.0443931 -0.997678 -67.9905 -0.0285211 0.99867 0.0429604 1.01381 0.998258 0.0262356 0.052855 0.34556 
0.122757 0.0445896 -0.991434 -68.9541 -0.0268632 0.998773 0.0415935 1.01982 0.992073 0.0215272 0.123804 0.504881 
0.207799 0.0451837 -0.977128 -69.8485 -0.0257853 0.998838 0.0407041 1.02393 0.977832 0.0167372 0.208723 0.741967 
0.305282 0.0394029 -0.951446 -70.6817 -0.015721 0.999216 0.0363369 1.02389 0.952132 0.00386463 0.305662 1.08074 
0.407975 0.028899 -0.912536 -71.4514 -0.00449618 0.99955 0.0296445 1.03236 0.912982 -0.00799129 0.407921 1.51356 
0.506901 0.0265393 -0.861595 -72.1707 -0.00318102 0.999577 0.028918 1.04555 0.861998 -0.0119178 0.506771 2.01365 
0.595663 0.0158558 -0.803078 -72.8107 0.0154981 0.999392 0.031227 1.05219 0.803085 -0.031047 0.595055 2.60177 
0.679371 0.00618386 -0.733769 -73.3852 0.014386 0.99966 0.0217442 1.05199 0.733654 -0.0253284 0.679051 3.22082 
0.719879 -0.00115395 -0.694099 -73.6593 0.0113452 0.999885 0.0101042 1.05608 0.694007 -0.0151485 0.719809 3.55438 
0.759359 -0.00490204 -0.650653 -73.9133 0.00711161 0.999974 0.000765914 1.05875 0.650633 -0.00520879 0.759374 3.91127 
0.796718 -0.00604442 -0.60432 -74.1659 0.00580661 0.99998 -0.00234656 1.05785 0.604323 -0.0016395 0.796738 4.30055 
0.831041 -0.00805902 -0.556153 -74.4017 0.00658853 0.999968 -0.00464515 1.05708 0.556172 0.000196083 0.831067 4.71851 
0.862098 -0.0073745 -0.506688 -74.6151 0.00411451 0.999963 -0.00755319 1.05346 0.506726 0.00442681 0.862096 5.15583 
0.888639 -0.00543266 -0.458576 -74.8256 0.00316561 0.999979 -0.00571215 1.04484 0.458597 0.00362437 0.888637 5.62315 
0.928297 0.00441818 -0.371812 -75.2056 -0.0074125 0.999951 -0.00662441 1.03584 0.371764 0.00890548 0.928284 6.6181 
0.942218 0.00882572 -0.334884 -75.3799 -0.0114355 0.999918 -0.00582221 1.03028 0.334805 0.00931536 0.942241 7.15198 
0.952612 0.0103215 -0.304012 -75.5393 -0.0119483 0.999923 -0.00349133 1.02013 0.303952 0.00695832 0.952662 7.7061 
0.960129 0.00916013 -0.279407 -75.692 -0.0101733 0.999946 -0.00217633 1.01045 0.279372 0.00493206 0.96017 8.28109 
0.966141 0.00896154 -0.257857 -75.837 -0.00932614 0.999957 -0.000190856 1.00469 0.257844 0.00258921 0.966183 8.8744 
0.970869 0.0116466 -0.23933 -75.9807 -0.0113308 0.999932 0.00269542 0.996633 0.239345 9.49051e-05 0.970935 9.48642 
0.977506 0.0201345 -0.209944 -76.258 -0.0193928 0.999796 0.00559101 0.981275 0.210013 -0.00139384 0.977697 10.7552 
0.980298 0.018425 -0.196663 -76.379 -0.0177442 0.999829 0.00522375 0.976809 0.196726 -0.0016312 0.980457 11.415 
0.982961 0.018304 -0.1829 -76.4929 -0.0177018 0.999831 0.00492468 0.973449 0.182959 -0.00160311 0.983119 12.0915 
0.985573 0.0186331 -0.168222 -76.602 -0.0179864 0.999824 0.00536704 0.970597 0.168293 -0.00226389 0.985734 12.7842 
0.987906 0.0198539 -0.153776 -76.7027 -0.0191932 0.999799 0.00578015 0.965085 0.153859 -0.00275879 0.988089 13.4941 
0.991342 0.0211852 -0.129583 -76.8846 -0.0215128 0.999768 -0.00112848 0.943731 0.129529 0.00390641 0.991568 14.9454 
0.99262 0.0184529 -0.119858 -76.9646 -0.0195747 0.999775 -0.00818828 0.935227 0.11968 0.010474 0.992757 15.6878 
0.994313 0.0197208 -0.104659 -77.1187 -0.0201468 0.999792 -0.00301479 0.913311 0.104578 0.00510619 0.994504 17.2186 
0.995155 0.0254706 -0.0949622 -77.272 -0.024584 0.999643 0.0104952 0.885944 0.0951956 -0.00810978 0.995426 18.7675 
0.995815 0.0236651 -0.088273 -77.4024 -0.0230935 0.999705 0.00749147 0.867371 0.0884243 -0.00542159 0.996068 20.3015 
0.996354 0.0202056 -0.0828944 -77.5211 -0.0192562 0.99974 0.012236 0.85142 0.0831201 -0.0105952 0.996483 21.843 
0.996884 0.0170707 -0.0770141 -77.6221 -0.0162342 0.999802 0.0114746 0.827911 0.0771948 -0.0101885 0.996964 23.3777 
0.997095 0.0200511 -0.0734816 -77.7342 -0.020393 0.999784 -0.003906 0.804672 0.0733875 0.00539317 0.997289 24.8981 
0.997269 0.0224867 -0.0703537 -77.8461 -0.0230236 0.999712 -0.00682929 0.773941 0.0701799 0.00843044 0.997499 26.4219 
0.99741 0.0292804 -0.0656976 -77.969 -0.0291879 0.999571 0.00236826 0.729373 0.0657388 -0.000444544 0.997837 27.9392 
0.997764 0.0241441 -0.0623188 -78.0647 -0.0239567 0.999706 0.00375305 0.696969 0.0623911 -0.00225171 0.998049 29.4407 
0.997861 0.0222399 -0.0614789 -78.1097 -0.0220172 0.999748 0.00429768 0.679877 0.061559 -0.00293489 0.998099 30.1928 
0.997934 0.022265 -0.0602583 -78.1555 -0.0221432 0.999751 0.00268805 0.664743 0.0603032 -0.00134818 0.998179 30.9457 
0.998014 0.0201165 -0.0596951 -78.1981 -0.0201199 0.999797 0.000543724 0.647677 0.059694 0.000658417 0.998216 31.7013 
0.998084 0.0185388 -0.0590366 -78.2423 -0.0185066 0.999828 0.00109232 0.630163 0.0590467 2.33981e-06 0.998255 32.4641 
0.998074 0.0215756 -0.0581525 -78.295 -0.0215167 0.999767 0.00163954 0.614909 0.0581743 -0.000385129 0.998306 33.2308 
0.998078 0.0214558 -0.0581421 -78.3462 -0.0214523 0.99977 0.000684928 0.599053 0.0581434 0.000563672 0.998308 34.0009 
0.997971 0.0215927 -0.0598951 -78.3993 -0.0215919 0.999767 0.000660338 0.578998 0.0598954 0.000634252 0.998205 34.7769 
0.997893 0.019122 -0.0620006 -78.4497 -0.0190825 0.999817 0.00122982 0.564155 0.0620127 -4.41057e-05 0.998075 35.5615 
0.997677 0.0201175 -0.0650774 -78.5072 -0.0201149 0.999797 0.000695325 0.547364 0.0650782 0.000615313 0.99788 36.3475 
0.997391 0.0240216 -0.0680744 -78.5715 -0.0240046 0.999711 0.00106719 0.528529 0.0680804 0.000569701 0.99768 37.1435 
0.99717 0.0255343 -0.0707053 -78.6362 -0.0258143 0.999662 -0.00304789 0.511017 0.0706036 0.00486448 0.997493 37.9375 
0.996981 0.0253841 -0.0733861 -78.7004 -0.0260383 0.999629 -0.00797098 0.494083 0.0731565 0.00985776 0.997272 38.7352 
0.996867 0.0242054 -0.0753035 -78.7627 -0.0249446 0.999649 -0.00889172 0.48257 0.0750619 0.0107423 0.997121 39.546 
0.996677 0.0251998 -0.0774607 -78.8286 -0.0258697 0.999636 -0.0076569 0.464618 0.0772395 0.00963534 0.996966 40.3645 
0.996525 0.0245251 -0.0796079 -78.8959 -0.0251031 0.999665 -0.00626756 0.446148 0.0794276 0.00824418 0.996807 41.1947 
0.996414 0.0226324 -0.0815287 -78.9599 -0.0231287 0.999719 -0.00514684 0.433903 0.0813894 0.00701403 0.996658 42.0306 
0.996337 0.0222196 -0.0825703 -79.029 -0.0224126 0.999748 -0.00141073 0.420782 0.0825182 0.00325618 0.996584 42.8743 
0.996274 0.021833 -0.0834328 -79.1003 -0.0216373 0.999761 0.00324945 0.403992 0.0834838 -0.00143208 0.996508 43.7247 
0.996315 0.0218358 -0.0829488 -79.1713 -0.0214088 0.999753 0.00603358 0.388897 0.08306 -0.0042355 0.996536 44.5789 
0.996552 0.02539 -0.0789901 -79.3186 -0.0250969 0.999674 0.00470207 0.363929 0.0790837 -0.00270346 0.996864 46.2992 
0.996729 0.0230505 -0.0774654 -79.3849 -0.0229334 0.999734 0.00240124 0.349896 0.0775001 -0.000616844 0.996992 47.163 
0.996934 0.0189356 -0.0759286 -79.4453 -0.0189516 0.99982 0.000510288 0.334438 0.0759246 0.000930244 0.997113 48.0317 
0.997103 0.0174955 -0.0740227 -79.5086 -0.017513 0.999846 0.000413642 0.320996 0.0740186 0.000883914 0.997256 48.9021 
0.997213 0.0158157 -0.0729178 -79.5738 -0.015658 0.999874 0.00273357 0.302792 0.0729518 -0.0015842 0.997334 49.779 
0.997304 0.0127052 -0.0722732 -79.6339 -0.0123422 0.999909 0.00546645 0.286751 0.0723361 -0.00455969 0.99737 50.6563 
0.997379 0.0116636 -0.0714108 -79.6974 -0.0112773 0.999919 0.00581041 0.272043 0.0714728 -0.00498986 0.99743 51.5294 
0.997439 0.0159803 -0.0697131 -79.8336 -0.0161936 0.999866 -0.00249551 0.24086 0.0696638 0.00361802 0.997564 53.2548 
0.997478 0.0176675 -0.0687377 -79.9004 -0.0182454 0.999803 -0.00778914 0.2201 0.0685866 0.00902365 0.997604 54.1135 
0.997486 0.022873 -0.0670685 -80.0326 -0.0239401 0.999599 -0.0151503 0.164934 0.066695 0.0167178 0.997633 55.8191 
0.997576 0.0193623 -0.066832 -80.0927 -0.0200885 0.999746 -0.0102102 0.140807 0.0666174 0.011528 0.997712 56.6706 
0.997559 0.0190535 -0.0671738 -80.1556 -0.0190555 0.999818 0.000610177 0.116112 0.0671732 0.000671345 0.997741 57.5269 
0.99746 0.0204347 -0.0682371 -80.2224 -0.0198258 0.999757 0.00958969 0.0923346 0.0684166 -0.00821248 0.997623 58.3777 
0.997263 0.0102704 -0.0732244 -80.3387 -0.0101214 0.999946 0.00240621 0.0591433 0.0732451 -0.00165849 0.997313 60.0426 
0.996859 0.0111795 -0.0784089 -80.474 -0.0112999 0.999935 -0.0010923 0.0182673 0.0783917 0.00197488 0.996921 61.6957 
0.996204 0.013562 -0.0859821 -80.6209 -0.0142963 0.999866 -0.00793028 -0.0263229 0.0858631 0.00912941 0.996265 63.3279 
0.995532 0.0201808 -0.0922393 -80.7781 -0.0213344 0.999706 -0.0115371 -0.0838 0.0919793 0.0134534 0.99567 64.9451 
0.994672 0.0264446 -0.099644 -80.9452 -0.0270643 0.999622 -0.00487164 -0.136047 0.0994775 0.00754247 0.995011 66.5593 
0.994252 0.0274951 -0.103473 -81.0341 -0.0274247 0.999622 0.00210305 -0.157383 0.103491 0.000746751 0.99463 67.3635 
0.993751 0.0268536 -0.10834 -81.1234 -0.0264261 0.999636 0.00537975 -0.175582 0.108445 -0.00248314 0.994099 68.16 
0.993035 0.0264096 -0.114823 -81.2192 -0.025899 0.999647 0.00593664 -0.191357 0.114939 -0.0029215 0.993368 68.9488 
0.992384 0.0238864 -0.120844 -81.3169 -0.0229016 0.999692 0.00953191 -0.204217 0.121035 -0.00669179 0.992626 69.7395 
0.991573 0.0240792 -0.127291 -81.4216 -0.0230402 0.999688 0.00962869 -0.217481 0.127483 -0.00661474 0.991819 70.5203 
0.990675 0.0287854 -0.133169 -81.5423 -0.0278125 0.999571 0.0091609 -0.230556 0.133376 -0.00537172 0.991051 71.2919 
0.988986 0.0296895 -0.145002 -81.7834 -0.0296372 0.999557 0.00252178 -0.255072 0.145013 0.00180345 0.989428 72.8219 
0.988134 0.0315395 -0.150319 -81.9109 -0.0315983 0.999499 0.00199841 -0.269177 0.150307 0.00277514 0.988636 73.5847 
0.98738 0.033261 -0.154838 -82.0491 -0.0327716 0.999447 0.00571307 -0.283652 0.154942 -0.000566675 0.987923 74.3434 
0.986403 0.0342725 -0.160731 -82.1866 -0.0330078 0.9994 0.0105326 -0.297589 0.160996 -0.00508404 0.986942 75.1012 
0.984229 0.0318763 -0.174004 -82.4671 -0.0305841 0.999481 0.0101029 -0.327379 0.174235 -0.00462187 0.984693 76.5947 
0.981124 0.0263237 -0.191577 -82.7656 -0.0268476 0.99964 -0.000139223 -0.354245 0.191504 0.00527999 0.981478 78.0692 
0.978975 0.0271753 -0.20216 -82.9303 -0.0269444 0.999629 0.00389451 -0.375398 0.202191 0.00163444 0.979345 78.8078 
0.976612 0.0261093 -0.213418 -83.1012 -0.0248666 0.999655 0.00850582 -0.386632 0.213566 -0.00299991 0.976924 79.5441 
0.97394 0.0283865 -0.225023 -83.2841 -0.0252529 0.99954 0.0167922 -0.399493 0.225396 -0.0106721 0.974209 80.281 
0.971288 0.0294913 -0.236073 -83.4673 -0.0250568 0.999449 0.0217632 -0.408391 0.236585 -0.0152231 0.971491 81.0106 
0.968319 0.0326325 -0.247575 -83.6579 -0.0292331 0.999421 0.0173951 -0.417823 0.247999 -0.00960666 0.968713 81.7257 
0.965169 0.0312082 -0.259759 -83.8564 -0.0303378 0.999513 0.00736023 -0.425895 0.259862 0.000776652 0.965646 82.4307 
0.961807 0.0292648 -0.27216 -84.0574 -0.0296725 0.999556 0.00261808 -0.427494 0.272116 0.0055576 0.962248 83.1404 
0.95831 0.0272858 -0.284425 -84.2658 -0.0265438 0.999627 0.00646376 -0.428874 0.284495 0.00135544 0.958677 83.8624 
0.954814 0.0293558 -0.295751 -84.4928 -0.0260938 0.999547 0.0149715 -0.43695 0.296057 -0.00657769 0.955148 84.5842 
0.951107 0.030689 -0.307332 -84.7275 -0.0255208 0.999457 0.0208221 -0.44244 0.307804 -0.0119607 0.951375 85.303 
0.94703 0.0268037 -0.320026 -84.9651 -0.0218672 0.99958 0.0190098 -0.444697 0.320401 -0.0110048 0.947218 86.0117 
0.94307 0.0246838 -0.331677 -85.2123 -0.0212329 0.999676 0.0140248 -0.447748 0.331915 -0.00618395 0.943289 86.7156 
0.937107 0.0171454 -0.348622 -85.7267 -0.0177563 0.999841 0.00144336 -0.463307 0.348591 0.00483764 0.937262 88.118 
0.934311 0.0167085 -0.356067 -85.9963 -0.0180697 0.999837 -0.000496857 -0.472599 0.356 0.00689823 0.93446 88.8208 
0.931265 0.0218043 -0.363691 -86.2803 -0.023622 0.999721 -0.00055042 -0.487271 0.363577 0.00910369 0.93152 89.5211 
0.928143 0.023116 -0.371505 -86.5691 -0.0239884 0.99971 0.00227356 -0.489633 0.37145 0.00680163 0.928428 90.2155 
0.924933 0.0231385 -0.379424 -86.8604 -0.0217864 0.999732 0.00785732 -0.483398 0.379505 0.000998811 0.925189 90.9181 
0.919344 0.0341653 -0.391969 -87.4763 -0.0270971 0.999355 0.0235524 -0.482503 0.392521 -0.0110316 0.919677 92.3185 
0.914224 0.0385621 -0.40337 -88.1179 -0.0361556 0.999254 0.0135831 -0.468056 0.403593 0.0021661 0.914936 93.687 
0.910397 0.0304994 -0.412611 -88.749 -0.031529 0.999494 0.00431395 -0.46318 0.412533 0.00908182 0.910897 95.0682 
0.905783 0.0400625 -0.421843 -89.4164 -0.0373637 0.999194 0.014666 -0.473654 0.422091 0.00247739 0.90655 96.4657 
0.901237 0.0346344 -0.43194 -90.085 -0.0347835 0.999366 0.00755711 -0.484703 0.431928 0.00821366 0.901871 97.8498 
0.899002 0.0315128 -0.43681 -90.4266 -0.0349525 0.999389 0.000162878 -0.48759 0.436548 0.0151212 0.899554 98.5347 
0.896625 0.031889 -0.441642 -90.7749 -0.0363848 0.999336 -0.00171091 -0.495814 0.441294 0.0176031 0.89719 99.2195 
0.894591 0.0356695 -0.44546 -91.131 -0.0382188 0.999264 0.00326188 -0.506482 0.445248 0.0141069 0.895296 99.9095 
0.892477 0.0370555 -0.449569 -91.487 -0.0387538 0.999234 0.00542802 -0.517229 0.449426 0.0125782 0.893229 100.595 
0.890132 0.0380447 -0.454112 -91.84 -0.0394624 0.999201 0.00635855 -0.526198 0.453991 0.0122604 0.890922 101.277 
0.887887 0.0367334 -0.458593 -92.1962 -0.0381681 0.999252 0.00614271 -0.534938 0.458476 0.0120496 0.888625 101.954 
0.883611 0.034349 -0.46696 -92.9148 -0.0356371 0.999346 0.00607605 -0.551172 0.466863 0.0112722 0.884258 103.296 
0.881392 0.0352232 -0.47107 -93.2832 -0.0365877 0.999311 0.00626414 -0.558967 0.470966 0.0117142 0.882074 103.96 
0.879058 0.0363721 -0.475326 -93.6505 -0.0374799 0.999272 0.00715015 -0.565996 0.47524 0.0115298 0.879781 104.619 
0.876676 0.0332801 -0.479928 -94.0151 -0.0363065 0.999336 0.00297737 -0.576757 0.479709 0.0148143 0.877303 105.267 
0.872263 0.0282158 -0.488223 -94.7482 -0.0348094 0.999384 -0.00443336 -0.598078 0.487797 0.0208618 0.872708 106.547 
0.870281 0.0297818 -0.491654 -95.1234 -0.0347966 0.999394 -0.00105582 -0.605007 0.491324 0.0180267 0.87079 107.188 
0.866942 0.0364111 -0.497077 -95.8645 -0.0319704 0.999337 0.0174429 -0.621003 0.497383 0.000769751 0.867531 108.453 
0.865437 0.0362553 -0.499704 -96.2232 -0.0286162 0.999327 0.0229443 -0.625131 0.5002 -0.00555724 0.865892 109.068 
0.863873 0.0327762 -0.502642 -96.574 -0.0248149 0.999438 0.0225228 -0.624599 0.503098 -0.00698386 0.864201 109.668 
0.862107 0.0308285 -0.505787 -96.9208 -0.024713 0.999518 0.0187993 -0.626205 0.506123 -0.00370747 0.862453 110.248 
0.860488 0.0290169 -0.508644 -97.2634 -0.024202 0.999578 0.0160802 -0.627327 0.508896 -0.00152656 0.860827 110.814 
0.858979 0.0276131 -0.511266 -97.6008 -0.0231945 0.999618 0.0150196 -0.627085 0.511486 -0.00104295 0.859291 111.365 
0.856391 0.0261587 -0.515665 -98.2417 -0.0211646 0.999655 0.0155615 -0.632462 0.515894 -0.00241286 0.856649 112.423 
0.853874 0.0250178 -0.519879 -98.8435 -0.0184278 0.999671 0.0178398 -0.636794 0.520154 -0.00565274 0.854054 113.406 
0.851446 0.0220055 -0.52398 -99.3968 -0.0152594 0.999736 0.0171899 -0.640081 0.52422 -0.00664064 0.851557 114.302 
0.848738 0.0200409 -0.528433 -99.9188 -0.0174487 0.999799 0.00989245 -0.65604 0.528525 0.000824364 0.848917 115.114 
0.84402 0.0123116 -0.536171 -100.399 -0.00947306 0.999923 0.00804815 -0.658588 0.536229 -0.00171361 0.844071 115.861 
0.837097 0.0167107 -0.546799 -100.865 -0.0124535 0.999856 0.0114915 -0.664724 0.546912 -0.00280992 0.837185 116.529 
0.829718 0.0282966 -0.557465 -101.306 -0.0188768 0.999565 0.0226416 -0.671392 0.557863 -0.00826299 0.829892 117.127 
0.820025 0.0279734 -0.571643 -101.693 -0.0142921 0.999494 0.0284081 -0.672146 0.572149 -0.0151254 0.82001 117.657 
0.795283 0.0248611 -0.605728 -102.229 -0.00716598 0.999475 0.0316133 -0.675323 0.606196 -0.0208009 0.795043 118.326 
0.770117 0.0259329 -0.637375 -102.576 -0.00898164 0.999515 0.029815 -0.681909 0.63784 -0.0172364 0.769976 118.681 
0.726131 0.0199039 -0.687268 -103.068 -0.0129043 0.999799 0.0153211 -0.685597 0.687435 -0.0022564 0.726242 119.116 
0.694265 0.0262648 -0.71924 -103.418 -0.0237922 0.999625 0.0135377 -0.681989 0.719326 0.00771352 0.69463 119.367 
0.656813 0.0239531 -0.753673 -103.773 -0.0175566 0.99971 0.0164724 -0.672655 0.753849 0.00241266 0.657044 119.624 
0.6122 0.0303386 -0.790121 -104.148 -0.0206147 0.999536 0.022407 -0.662419 0.790435 0.00257054 0.612541 119.838 
0.563474 0.0376485 -0.825275 -104.534 -0.0241906 0.999285 0.02907 -0.65587 0.825779 0.00358372 0.563982 120.029 
0.512298 0.0455865 -0.857597 -104.931 -0.0311237 0.99892 0.0345065 -0.65151 0.858244 0.00901404 0.513163 120.185 
0.456135 0.0491052 -0.888555 -105.344 -0.032335 0.998732 0.038595 -0.651238 0.889323 0.0111269 0.457145 120.328 
0.390984 0.0424059 -0.91942 -105.802 -0.0309924 0.998978 0.0328958 -0.646722 0.919876 0.0156333 0.391898 120.452 
0.312447 0.0393274 -0.949121 -106.341 -0.0291044 0.99907 0.031816 -0.632082 0.949489 0.0176828 0.313301 120.554 
0.269708 0.0378632 -0.962197 -106.641 -0.0280472 0.999112 0.0314541 -0.625165 0.962534 0.0185035 0.270531 120.599 
0.17498 0.033233 -0.984011 -107.279 -0.0247639 0.999263 0.0293445 -0.604701 0.984261 0.0192333 0.175674 120.64 
0.12544 0.0329907 -0.991553 -107.63 -0.0236647 0.999262 0.0302535 -0.593768 0.991819 0.0196698 0.126128 120.643 
0.0212254 0.0366384 -0.999103 -108.347 -0.0181886 0.999177 0.0362547 -0.578058 0.999609 0.0174028 0.0218743 120.591 
-0.0855996 0.0405926 -0.995502 -109.103 -0.00879714 0.9991 0.0414957 -0.565109 0.996291 0.0123096 -0.0851655 120.465 
-0.189808 0.0439476 -0.980837 -109.894 -0.00163756 0.998982 0.0450775 -0.549816 0.98182 0.0101623 -0.189543 120.253 
-0.287748 0.0466861 -0.956568 -110.736 0.00827955 0.998895 0.0462613 -0.527119 0.95767 0.00539166 -0.287817 119.969 
-0.334616 0.0480961 -0.941127 -111.16 0.0139959 0.99884 0.0460694 -0.514543 0.942251 0.00224364 -0.334901 119.776 
-0.421496 0.0512977 -0.905378 -112.042 0.0239414 0.99868 0.0454383 -0.486064 0.906514 -0.00252402 -0.422167 119.325 
-0.460736 0.0521632 -0.886003 -112.497 0.0271672 0.998632 0.0446669 -0.470144 0.887122 -0.00349053 -0.461523 119.062 
-0.495229 0.0526351 -0.867166 -112.96 0.0287039 0.998609 0.0442209 -0.451811 0.868288 -0.00299157 -0.496051 118.769 
-0.524411 0.0523444 -0.849855 -113.421 0.0290676 0.998627 0.0435712 -0.433277 0.850969 -0.00185399 -0.525213 118.447 
-0.547837 0.050992 -0.83503 -113.899 0.0279061 0.998699 0.0426783 -0.414091 0.83612 7.83176e-05 -0.548547 118.107 
-0.566302 0.0489896 -0.82274 -114.379 0.0266704 0.998798 0.0411154 -0.400553 0.823766 0.00134094 -0.566928 117.749 
-0.580474 0.0483462 -0.812842 -114.876 0.0255914 0.998826 0.0411326 -0.384654 0.813877 0.00307464 -0.58103 117.376 
-0.591839 0.0492088 -0.804553 -115.385 0.0265831 0.998783 0.0415338 -0.368547 0.805618 0.00319384 -0.592427 116.989 
-0.601691 0.0503047 -0.797143 -115.907 0.0278224 0.998729 0.0420254 -0.35118 0.798244 0.00310792 -0.602326 116.588 
-0.609654 0.0516992 -0.79098 -116.439 0.0291462 0.998658 0.0428086 -0.33342 0.792131 0.00304443 -0.610343 116.171 
-0.616069 0.0517393 -0.785991 -116.978 0.0286151 0.998652 0.0433092 -0.314504 0.787172 0.00419022 -0.616719 115.737 
-0.621749 0.0515974 -0.781515 -117.527 0.0282051 0.998655 0.0434943 -0.293981 0.782709 0.0049998 -0.622368 115.292 
-0.626279 0.0519751 -0.777864 -118.086 0.0286257 0.998635 0.0436792 -0.273294 0.779073 0.00508852 -0.626913 114.835 
-0.629618 0.0527617 -0.775111 -118.66 0.0295996 0.998596 0.0439307 -0.251332 0.776341 0.00471656 -0.630296 114.366 
-0.632035 0.0539167 -0.773062 -119.24 0.030844 0.998536 0.044425 -0.228354 0.774326 0.00423377 -0.632772 113.887 
-0.633139 0.0542466 -0.772134 -119.835 0.031288 0.99852 0.0444957 -0.204377 0.773405 0.00401347 -0.633899 113.395 
-0.633912 0.0539788 -0.77152 -120.439 0.0315885 0.998536 0.0439075 -0.181612 0.77276 0.00346238 -0.634689 112.893 
-0.634722 0.0534643 -0.770889 -121.057 0.0319131 0.998566 0.0429786 -0.157509 0.772081 0.00267797 -0.635518 112.381 
-0.635337 0.0530563 -0.770411 -121.687 0.0326217 0.99859 0.0418683 -0.132212 0.771546 0.00146841 -0.636172 111.858 
-0.636155 0.0537193 -0.769689 -122.328 0.0327952 0.998554 0.042587 -0.105071 0.770864 0.00184985 -0.636997 111.322 
-0.637138 0.0546719 -0.768809 -122.97 0.0315319 0.998495 0.0448739 -0.0753563 0.770105 0.00434885 -0.637903 110.773 
-0.638403 0.0557645 -0.767679 -123.626 0.0304908 0.998421 0.0471695 -0.0473664 0.769098 0.00670604 -0.639096 110.213 
-0.639529 0.0559943 -0.766725 -124.285 0.0306605 0.998408 0.0473401 -0.0186765 0.768155 0.00676719 -0.640228 109.65 
-0.640546 0.0548365 -0.765959 -124.956 0.0315544 0.998484 0.0450954 0.0111099 0.767271 0.00471627 -0.641305 109.08 
-0.641387 0.0543291 -0.765291 -125.637 0.0325312 0.998518 0.043622 0.0422184 0.766527 0.00308276 -0.642204 108.501 
-0.642318 0.0553091 -0.76444 -126.332 0.0347568 0.998469 0.0430374 0.0713343 0.76565 0.00107424 -0.643257 107.914 
-0.643104 0.0568659 -0.763664 -127.037 0.0372923 0.998381 0.042939 0.0992912 0.76487 -0.00086452 -0.644184 107.318 
-0.644344 0.0548737 -0.762764 -127.745 0.0371831 0.998491 0.0404217 0.125042 0.763831 -0.0023165 -0.645412 106.713 
-0.645479 0.0516576 -0.762029 -128.462 0.0370478 0.998653 0.0363168 0.148435 0.762879 -0.0047897 -0.646524 106.101 
-0.646378 0.0451899 -0.761678 -129.919 0.0328136 0.998967 0.0314219 0.183594 0.762311 -0.00468294 -0.647194 104.852 
-0.646361 0.0472091 -0.76157 -131.413 0.030546 0.998885 0.0359949 0.21447 0.76242 2.79727e-06 -0.647083 103.574 
-0.646469 0.052406 -0.761138 -132.923 0.0331167 0.998625 0.04063 0.251366 0.762221 0.00105968 -0.647316 102.303 
-0.646555 0.0541881 -0.760941 -134.436 0.0342257 0.99853 0.0420265 0.29001 0.762099 0.00112872 -0.647459 101.03 
-0.646772 0.0540514 -0.760766 -135.946 0.0325547 0.998533 0.0432678 0.329842 0.761989 0.00321792 -0.647582 99.7511 
-0.646906 0.0548849 -0.760592 -136.71 0.0321177 0.998483 0.0447342 0.347864 0.761894 0.0045103 -0.647687 99.1085 
-0.647002 0.0558729 -0.760438 -137.469 0.0323621 0.998425 0.0458242 0.368016 0.761801 0.00503896 -0.647791 98.4694 
-0.647489 0.0559165 -0.760021 -138.227 0.0325183 0.998423 0.0457528 0.389982 0.761381 0.00490985 -0.648286 97.8278 
-0.647972 0.0556854 -0.759626 -138.99 0.033466 0.998442 0.0446452 0.414807 0.760929 0.00350723 -0.648826 97.1827 
-0.648753 0.0556719 -0.75896 -139.748 0.0340835 0.998445 0.0441046 0.434391 0.760235 0.00274502 -0.649642 96.5461 
-0.64939 0.056168 -0.758379 -140.511 0.0345999 0.998418 0.0443187 0.452956 0.759668 0.00254031 -0.650306 95.9042 
-0.6502 0.0556578 -0.757721 -141.266 0.0340512 0.998446 0.0441207 0.47261 0.758999 0.00288598 -0.651085 95.2626 
-0.650778 0.0547025 -0.757295 -142.021 0.033376 0.998498 0.0434442 0.491274 0.758534 0.00299706 -0.651626 94.6204 
-0.651269 0.0534743 -0.75696 -142.77 0.0326684 0.998565 0.0424351 0.511181 0.758143 0.002908 -0.652082 93.9789 
-0.651203 0.0527717 -0.757067 -143.529 0.0318228 0.998601 0.0422351 0.527413 0.758236 0.00341159 -0.651971 93.337 
-0.651161 0.0511472 -0.757215 -144.286 0.0285564 0.998671 0.0428999 0.544563 0.758403 0.00631143 -0.651756 92.6907 
-0.650382 0.0503642 -0.757936 -145.041 0.0270853 0.998703 0.0431212 0.561296 0.759124 0.00751634 -0.650903 92.0489 
-0.649414 0.0486111 -0.75888 -145.794 0.0260374 0.998791 0.0416973 0.577964 0.75999 0.00731949 -0.649894 91.4105 
-0.648061 0.0460318 -0.760196 -146.548 0.0241288 0.998912 0.0399171 0.593759 0.761206 0.00752608 -0.648466 90.774 
-0.646586 0.0463408 -0.761432 -147.307 0.0249224 0.998904 0.0396299 0.608649 0.762434 0.00664743 -0.647032 90.1393 
-0.645534 0.048899 -0.762165 -148.07 0.0261722 0.998778 0.0419125 0.625037 0.763283 0.00710846 -0.646025 89.5032 
-0.644256 0.0546489 -0.762855 -148.833 0.0289606 0.998472 0.0470697 0.64681 0.764262 0.0082322 -0.644854 88.8715 
-0.643266 0.0616048 -0.763161 -149.601 0.031718 0.998046 0.0538306 0.671683 0.764986 0.0104214 -0.643963 88.237 
-0.642712 0.0639303 -0.763436 -150.359 0.0320902 0.997884 0.0565474 0.696756 0.765436 0.0118448 -0.643403 87.6068 
-0.642551 0.0603254 -0.763864 -151.113 0.0323132 0.998143 0.051646 0.725626 0.765561 0.00850228 -0.643307 86.9781 
-0.642611 0.0564515 -0.76411 -151.867 0.0321241 0.99839 0.0467437 0.753953 0.765519 0.00549169 -0.64339 86.3499 
-0.642443 0.056394 -0.764255 -152.622 0.0324978 0.998396 0.0463531 0.780696 0.765644 0.00494262 -0.643246 85.7189 
-0.64256 0.0583781 -0.764008 -153.379 0.0317136 0.998265 0.0496054 0.803951 0.765579 0.00764505 -0.643297 85.0854 
-0.642657 0.0604971 -0.763762 -154.132 0.0325891 0.998134 0.0516399 0.828824 0.765461 0.00829638 -0.643429 84.4568 
-0.643148 0.0598632 -0.763398 -154.882 0.0337857 0.998187 0.0498109 0.853667 0.764996 0.00624383 -0.644004 83.8321 
-0.643826 0.0587494 -0.762913 -155.629 0.0342907 0.998262 0.0479348 0.879699 0.764403 0.00470077 -0.644721 83.2061 
-0.64488 0.0625771 -0.761718 -157.119 0.0342553 0.998007 0.052988 0.932452 0.763516 0.00807804 -0.645739 81.9515 
-0.64592 0.0667706 -0.760479 -158.603 0.0361182 0.997725 0.0569236 0.992066 0.76255 0.009301 -0.646862 80.7035 
-0.646969 0.0652524 -0.759719 -160.059 0.0377734 0.997851 0.0535382 1.04991 0.76158 0.00594031 -0.648043 79.4646 
-0.646297 0.0611032 -0.760636 -161.5 0.033199 0.998097 0.0519704 1.1027 0.762364 0.00833596 -0.647095 78.2249 
-0.645263 0.0588557 -0.76169 -162.94 0.0300895 0.998212 0.0516416 1.1543 0.763368 0.0104035 -0.64588 76.9941 
-0.644118 0.0588866 -0.762656 -164.377 0.0291848 0.998198 0.0524248 1.20595 0.764369 0.0115098 -0.644676 75.7743 
-0.643194 0.0558603 -0.763663 -165.808 0.0275561 0.998378 0.0498202 1.25702 0.765208 0.0110005 -0.64369 74.5664 
-0.642033 0.0593925 -0.764373 -167.242 0.0314682 0.998196 0.0511292 1.30658 0.766031 0.00877321 -0.642744 73.3721 
-0.64149 0.0586315 -0.764888 -168.668 0.0324813 0.998257 0.049279 1.35105 0.766444 0.00676746 -0.642276 72.1911 
-0.640378 0.0557711 -0.766032 -170.084 0.0350806 0.998443 0.0433657 1.39673 0.767258 0.000897605 -0.641338 71.0356 
-0.639697 0.0549124 -0.766663 -171.472 0.030879 0.998475 0.0457509 1.41617 0.768007 0.00559288 -0.640417 69.9057 
-0.640027 0.0543797 -0.766426 -172.83 0.0309518 0.998507 0.0449992 1.43689 0.767729 0.00507845 -0.640755 68.8075 
-0.640084 0.0541778 -0.766393 -174.145 0.0309675 0.998519 0.0447236 1.46008 0.767681 0.00489359 -0.640814 67.7391 
-0.640235 0.0536696 -0.766302 -175.419 0.0298332 0.998541 0.0450098 1.48274 0.767599 0.00595557 -0.640902 66.6981 
-0.640616 0.0561424 -0.765806 -176.664 0.0304102 0.998396 0.047755 1.51043 0.767259 0.00730424 -0.641296 65.6842 
-0.640691 0.060236 -0.765432 -177.868 0.0319849 0.998146 0.0517772 1.53802 0.767132 0.00869089 -0.64143 64.6893 
-0.641009 0.063874 -0.764871 -179.008 0.035382 0.997931 0.0536844 1.56193 0.766717 0.00734947 -0.641943 63.7122 
-0.642102 0.0646334 -0.76389 -180.1 0.0361403 0.997884 0.0540534 1.58648 0.765767 0.00710058 -0.643079 62.7652 
-0.644741 0.0657581 -0.761568 -181.142 0.0396669 0.997829 0.0525764 1.61195 0.763371 0.0036891 -0.645949 61.8606 
-0.660487 0.069609 -0.747604 -182.622 0.0487099 0.997568 0.0498492 1.64854 0.749256 -0.00349088 -0.662272 60.5453 
-0.690927 0.0752175 -0.719001 -183.975 0.0565861 0.997148 0.0499389 1.68544 0.720707 -0.00618136 -0.693213 59.2357 
-0.720577 0.0807946 -0.688651 -184.812 0.0656615 0.996676 0.0482274 1.7137 0.690259 -0.0104663 -0.723487 58.3607 
-0.777831 0.0800376 -0.623356 -185.88 0.0638669 0.996789 0.0482919 1.7679 0.62522 -0.00224879 -0.780446 57.0003 
-0.820605 0.0763751 -0.566369 -186.455 0.0596027 0.997063 0.0480968 1.80753 0.568379 0.00571134 -0.822747 56.0661 
-0.866565 0.0737853 -0.49358 -186.945 0.0578016 0.997193 0.0475899 1.84288 0.495706 0.01271 -0.868397 55.1256 
-0.92832 0.0450983 -0.369037 -187.423 0.0335775 0.998729 0.0375853 1.88329 0.370263 0.0224999 -0.928655 53.6942 
-0.972942 0.0327689 -0.228713 -187.691 0.0266785 0.999204 0.0296715 1.90032 0.229503 0.0227669 -0.973042 52.2528 
-0.991151 0.0252387 -0.130318 -187.772 0.0211137 0.999234 0.0329392 1.90078 0.13105 0.0298962 -0.990925 51.291 
-0.999504 0.0100607 -0.0298432 -187.716 0.00881532 0.999097 0.0415744 1.90391 0.0302345 0.0412907 -0.99869 50.3304 
-0.99707 0.0205199 0.0736844 -187.605 0.0233596 0.999009 0.0378863 1.91388 -0.072834 0.0394966 -0.996562 49.4038 
-0.984399 0.0236261 0.17436 -187.386 0.0297517 0.999026 0.0326018 1.91604 -0.173419 0.0372806 -0.984142 48.5087 
-0.962004 0.0233154 0.272037 -187.092 0.0316297 0.999156 0.0262175 1.92192 -0.271197 0.0338258 -0.961929 47.6676 
-0.930352 0.0302166 0.36542 -186.714 0.0411683 0.998905 0.0222141 1.92272 -0.364349 0.0357107 -0.930577 46.8409 
-0.895342 0.0199405 0.444933 -186.243 0.0356454 0.999001 0.0269575 1.91064 -0.443951 0.039996 -0.895158 46.025 
-0.860872 0.0216448 0.508361 -185.744 0.0440724 0.998512 0.032119 1.9049 -0.50691 0.050055 -0.860545 45.2175 
-0.830958 0.0184972 0.556028 -185.19 0.0441156 0.998491 0.0327122 1.90399 -0.554584 0.051712 -0.83052 44.4335 
-0.808702 0.0161729 0.587996 -184.597 0.0422096 0.998641 0.0305854 1.90834 -0.586702 0.0495536 -0.808285 43.6515 
-0.793875 0.0136943 0.607927 -183.969 0.039107 0.998826 0.0285689 1.90916 -0.606822 0.0464543 -0.793479 42.859 
-0.783921 0.0143958 0.620694 -183.313 0.037667 0.998992 0.0244029 1.91491 -0.619717 0.0425096 -0.783673 42.0461 
-0.777446 0.0191698 0.628658 -182.625 0.0432314 0.9988 0.0230066 1.92857 -0.627462 0.0450642 -0.777342 41.2043 
-0.773695 0.015259 0.633374 -181.887 0.0364893 0.999124 0.0205028 1.93648 -0.632506 0.0389742 -0.773574 40.3447 
-0.772183 0.0136387 0.635254 -181.117 0.0352639 0.999149 0.0214136 1.95283 -0.634421 0.0389368 -0.772007 39.4325 
-0.772699 0.0185167 0.634502 -180.327 0.0414755 0.998911 0.0213578 1.95101 -0.633416 0.0428194 -0.772626 38.4615 
-0.773468 0.0212311 0.63348 -179.493 0.0359272 0.999301 0.010375 1.95089 -0.632816 0.0307839 -0.77369 37.4591 
-0.774269 0.0256118 0.632338 -178.624 0.0375256 0.999281 0.00547408 1.94689 -0.631743 0.0279673 -0.774673 36.3942 
-0.774807 0.0166221 0.63198 -177.684 0.0299301 0.999498 0.0104059 1.93763 -0.63149 0.0269778 -0.774915 35.2962 
-0.774361 0.011406 0.632641 -176.711 0.0253877 0.999592 0.013053 1.92319 -0.632234 0.026169 -0.774335 34.1427 
-0.774447 0.00905269 0.632574 -176.208 0.0250267 0.999553 0.0163352 1.92257 -0.632144 0.028482 -0.774328 33.5389 
-0.774876 0.00710628 0.632074 -175.696 0.0259685 0.999451 0.0205988 1.92374 -0.63158 0.0323756 -0.774635 32.9221 
-0.774782 0.00364008 0.632218 -175.172 0.023258 0.999471 0.0227481 1.92218 -0.6318 0.032329 -0.774457 32.2967 
-0.774453 0.00219111 0.632628 -174.639 0.0197152 0.999592 0.0206729 1.92144 -0.632325 0.0284826 -0.77418 31.665 
-0.774131 0.00540739 0.633002 -174.105 0.0207918 0.999641 0.016888 1.9271 -0.632684 0.0262348 -0.773966 31.022 
-0.77345 0.00717273 0.633817 -173.559 0.0234354 0.999576 0.0172864 1.93301 -0.633424 0.0282239 -0.77329 30.3633 
-0.77365 0.00478613 0.633595 -173.002 0.0252336 0.999411 0.023262 1.93837 -0.63311 0.0339845 -0.773315 29.696 
-0.77365 0.0058902 0.633586 -172.438 0.0287299 0.999254 0.0257915 1.94584 -0.632961 0.0381564 -0.773243 29.0236 
-0.773266 0.00708941 0.634042 -171.867 0.0300947 0.999221 0.0255304 1.95141 -0.633367 0.038823 -0.772877 28.3468 
-0.772982 0.011949 0.634316 -171.288 0.0334136 0.999202 0.0218955 1.95628 -0.633548 0.0381196 -0.772764 27.6606 
-0.772645 0.0179895 0.634583 -170.709 0.0374879 0.999147 0.0173196 1.95869 -0.63373 0.0371711 -0.772661 26.9633 
-0.772764 0.0200289 0.634377 -170.123 0.038107 0.999163 0.0148738 1.95106 -0.633548 0.0356681 -0.772881 26.2593 
-0.773545 0.019955 0.633427 -169.531 0.0371641 0.999212 0.0139066 1.94328 -0.632651 0.0342981 -0.773678 25.5462 
-0.77415 0.0174411 0.632761 -168.934 0.036187 0.999205 0.0167312 1.93667 -0.631967 0.0358502 -0.774166 24.8236 
-0.774674 0.0146675 0.632191 -168.337 0.035234 0.999179 0.0199931 1.92961 -0.631378 0.0377627 -0.774555 24.0978 
-0.775359 0.0139337 0.631367 -167.743 0.0365366 0.999072 0.0228207 1.92189 -0.630463 0.0407622 -0.775149 23.3687 
-0.775637 0.0169689 0.630951 -167.159 0.0415949 0.99884 0.0242702 1.91434 -0.629807 0.0450692 -0.775443 22.6392 
-0.775957 0.0221987 0.630396 -166.582 0.0489627 0.998485 0.0251078 1.90878 -0.628883 0.0503485 -0.775868 21.9087 
-0.776282 0.0229551 0.629968 -166 0.0525043 0.998219 0.0283251 1.90807 -0.628196 0.0550643 -0.776104 21.1796 
-0.776619 0.0218865 0.62959 -165.413 0.0557805 0.99786 0.0341183 1.91419 -0.627496 0.0616157 -0.776178 20.4484 
-0.776775 0.0205879 0.629441 -164.835 0.059136 0.997434 0.0403536 1.92383 -0.626996 0.0685684 -0.775999 19.7147 
-0.77704 0.0229754 0.629032 -164.257 0.0611589 0.997361 0.0391206 1.93408 -0.626474 0.0688692 -0.776394 18.9925 
-0.777517 0.0263566 0.62831 -163.678 0.0591665 0.997755 0.0313627 1.94035 -0.626073 0.0615599 -0.777331 18.2802 
-0.77826 0.0321721 0.627118 -163.105 0.0591044 0.998006 0.0221498 1.94164 -0.625155 0.0543037 -0.778609 17.5739 
-0.778829 0.0348989 0.626265 -162.525 0.0595059 0.998059 0.0183847 1.94275 -0.624407 0.051585 -0.779394 16.8568 
-0.779619 0.0331461 0.625377 -161.951 0.0595519 0.997997 0.021344 1.93928 -0.623417 0.0538826 -0.780031 16.1439 
-0.780213 0.031951 0.624698 -161.377 0.0601409 0.9979 0.0240737 1.93652 -0.622616 0.0563525 -0.780496 15.4291 
-0.780809 0.0311656 0.623992 -160.803 0.060276 0.997854 0.0255857 1.93571 -0.621856 0.0575893 -0.781011 14.7121 
-0.782934 0.0287022 0.621443 -160.242 0.0572849 0.998017 0.0260763 1.93658 -0.619462 0.0560153 -0.783026 14.0138 
-0.787113 0.0259641 0.616262 -159.682 0.0535495 0.998218 0.0263389 1.93605 -0.61448 0.0537322 -0.787101 13.3035 
-0.792736 0.0242173 0.609084 -159.134 0.0513717 0.99831 0.0271683 1.93503 -0.607397 0.052827 -0.79264 12.591 
-0.799651 0.0252461 0.599933 -158.603 0.0517383 0.998297 0.026952 1.93907 -0.598231 0.0525917 -0.799596 11.8759 
-0.808295 0.0264618 0.588182 -158.088 0.0530901 0.998196 0.02805 1.94555 -0.586379 0.0538993 -0.808242 11.1536 
-0.81854 0.0285587 0.573739 -157.593 0.0565496 0.997918 0.0310052 1.95216 -0.571659 0.0578237 -0.818451 10.4231 
-0.830018 0.0286251 0.557002 -157.108 0.0582859 0.997665 0.0355834 1.9581 -0.554683 0.0620001 -0.829748 9.68599 
-0.843235 0.0308496 0.53666 -156.653 0.0601614 0.997496 0.037189 1.968 -0.534168 0.0636452 -0.842979 8.94091 
-0.857796 0.0351292 0.512787 -156.214 0.0637415 0.997231 0.0383109 1.98136 -0.510022 0.0655487 -0.85766 8.18748 
-0.888752 0.0415191 0.456504 -155.434 0.0684063 0.996751 0.0425234 2.02077 -0.453255 0.0690205 -0.888705 6.64052 
-0.916301 0.0514858 0.397166 -154.755 0.0714256 0.996812 0.0355662 2.05596 -0.394069 0.0609572 -0.917057 5.06672 
-0.940592 0.0570921 0.334704 -154.18 0.0680048 0.997465 0.020966 2.07678 -0.332658 0.0424819 -0.94209 3.47526 
-0.959748 0.0516122 0.27608 -153.691 0.060187 0.99793 0.0226713 2.08108 -0.274338 0.0383751 -0.960867 1.83608 
-0.971601 0.0578795 0.229437 -153.295 0.064204 0.997733 0.0201904 2.08896 -0.227748 0.0343478 -0.973114 0.164283 
-0.980032 0.0532607 0.191574 -152.946 0.0597449 0.997815 0.0282273 2.09919 -0.189652 0.0391092 -0.981072 -1.55102 
-0.986376 0.0535666 0.155542 -152.659 0.059208 0.997737 0.0318626 2.12098 -0.153483 0.0406378 -0.987315 -3.30185 
-0.990587 0.0563937 0.124732 -152.422 0.0600055 0.997875 0.0253886 2.14523 -0.123035 0.0326342 -0.991866 -5.08177 
-0.991898 0.0669772 0.107943 -152.23 0.0714813 0.996702 0.0384084 2.18452 -0.105014 0.0458131 -0.993415 -6.93267 
-0.992234 0.0691445 0.103398 -152.035 0.074447 0.996053 0.0483298 2.23657 -0.0996486 0.0556521 -0.993465 -8.81843 
-0.99296 0.0616903 0.101118 -151.822 0.0661484 0.996953 0.0413406 2.2905 -0.0982598 0.0477383 -0.994015 -10.7234 
-0.993756 0.0483793 0.100541 -151.591 0.0525316 0.997855 0.0390697 2.34025 -0.098435 0.0441073 -0.994166 -12.686 
-0.993814 0.0434537 0.102206 -151.368 0.048079 0.997907 0.0432343 2.39074 -0.100113 0.0478808 -0.993823 -14.6894 
-0.993635 0.0412403 0.104831 -151.138 0.0459302 0.998031 0.0427238 2.44625 -0.102862 0.0472667 -0.993572 -16.73 
-0.993595 0.0378198 0.106485 -150.899 0.0421645 0.998355 0.0388491 2.49535 -0.104841 0.0430901 -0.993555 -18.7945 
-0.993952 0.0321462 0.105007 -150.658 0.0363364 0.998608 0.038237 2.53108 -0.103632 0.0418213 -0.993736 -20.8846 
-0.994326 0.0301854 0.102007 -150.429 0.0343681 0.998628 0.0394976 2.56291 -0.100675 0.0427792 -0.993999 -22.9878 
-0.9945 0.0293343 0.100543 -150.317 0.0335185 0.99863 0.0401825 2.58052 -0.099226 0.0433315 -0.994121 -24.0396 
-0.994621 0.0293516 0.0993379 -150.21 0.0335938 0.998582 0.0413051 2.60225 -0.0979847 0.04442 -0.994196 -25.0939 
-0.994719 0.0287318 0.0985328 -150.101 0.0331988 0.99848 0.0439991 2.62484 -0.0971188 0.0470379 -0.994161 -26.1481 
-0.994824 0.0277956 0.0977379 -149.995 0.0323906 0.998428 0.0457451 2.65207 -0.0963128 0.0486741 -0.99416 -27.1987 
-0.994961 0.0270123 0.0965605 -149.892 0.0314448 0.998506 0.0446809 2.67734 -0.0952094 0.047492 -0.994324 -28.2432 
-0.995046 0.0268326 0.0957221 -149.79 0.0310069 0.99862 0.0423915 2.70372 -0.0944525 0.0451495 -0.994505 -29.2848 
-0.995132 0.0262911 0.0949818 -149.688 0.030301 0.998699 0.0410246 2.72749 -0.0937796 0.0437029 -0.994633 -30.3262 
-0.995239 0.0258682 0.0939643 -149.588 0.0298456 0.998706 0.0411721 2.74937 -0.0927777 0.0437806 -0.994724 -31.3652 
-0.995418 0.024965 0.0923031 -149.489 0.0289622 0.998688 0.0422228 2.77205 -0.091128 0.0447026 -0.994835 -32.4061 
-0.995688 0.0237766 0.0896613 -149.393 0.0277618 0.998669 0.0434662 2.79829 -0.0885085 0.0457679 -0.995023 -33.4488 
-0.995966 0.022765 0.0867976 -149.3 0.0266935 0.998658 0.0443715 2.82291 -0.085671 0.0465094 -0.995237 -34.4724 
-0.996231 0.0222548 0.0838408 -149.212 0.0259319 0.998737 0.0430275 2.84779 -0.0827774 0.0450394 -0.99555 -35.5003 
-0.996502 0.0213113 0.0808028 -149.125 0.0248171 0.998782 0.0426347 2.87215 -0.0797958 0.0444908 -0.995818 -36.5257 
-0.996764 0.0204281 0.0777391 -149.039 0.0238767 0.99876 0.0436937 2.8933 -0.0767501 0.0454085 -0.996016 -37.5499 
-0.996974 0.0201542 0.0750835 -148.957 0.0236178 0.998684 0.0455318 2.9149 -0.074067 0.0471673 -0.996137 -38.5707 
-0.997167 0.0207016 0.0723186 -148.881 0.0241365 0.998606 0.0469499 2.93685 -0.0712458 0.0485623 -0.996276 -39.5889 
-0.997314 0.0214603 0.0700245 -148.81 0.0247985 0.99858 0.0471553 2.95889 -0.0689131 0.0487651 -0.99643 -40.6028 
-0.997473 0.0213084 0.0677731 -148.735 0.0245055 0.998608 0.0466978 2.98085 -0.0666837 0.0482407 -0.996607 -41.6118 
-0.997574 0.0224538 0.065898 -148.664 0.0254866 0.998637 0.0455484 3.0029 -0.0647854 0.0471174 -0.996786 -42.6214 
-0.997684 0.0217337 0.0644509 -148.593 0.0247038 0.998652 0.0456507 3.02728 -0.0633719 0.0471371 -0.996876 -43.6216 
-0.997794 0.0203785 0.0631852 -148.518 0.023332 0.998652 0.0463632 3.05498 -0.0621552 0.0477351 -0.996924 -44.6255 
-0.997859 0.0196224 0.0623869 -148.444 0.0224724 0.99872 0.0453148 3.0791 -0.0614178 0.0466198 -0.997023 -45.6222 
-0.997903 0.019408 0.0617453 -148.369 0.0219755 0.99891 0.0411782 3.10206 -0.0608788 0.0424487 -0.997242 -46.6139 
-0.997937 0.0185896 0.0614454 -148.296 0.0209355 0.999067 0.0377587 3.12221 -0.0606862 0.0389672 -0.997396 -47.6026 
-0.997907 0.018976 0.0618234 -148.226 0.0213112 0.999076 0.0373342 3.14281 -0.0610578 0.0385736 -0.997389 -48.5907 
-0.997857 0.0198182 0.0623532 -148.156 0.0221751 0.999057 0.0373375 3.15972 -0.0615544 0.0386402 -0.997355 -49.5761 
-0.997773 0.0214266 0.0631593 -148.085 0.0239078 0.998961 0.0387952 3.1753 -0.0622624 0.0402188 -0.997249 -50.5584 
-0.997667 0.0234827 0.0640985 -148.013 0.0260816 0.998859 0.0400144 3.1894 -0.0630857 0.0415929 -0.997141 -51.5384 
-0.997583 0.0242417 0.0651211 -147.942 0.02694 0.998801 0.0408814 3.20579 -0.064052 0.0425369 -0.99704 -52.5118 
-0.997508 0.0248337 0.0660369 -147.87 0.0276115 0.998757 0.0414884 3.2197 -0.0649246 0.0432084 -0.996954 -53.4797 
-0.997416 0.0236842 0.067832 -147.724 0.0264977 0.998812 0.0408825 3.24353 -0.0667832 0.0425743 -0.996859 -55.4135 
-0.997242 0.0258091 0.0695862 -147.653 0.0286121 0.998806 0.03959 3.25726 -0.0684813 0.0414718 -0.99679 -56.3728 
-0.996996 0.027166 0.0725272 -147.58 0.03002 0.998806 0.0385537 3.27031 -0.0713933 0.0406152 -0.996621 -57.3302 
-0.996821 0.0259447 0.0753323 -147.5 0.0288591 0.998866 0.0378595 3.2824 -0.0742647 0.0399132 -0.99644 -58.2811 
-0.996645 0.025812 0.0776716 -147.421 0.0287167 0.99892 0.0365147 3.29139 -0.0766452 0.0386227 -0.99631 -59.2293 
-0.996476 0.0261253 0.0797004 -147.341 0.0290574 0.998934 0.0358534 3.301 -0.0786788 0.0380429 -0.996174 -60.1716 
-0.996413 0.0253113 0.0807543 -147.26 0.0282991 0.998949 0.0360705 3.31093 -0.0797564 0.0382264 -0.996081 -61.108 
-0.996421 0.0235296 0.0811846 -147.178 0.0267147 0.998906 0.0383721 3.31745 -0.0801929 0.0404036 -0.99596 -62.0374 
-0.996486 0.0226148 0.0806539 -147.099 0.0259366 0.998848 0.0403785 3.32462 -0.0796478 0.0423285 -0.995924 -62.9565 
-0.996569 0.0223125 0.0797053 -147.022 0.025684 0.998807 0.0415287 3.33251 -0.0786836 0.0434334 -0.995953 -63.8691 
-0.996703 0.0209425 0.0783884 -146.946 0.024278 0.998829 0.0418423 3.34145 -0.0774203 0.0436075 -0.996044 -64.7616 
-0.996892 0.0197138 0.0762707 -146.874 0.0229395 0.998869 0.0416496 3.35095 -0.0753634 0.0432698 -0.996217 -65.6419 
-0.997183 0.0188036 0.0726139 -146.805 0.0218997 0.998874 0.0420801 3.36279 -0.0717409 0.0435518 -0.996472 -66.5073 
-0.997563 0.0191015 0.0671087 -146.741 0.021987 0.998853 0.0425253 3.37614 -0.0662195 0.0438972 -0.996839 -67.3578 
-0.997997 0.0198162 0.0600802 -146.684 0.0224005 0.998839 0.0426515 3.38786 -0.0591653 0.0439119 -0.997282 -68.189 
-0.998393 0.0218443 0.0522887 -146.637 0.0241109 0.998779 0.0431162 3.40087 -0.051283 0.0443076 -0.997701 -68.9992 
-0.998711 0.024305 0.0445527 -146.602 0.026301 0.998651 0.0447763 3.40996 -0.0434043 0.0458904 -0.998003 -69.7869 
-0.998934 0.0278598 0.036794 -146.575 0.0295108 0.998546 0.0451183 3.41601 -0.0354835 0.0461561 -0.998304 -70.551 
-0.999127 0.0297434 0.0293519 -146.552 0.0310734 0.99846 0.0459472 3.42136 -0.0279401 0.0468192 -0.998513 -71.2894 
-0.999268 0.0313077 0.0219661 -146.53 0.0323062 0.998387 0.04668 3.42628 -0.0204692 0.0473555 -0.998668 -72.0034 
-0.999363 0.0323442 0.0151023 -146.515 0.0330172 0.998365 0.046664 3.43094 -0.0135683 0.0471328 -0.998796 -72.6894 
-0.999389 0.0338381 0.0087916 -146.506 0.0342109 0.998336 0.0464256 3.43651 -0.00720602 0.0466979 -0.998883 -73.3485 
-0.999389 0.0348481 0.00285885 -146.499 0.034943 0.998322 0.046172 3.44318 -0.00124505 0.0462436 -0.998929 -73.9819 
-0.999344 0.0361157 -0.00254778 -146.496 0.0359616 0.998306 0.0457387 3.45119 0.00419534 0.045617 -0.99895 -74.5886 
-0.999239 0.0383194 -0.00732001 -146.5 0.0379512 0.99826 0.0451371 3.45467 0.00903689 0.0448249 -0.998954 -75.1677 
-0.999124 0.0401532 -0.011797 -146.509 0.0395617 0.998125 0.0466972 3.45826 0.0136499 0.0461896 -0.998839 -75.7243 
-0.999043 0.0407835 -0.0157865 -146.52 0.0399707 0.99801 0.0487689 3.46068 0.0177441 0.0480912 -0.998685 -76.2492 
-0.998937 0.0417659 -0.0194989 -146.531 0.0407522 0.997929 0.0497723 3.46495 0.0215373 0.0489248 -0.99857 -76.745 
-0.998852 0.04227 -0.0225431 -146.546 0.04109 0.99788 0.0504627 3.46909 0.0246284 0.0494784 -0.998471 -77.2084 
-0.998577 0.0461049 -0.0268154 -146.583 0.0446705 0.997656 0.0518319 3.4811 0.0291423 0.0505602 -0.998296 -78.0456 
-0.99849 0.0470956 -0.0282725 -146.615 0.0455303 0.99752 0.0536675 3.48984 0.0307298 0.0522992 -0.998158 -78.7529 
-0.998643 0.0446429 -0.0268146 -146.636 0.0431604 0.997633 0.053533 3.49339 0.029141 0.052303 -0.998206 -79.3269 
-0.998764 0.0428687 -0.0251553 -146.644 0.0414935 0.99774 0.0528552 3.49677 0.0273642 0.0517461 -0.998285 -79.5719 
-0.999058 0.0396925 -0.017534 -146.661 0.0388106 0.99809 0.0480601 3.51341 0.0194081 0.0473343 -0.998691 -80.1958 
-0.999078 0.0409163 -0.013011 -146.663 0.040283 0.998143 0.0456937 3.53197 0.0148565 0.0451274 -0.998871 -80.5699 
-0.999329 0.0361937 -0.00564962 -146.631 0.0358941 0.998283 0.0462971 3.56208 0.00731558 0.0460632 -0.998912 -81.0616 
-0.999241 0.0381165 0.0080284 -146.617 0.0384337 0.998293 0.0439669 3.58025 -0.00633884 0.044242 -0.999001 -81.4609 
-0.999023 0.0324337 0.0300251 -146.574 0.0337259 0.99848 0.0435813 3.59594 -0.0285659 0.0445514 -0.998599 -81.7961 
-0.998051 0.0284367 0.0555434 -146.499 0.0308819 0.998568 0.0436733 3.61089 -0.054222 0.0453035 -0.997501 -82.1081 
-0.99745 0.030206 0.0646556 -146.487 0.032896 0.998619 0.0409532 3.73376 -0.0633293 0.0429757 -0.997067 -82.1363 
-0.983024 0.0254655 0.181703 -146.507 0.03238 0.998856 0.0351889 4.01323 -0.180599 0.040475 -0.982724 -82.698 
-0.96723 0.0220939 0.25294 -146.351 0.0313935 0.998969 0.0327887 4.03356 -0.251955 0.0396549 -0.966926 -83.1167 
-0.947571 0.0187427 0.318994 -146.156 0.0322752 0.998787 0.037189 4.04571 -0.31791 0.0455348 -0.947027 -83.5744 
-0.919086 0.0183894 0.393627 -145.88 0.0375122 0.998457 0.0409419 4.06355 -0.392267 0.0523949 -0.918358 -84.1062 
-0.874094 0.0164844 0.485476 -145.491 0.0424347 0.998194 0.0425093 4.08362 -0.483899 0.0577582 -0.873216 -84.6826 
-0.8017 0.0114675 0.597617 -144.896 0.0395306 0.998644 0.0338675 4.10007 -0.596418 0.0507757 -0.801066 -85.3185 
-0.734619 0.0180784 0.678239 -144.396 0.0477127 0.998547 0.0250628 4.12109 -0.6768 0.0507722 -0.734414 -85.8194 
-0.659673 0.0192212 0.751307 -143.742 0.04914 0.998637 0.0175978 4.13447 -0.749944 0.0485281 -0.659718 -86.3272 
-0.576249 0.0175562 0.817086 -142.947 0.0530981 0.998461 0.0159941 4.14157 -0.815547 0.0526023 -0.576294 -86.8406 
-0.485679 0.00888823 0.874092 -142.01 0.0550276 0.998276 0.0204244 4.14816 -0.872403 0.0580189 -0.485331 -87.3156 
-0.387206 0.00190722 0.921991 -140.976 0.063907 0.997648 0.0247751 4.15626 -0.919776 0.0685148 -0.386417 -87.7514 
-0.287353 -0.00665396 0.957802 -139.798 0.0679064 0.997318 0.0273013 4.16002 -0.955415 0.0728859 -0.28613 -88.0876 
-0.192931 -0.00922005 0.981169 -138.509 0.0735214 0.997009 0.0238257 4.16605 -0.978454 0.0767337 -0.191676 -88.3388 
-0.153014 -0.00830938 0.988189 -137.828 0.0741023 0.997053 0.0198581 4.16887 -0.985442 0.0762657 -0.151947 -88.4333 
-0.118808 -0.00793982 0.992885 -137.113 0.0724978 0.99723 0.0166496 4.17126 -0.990267 0.0739601 -0.117903 -88.5015 
-0.0912007 -0.00614462 0.995814 -136.379 0.071196 0.997382 0.0126747 4.17171 -0.993284 0.0720539 -0.0905244 -88.5603 
-0.0691559 -0.00406973 0.997598 -135.615 0.0711258 0.997427 0.00899964 4.1699 -0.995067 0.0715773 -0.0686885 -88.6075 
-0.0518266 -0.00359771 0.99865 -134.825 0.0716774 0.997401 0.00731303 4.16838 -0.996081 0.0719596 -0.051434 -88.6465 
-0.0367433 -0.00251271 0.999322 -134.013 0.0729633 0.997321 0.00519041 4.16476 -0.996658 0.0731045 -0.0364615 -88.6761 
-0.0226397 -0.000703685 0.999743 -133.18 0.0743688 0.997228 0.00238603 4.15681 -0.996974 0.0744037 -0.0225246 -88.6966 
-0.00791841 0.00267098 0.999965 -132.328 0.0759631 0.997108 -0.00206182 4.14764 -0.997079 0.0759441 -0.00809842 -88.7056 
0.00641722 0.00603003 0.999961 -131.453 0.0759022 0.997094 -0.00649984 4.13663 -0.997095 0.0759409 0.00594088 -88.7011 
0.0190245 0.00669482 0.999797 -130.552 0.0728546 0.99731 -0.00806448 4.12262 -0.997161 0.0729932 0.0184855 -88.6805 
0.0286979 0.00628888 0.999568 -129.631 0.0683242 0.997629 -0.00823829 4.10398 -0.99725 0.0685311 0.0282002 -88.6495 
0.0340966 0.00593837 0.999401 -128.689 0.0633648 0.997958 -0.00809162 4.08479 -0.997408 0.0636027 0.0336507 -88.6121 
0.0366249 0.00690167 0.999305 -127.724 0.0606926 0.998115 -0.00911786 4.06588 -0.997484 0.0609843 0.036137 -88.5757 
0.0374251 0.00581268 0.999282 -126.735 0.0595872 0.998191 -0.008038 4.04821 -0.997521 0.0598453 0.037011 -88.5405 
0.0385855 0.0044917 0.999245 -125.721 0.0604156 0.99815 -0.0068197 4.03107 -0.997427 0.0606331 0.0382427 -88.5049 
0.041406 0.00386972 0.999135 -124.683 0.0609614 0.99812 -0.00639215 4.01395 -0.997281 0.0611733 0.0410922 -88.4643 
0.045641 0.00384159 0.99895 -123.629 0.061732 0.99807 -0.00665868 3.99689 -0.997049 0.0619711 0.0453158 -88.4197 
0.0503048 0.00422031 0.998725 -122.553 0.0616513 0.998071 -0.00732286 3.97809 -0.996829 0.061941 0.0499475 -88.3683 
0.0552043 0.00405418 0.998467 -121.46 0.0613518 0.998088 -0.00744473 3.96035 -0.996588 0.0616687 0.05485 -88.2943 
0.0606868 0.00394345 0.998149 -120.35 0.0606053 0.998133 -0.00762814 3.94065 -0.996315 0.060956 0.0603344 -88.2108 
0.0659303 0.00145068 0.997823 -119.227 0.0614183 0.998097 -0.00550925 3.92026 -0.995932 0.0616478 0.0657157 -88.1306 
0.0711361 -0.00251037 0.997463 -118.087 0.0625078 0.998043 -0.00194604 3.90185 -0.995506 0.0624877 0.0711538 -88.0405 
0.0756272 -0.00528174 0.997122 -116.93 0.0627815 0.998027 0.000524839 3.8833 -0.995158 0.0625611 0.0758096 -87.9487 
0.0778789 -0.00500133 0.99695 -115.761 0.0627989 0.998026 0.000101052 3.86798 -0.994983 0.0625995 0.0780392 -87.8486 
0.0780152 -0.00281848 0.996948 -114.579 0.0616348 0.998097 -0.00200145 3.84972 -0.995045 0.0616028 0.0780405 -87.7451 
0.0770825 -0.00226008 0.997022 -113.384 0.0611241 0.998127 -0.00246308 3.83096 -0.995149 0.0611319 0.0770763 -87.6392 
0.0763884 -0.00473911 0.997067 -112.182 0.0620222 0.998075 -7.82106e-06 3.81218 -0.995147 0.0618409 0.0765352 -87.5392 
0.0759669 -0.00715676 0.997085 -110.975 0.0634488 0.997982 0.0023291 3.79184 -0.99509 0.0630869 0.0762677 -87.4387 
0.0753989 -0.00867703 0.997116 -109.775 0.0647376 0.997895 0.00378855 3.77169 -0.99505 0.0642652 0.0758019 -87.3429 
0.0750481 -0.00931481 0.997136 -108.579 0.0647773 0.99789 0.00444646 3.75057 -0.995074 0.0642581 0.0754931 -87.2471 
0.0745174 -0.00954586 0.997174 -107.386 0.0650084 0.997874 0.00469457 3.72674 -0.995099 0.0644748 0.0749795 -87.1468 
0.0740208 -0.00829089 0.997222 -106.198 0.0642364 0.997928 0.00352868 3.70175 -0.995186 0.0637968 0.0744 -87.0499 
0.0736036 -0.00592927 0.99727 -105.01 0.0641856 0.997937 0.001196 3.67717 -0.99522 0.0639224 0.0738324 -86.953 
0.0732465 -0.00556494 0.997298 -103.821 0.0640817 0.997944 0.000862068 3.65322 -0.995253 0.0638454 0.0734525 -86.8597 
0.0726885 -0.00782594 0.997324 -102.632 0.06316 0.997998 0.0032279 3.62873 -0.995353 0.0627564 0.0730373 -86.764 
0.0721019 -0.0101449 0.997346 -101.445 0.0633825 0.997974 0.00556908 3.60724 -0.995381 0.0628127 0.0725988 -86.6722 
0.0719139 -0.0086694 0.997373 -100.262 0.0626972 0.998024 0.00415438 3.5887 -0.995438 0.0622337 0.0723153 -86.572 
0.071587 -0.00655493 0.997413 -99.0844 0.063639 0.997971 0.00199105 3.56943 -0.995402 0.0633318 0.0718589 -86.4807 
0.071463 -0.00518819 0.99743 -97.9101 0.0636611 0.997971 0.00062987 3.5475 -0.99541 0.0634525 0.0716483 -86.3863 
0.0710897 -0.00728596 0.997443 -96.7361 0.0622587 0.998056 0.00285315 3.52682 -0.995525 0.0618966 0.0714051 -86.2939 
0.0708051 -0.0101036 0.997439 -95.5628 0.0614722 0.998092 0.00574646 3.50652 -0.995594 0.0609079 0.0712911 -86.2014 
0.070294 -0.0126781 0.997446 -94.3923 0.0597423 0.998178 0.00847713 3.4901 -0.995736 0.0589938 0.0709234 -86.1102 
0.0699292 -0.0115434 0.997485 -93.2289 0.0570611 0.998342 0.007553 3.47406 -0.995919 0.0563894 0.070472 -86.0175 
0.0698435 -0.0100022 0.997508 -92.0708 0.0562071 0.998401 0.00607565 3.45733 -0.995973 0.0556427 0.070294 -85.9301 
0.0697273 -0.00947708 0.997521 -90.9148 0.055814 0.998425 0.00558423 3.43993 -0.996004 0.0552863 0.0701465 -85.8444 
0.0694793 -0.00991713 0.997534 -89.7608 0.0547197 0.998483 0.00611528 3.4205 -0.996081 0.0541599 0.0699165 -85.7575 
0.0693972 -0.0115879 0.997522 -88.6076 0.0555955 0.998423 0.00773065 3.4023 -0.996039 0.0549212 0.069932 -85.6741 
0.0694257 -0.0114821 0.997521 -87.4582 0.0564719 0.998375 0.0075616 3.38382 -0.995988 0.0558069 0.0699613 -85.5912 
0.0692139 -0.00953474 0.997556 -86.3143 0.0586969 0.998261 0.00546888 3.36566 -0.995874 0.058175 0.0696532 -85.5113 
0.0698621 -0.00810916 0.997524 -85.1764 0.0609055 0.998136 0.00384859 3.34726 -0.995696 0.0604858 0.0702258 -85.4316 
0.0712975 -0.008581 0.997418 -84.0421 0.0636386 0.997965 0.00403669 3.32712 -0.995423 0.0631865 0.0716985 -85.3526 
0.0739485 -0.00982969 0.997214 -82.9048 0.06457 0.9979 0.00504826 3.30614 -0.99517 0.0640168 0.074428 -85.2666 
0.0772242 -0.0109819 0.996953 -81.7744 0.0650598 0.997864 0.00595242 3.28567 -0.994889 0.0644019 0.0777737 -85.1782 
0.0801559 -0.0117715 0.996713 -80.6466 0.0638353 0.997938 0.00665233 3.26663 -0.994736 0.0630922 0.0807421 -85.0825 
0.0829256 -0.0106874 0.996498 -79.5258 0.0610638 0.998118 0.00562325 3.24539 -0.994683 0.0603837 0.0834221 -84.9828 
0.0859323 -0.00857698 0.996264 -78.4097 0.0598424 0.998202 0.00343198 3.22177 -0.994502 0.0593239 0.086291 -84.8824 
0.0885815 -0.00828001 0.996035 -77.289 0.0595707 0.99822 0.0030003 3.19191 -0.994286 0.0590687 0.088917 -84.7846 
0.0905871 -0.00988577 0.995839 -76.1749 0.0594709 0.99822 0.0044996 3.16248 -0.994111 0.0588158 0.0910138 -84.685 
0.092362 -0.0107613 0.995667 -75.0636 0.0597329 0.998201 0.0052476 3.13385 -0.993932 0.0589894 0.0928386 -84.5844 
0.093897 -0.0113177 0.995518 -73.956 0.0597194 0.998199 0.00571542 3.1085 -0.993789 0.058915 0.0944038 -84.4815 
0.0952663 -0.0126165 0.995372 -72.8496 0.0595564 0.998201 0.0069523 3.08272 -0.993669 0.0586184 0.0958462 -84.3755 
0.0962076 -0.0129474 0.995277 -71.7486 0.0578654 0.998297 0.00739317 3.05932 -0.993678 0.0568808 0.096793 -84.2675 
0.0961605 -0.0128086 0.995283 -70.6505 0.057101 0.998341 0.00733108 3.03585 -0.993727 0.0561267 0.0967324 -84.1597 
0.0955278 -0.0119367 0.995355 -69.5564 0.0553376 0.998445 0.00666284 3.01457 -0.993888 0.054444 0.0960398 -84.0516 
0.0941576 -0.0115402 0.99549 -68.4631 0.0550749 0.998462 0.00636543 2.99348 -0.994033 0.0542271 0.0946484 -83.9466 
0.0925276 -0.0120584 0.995637 -67.3687 0.0558341 0.998416 0.00690322 2.9732 -0.994143 0.0549517 0.0930543 -83.8445 
0.0902829 -0.011918 0.995845 -66.2698 0.0586702 0.998255 0.00662785 2.95913 -0.994186 0.057828 0.0908246 -83.7442 
0.0881278 -0.0106256 0.996053 -65.1736 0.0618334 0.998073 0.00517636 2.94519 -0.994188 0.0611331 0.088615 -83.6486 
0.085815 -0.00950218 0.996266 -64.0722 0.0643527 0.997919 0.00397483 2.93006 -0.994231 0.0637713 0.0862479 -83.5538 
0.0835422 -0.0100694 0.996453 -62.9885 0.0665889 0.99777 0.0044999 2.91458 -0.994277 0.0659768 0.0840264 -83.4639 
0.0811821 -0.0122748 0.996624 -61.8939 0.0667198 0.997748 0.00685382 2.89448 -0.994464 0.0659381 0.0818182 -83.3719 
0.0788076 -0.0138838 0.996793 -60.8017 0.0654794 0.997816 0.00872118 2.87336 -0.994737 0.0645821 0.0795445 -83.2798 
0.0764763 -0.0132995 0.996983 -59.7253 0.0645779 0.997878 0.00835786 2.85153 -0.994978 0.0637438 0.0771728 -83.1923 
0.0743588 -0.0120297 0.997159 -58.6532 0.0630322 0.997985 0.00733931 2.82608 -0.995237 0.0623074 0.0749672 -83.1058 
0.0724662 -0.00944428 0.997326 -57.5889 0.0622528 0.998048 0.0049278 2.80164 -0.995426 0.0617293 0.0729126 -83.0229 
0.0707971 -0.00663479 0.997469 -56.5119 0.0613107 0.998116 0.00228746 2.77965 -0.995605 0.0609935 0.0710705 -82.9287 
0.0692497 -0.00446771 0.997589 -55.4392 0.062447 0.998048 0.000134871 2.75644 -0.995643 0.0622871 0.0693936 -82.8456 
0.0682507 -0.00402543 0.99766 -54.3629 0.06248 0.998046 -0.00024732 2.73159 -0.99571 0.0623507 0.0683688 -82.7595 
0.0676655 -0.00595265 0.99769 -53.288 0.0628675 0.99802 0.00169081 2.70733 -0.995725 0.0626078 0.0679057 -82.6778 
0.0678515 -0.00854082 0.997659 -52.2149 0.0627812 0.998018 0.0042741 2.68434 -0.995718 0.0623442 0.0682532 -82.5945 
0.0682058 -0.010359 0.997618 -51.151 0.0604216 0.998154 0.00623358 2.66316 -0.99584 0.0598525 0.0687058 -82.5098 
0.0687655 -0.0109686 0.997572 -50.1024 0.0569558 0.998352 0.00705109 2.64463 -0.996006 0.0563327 0.0692769 -82.4238 
0.0692793 -0.0105778 0.997541 -49.0533 0.0523698 0.998603 0.006952 2.62654 -0.996222 0.0517594 0.0697365 -82.337 
0.0697016 -0.00990882 0.997519 -48.0047 0.0489677 0.998779 0.00649973 2.60924 -0.996365 0.0483931 0.0701017 -82.2502 
0.0701029 -0.00883251 0.997501 -46.9613 0.0451896 0.998962 0.00566959 2.59164 -0.996516 0.0446792 0.0704293 -82.1617 
0.0704301 -0.0078505 0.997486 -45.9138 0.0439337 0.999023 0.00476055 2.57308 -0.996549 0.0434879 0.0707062 -82.0772 
0.0713119 -0.00527917 0.99744 -44.854 0.0425175 0.999093 0.00224813 2.56056 -0.996548 0.0422483 0.0714717 -81.9936 
0.0718622 -0.00513663 0.997401 -43.795 0.0431346 0.999067 0.00203738 2.54712 -0.996482 0.0428761 0.0720167 -81.9131 
0.0726278 -0.00912624 0.997317 -42.7298 0.0471085 0.998873 0.00570989 2.53946 -0.996246 0.0465674 0.0729758 -81.836 
0.0734511 -0.0157885 0.997174 -41.6687 0.0484389 0.998751 0.0122454 2.52819 -0.996122 0.0474026 0.0741242 -81.7552 
0.0746511 -0.0161913 0.997078 -40.6058 0.0513863 0.998602 0.0123687 2.51585 -0.995885 0.0503128 0.0753788 -81.6696 
0.075998 -0.0123177 0.997032 -39.5517 0.053874 0.998514 0.00822952 2.50395 -0.995652 0.0530887 0.0765487 -81.5933 
0.0768674 -0.00823694 0.997007 -38.4964 0.0545634 0.998502 0.00404255 2.48808 -0.995547 0.0540894 0.0772017 -81.513 
0.0772417 -0.00682048 0.996989 -37.447 0.0538556 0.998545 0.00265867 2.4679 -0.995557 0.053488 0.0774966 -81.4292 
0.0778822 -0.00644055 0.996942 -36.3993 0.053577 0.998561 0.00226552 2.44933 -0.995522 0.0532367 0.0781152 -81.3435 
0.0782036 -0.00660309 0.996915 -35.3589 0.0549944 0.998484 0.00229941 2.43065 -0.995419 0.0546449 0.0784482 -81.2601 
0.07829 -0.00442867 0.996921 -34.3241 0.0569097 0.998379 -3.40756e-05 2.40977 -0.995305 0.0567371 0.0784152 -81.1785 
0.0782378 -0.00179271 0.996933 -33.2907 0.0599029 0.9982 -0.0029061 2.38816 -0.995133 0.0599466 0.0782044 -81.0983 
0.0769032 -0.0032474 0.997033 -31.2342 0.0634926 0.997981 -0.00164683 2.34146 -0.995015 0.0634309 0.0769541 -80.9389 
0.0753652 -0.00897783 0.997116 -29.182 0.0656344 0.997836 0.00402346 2.30151 -0.994994 0.0651418 0.0757913 -80.79 
0.0742986 -0.00786104 0.997205 -28.1649 0.0646485 0.997903 0.00304979 2.28654 -0.995138 0.0642412 0.074651 -80.7195 
0.0733385 -0.00604883 0.997289 -27.1549 0.0626852 0.998032 0.0014436 2.27386 -0.995335 0.0624094 0.0735733 -80.6509 
0.0722423 -0.00635243 0.997367 -26.1425 0.0617684 0.998089 0.00188295 2.25834 -0.995473 0.0614697 0.0724966 -80.5796 
0.0712319 -0.00838407 0.997425 -25.1309 0.0614852 0.9981 0.00399873 2.24336 -0.995563 0.061042 0.0716121 -80.5129 
0.0701801 -0.00981291 0.997486 -24.1262 0.0611311 0.998115 0.00551809 2.22442 -0.99566 0.0605901 0.0706477 -80.4451 
0.0694373 -0.00967006 0.997539 -23.1231 0.0627333 0.998016 0.00530791 2.20087 -0.995612 0.0622103 0.0699061 -80.3801 
0.0687772 -0.00949771 0.997587 -22.1281 0.0628852 0.998007 0.00516618 2.17919 -0.995648 0.0623781 0.0692375 -80.3138 
0.0672356 -0.0109026 0.997677 -20.1591 0.0609551 0.998117 0.00679949 2.13654 -0.995873 0.0603563 0.0677736 -80.181 
0.0655257 -0.0120625 0.997778 -18.2655 0.0594425 0.998198 0.00816387 2.09479 -0.996079 0.0587755 0.0661247 -80.056 
0.0648364 -0.0147196 0.997787 -16.44 0.0569549 0.998316 0.0110265 2.05673 -0.996269 0.0561139 0.0655655 -79.9296 
0.0678542 -0.0139034 0.997598 -14.7019 0.0576652 0.998286 0.00999077 2.02147 -0.996027 0.0568488 0.0685397 -79.7976 
0.0749519 -0.0127194 0.997106 -13.048 0.0556874 0.998412 0.00855006 1.98263 -0.995631 0.0548854 0.0755412 -79.6577 
0.0844444 -0.0109294 0.996368 -11.471 0.0529197 0.998578 0.00646857 1.93137 -0.995022 0.0521812 0.0849027 -79.5053 
0.100458 -0.00806664 0.994909 -9.9786 0.0556927 0.998445 0.0024719 1.88213 -0.993381 0.0551608 0.100751 -79.3469 
0.123398 -0.00612926 0.992338 -8.57703 0.0568382 0.998383 -0.000901257 1.82462 -0.990728 0.0565139 0.123547 -79.159 
0.149871 -0.00677149 0.988682 -7.27231 0.0567094 0.998389 -0.0017584 1.76499 -0.987078 0.0563312 0.150013 -78.9405 
0.18191 -0.00944044 0.98327 -6.06883 0.0562629 0.998416 -0.000823082 1.70241 -0.981704 0.0554714 0.182153 -78.6964 
0.220068 -0.00688592 0.97546 -4.94033 0.0494755 0.998767 -0.00411143 1.64276 -0.974229 0.0491662 0.220137 -78.4073 
0.263434 -0.00815555 0.964643 -3.86783 0.0487333 0.9988 -0.0048642 1.5948 -0.963446 0.0482916 0.263515 -78.0863 
0.312116 -0.00741987 0.950015 -2.86484 0.0446179 0.998981 -0.00685639 1.55781 -0.948996 0.0445277 0.312129 -77.7113 
0.372945 -0.0026356 0.92785 -1.92173 0.0429508 0.998973 -0.0144263 1.51929 -0.926859 0.0452321 0.372675 -77.2871 
0.447181 -0.00325151 0.894438 -1.02785 0.0454321 0.998785 -0.0190833 1.48756 -0.893289 0.0491698 0.446785 -76.8001 
0.535121 -0.00879386 0.84473 -0.205123 0.0443018 0.998862 -0.0176659 1.45579 -0.843613 0.0468764 0.534901 -76.2388 
0.619245 -0.00297329 0.785192 0.520539 0.0333869 0.999188 -0.0225471 1.41854 -0.784488 0.0401773 0.618842 -75.5816 
0.698291 -0.00480364 0.715798 1.18203 0.0369305 0.998888 -0.0293238 1.37672 -0.71486 0.0469113 0.697692 -74.883 
0.767423 0.00198951 0.641138 1.73379 0.0195738 0.999456 -0.0265307 1.32445 -0.640842 0.0329098 0.766967 -74.1108 
0.829558 0.0018165 0.558418 2.21127 0.0103901 0.999771 -0.0186872 1.29526 -0.558324 0.0213042 0.829349 -73.2991 
0.85708 -0.00369595 0.51517 2.4317 0.0117577 0.999854 -0.0123879 1.28266 -0.51505 0.0166747 0.856998 -72.8688 
0.882032 -0.00437114 0.47117 2.62559 0.00812728 0.999949 -0.00593755 1.26876 -0.47112 0.00906644 0.882023 -72.4325 
0.924671 0.00729037 0.380697 2.91564 -0.00919777 0.999953 0.00319123 1.25399 -0.380656 -0.0064524 0.924694 -71.5118 
0.956457 0.00903135 0.291733 3.16087 -0.00923526 0.999957 -0.000678117 1.25797 -0.291726 -0.00204564 0.9565 -70.5796 
0.967397 0.00998267 0.253068 3.25793 -0.0101357 0.999948 -0.000699192 1.26462 -0.253062 -0.00188862 0.967448 -70.1026 
0.976121 0.0157836 0.216655 3.33279 -0.0159895 0.999872 -0.000802922 1.26712 -0.21664 -0.00268045 0.976248 -69.6101 
0.982871 0.0216204 0.183024 3.39498 -0.0215926 0.999764 -0.00214511 1.27253 -0.183028 -0.00184362 0.983106 -69.1165 
0.987651 0.0239156 0.154832 3.453 -0.0239851 0.999711 -0.00141911 1.27068 -0.154822 -0.00231209 0.98794 -68.6114 
0.9934 0.0255328 0.111826 3.55108 -0.0258178 0.999666 0.00110054 1.26175 -0.11176 -0.00398037 0.993727 -67.5757 
0.995408 0.0233438 0.0928385 3.59156 -0.0235481 0.999722 0.00110585 1.25948 -0.0927869 -0.00328694 0.995681 -67.0463 
0.996722 0.022659 0.0776652 3.62308 -0.0226753 0.999743 -0.000672068 1.25287 -0.0776604 -0.00109121 0.996979 -66.5056 
0.99769 0.0238247 0.0636226 3.64777 -0.0237634 0.999716 -0.00172008 1.2431 -0.0636455 0.000204213 0.997973 -65.9503 
0.998494 0.0246854 0.0490032 3.6638 -0.0246301 0.999695 -0.0017339 1.23489 -0.0490311 0.000524333 0.998797 -65.377 
0.999086 0.0243297 0.0351489 3.67389 -0.0242732 0.999703 -0.00203336 1.2272 -0.035188 0.00117833 0.99938 -64.79 
0.999492 0.0237827 0.0212234 3.67731 -0.0237398 0.999716 -0.00226909 1.2187 -0.0212714 0.0017641 0.999772 -64.185 
0.999751 0.0214518 -0.00621407 3.66402 -0.0214634 0.999768 -0.00180663 1.19986 0.00617387 0.00193956 0.999979 -62.9254 
0.999387 0.0244084 -0.0251135 3.6172 -0.0245146 0.999692 -0.00393048 1.17903 0.0250098 0.00454372 0.999677 -61.6024 
0.99906 0.0243773 -0.0358546 3.55639 -0.0245996 0.999681 -0.00576943 1.15245 0.0357025 0.00664601 0.99934 -60.2096 
0.998822 0.0239094 -0.04223 3.48557 -0.0241347 0.999697 -0.00483511 1.12887 0.0421016 0.00584862 0.999096 -58.7604 
0.998622 0.021191 -0.0480218 3.41529 -0.0212394 0.999774 -0.000498271 1.10659 0.0480004 0.00151754 0.998846 -57.2552 
0.998489 0.0202317 -0.0510941 3.37574 -0.0201608 0.999795 0.00190342 1.09489 0.0511221 -0.000870447 0.998692 -56.4937 
0.998332 0.0199753 -0.0541662 3.33243 -0.019769 0.999795 0.00434292 1.08425 0.0542418 -0.00326487 0.998522 -55.7296 
0.998185 0.0181769 -0.0574046 3.28858 -0.0178482 0.999821 0.0062337 1.07439 0.0575076 -0.00519782 0.998332 -54.9651 
0.998016 0.0159909 -0.0609002 3.2431 -0.0155905 0.999854 0.00704386 1.06488 0.0610039 -0.00608041 0.998119 -54.2035 
0.997816 0.0139427 -0.0645606 3.19235 -0.0135022 0.999883 0.0072544 1.05647 0.0646541 -0.00636685 0.997887 -53.438 
0.997573 0.0134343 -0.0683214 3.13286 -0.0129743 0.99989 0.00717294 1.04964 0.0684102 -0.00626911 0.997638 -52.6733 
0.997312 0.0130335 -0.0721015 3.0698 -0.012579 0.999898 0.00675438 1.04284 0.0721822 -0.00582926 0.997374 -51.9072 
0.997082 0.0130842 -0.0752123 3.00549 -0.0125985 0.999897 0.00692845 1.03531 0.0752952 -0.00596066 0.997143 -51.1424 
0.996916 0.0137786 -0.0772609 2.9379 -0.0132582 0.999886 0.00724461 1.02789 0.0773519 -0.00619792 0.996985 -50.3764 
0.996809 0.0143944 -0.0785139 2.87171 -0.0138846 0.999879 0.0070356 1.01895 0.0786056 -0.00592302 0.996888 -49.6123 
0.996738 0.0156305 -0.0791747 2.80322 -0.0151194 0.999861 0.00705063 1.01004 0.0792739 -0.00583056 0.996836 -48.8462 
0.996722 0.0157544 -0.0793499 2.74199 -0.0152298 0.999858 0.00721208 0.998086 0.0794523 -0.00597995 0.996821 -48.0822 
0.996739 0.0149615 -0.0792967 2.69026 -0.0143814 0.999865 0.00788108 0.981828 0.0794039 -0.00671498 0.99682 -47.3187 
0.996744 0.0147728 -0.0792656 2.63285 -0.0141288 0.999862 0.00867946 0.966562 0.0793829 -0.00753127 0.996816 -46.5559 
0.996745 0.0148638 -0.0792424 2.57375 -0.0141272 0.999852 0.00984743 0.951503 0.0793771 -0.0086959 0.996807 -45.7973 
0.996749 0.0145836 -0.0792444 2.51462 -0.013774 0.999847 0.0107534 0.939008 0.0793891 -0.00962697 0.996797 -45.0397 
0.996755 0.0144134 -0.0791921 2.45592 -0.0136074 0.99985 0.0107092 0.926006 0.0793346 -0.00959688 0.996802 -44.2863 
0.996766 0.0153052 -0.0788821 2.39528 -0.014531 0.999841 0.0103793 0.913947 0.0790284 -0.00919953 0.99683 -43.5356 
0.996839 0.0151212 -0.0779932 2.33649 -0.0143989 0.999848 0.00981512 0.902527 0.0781298 -0.00866107 0.996906 -42.787 
0.996941 0.0140714 -0.076878 2.28139 -0.0134025 0.999868 0.00921021 0.891135 0.0769974 -0.00815168 0.996998 -42.0436 
0.997055 0.0142903 -0.0753449 2.22902 -0.0136392 0.999865 0.00914936 0.87656 0.0754655 -0.00809477 0.997116 -41.304 
0.997284 0.0126463 -0.0725635 2.12816 -0.011966 0.99988 0.00980233 0.839766 0.0726788 -0.00890741 0.997316 -39.8533 
0.997383 0.011013 -0.0714492 2.08048 -0.010218 0.999882 0.0114828 0.823396 0.0715672 -0.0107227 0.997378 -39.1418 
0.997443 0.0139138 -0.0701058 2.0238 -0.0129847 0.999822 0.0136919 0.810377 0.0702838 -0.0127466 0.997446 -38.4413 
0.997538 0.0145014 -0.0686047 1.97541 -0.0135597 0.999808 0.0141716 0.793353 0.068797 -0.0132065 0.997543 -37.7538 
0.997591 0.0116315 -0.0683872 1.93323 -0.0108801 0.999876 0.011351 0.780185 0.0685107 -0.0105796 0.997594 -37.0788 
0.997676 0.0132279 -0.066839 1.85161 -0.0129082 0.999903 0.00521206 0.742229 0.0669015 -0.00433717 0.99775 -35.7576 
0.997668 0.0168397 -0.0661473 1.76667 -0.0166743 0.999856 0.00305268 0.701511 0.0661892 -0.0019426 0.997805 -34.4582 
0.997714 0.0168328 -0.0654518 1.72742 -0.0166681 0.999856 0.00306051 0.68171 0.065494 -0.00196255 0.997851 -33.8138 
0.997741 0.0169029 -0.0650212 1.68777 -0.0168263 0.999857 0.0017263 0.664294 0.0650411 -0.000628336 0.997882 -33.1769 
0.997719 0.0182845 -0.0649815 1.64558 -0.0182778 0.999833 0.00069808 0.648805 0.0649834 0.000491229 0.997886 -32.5445 
0.997697 0.0198041 -0.0648766 1.60284 -0.0198494 0.999803 -5.41099e-05 0.63375 0.0648627 0.00134175 0.997893 -31.9172 
0.997671 0.0209255 -0.0649216 1.56155 -0.0209842 0.99978 -0.00022335 0.619247 0.0649026 0.00158516 0.99789 -31.2933 
0.997645 0.0205802 -0.0654213 1.52472 -0.0206003 0.999788 0.000367599 0.603585 0.0654149 0.000980964 0.997858 -30.6745 
0.99762 0.019872 -0.0660228 1.48805 -0.0198343 0.999803 0.00122726 0.585489 0.0660341 8.51729e-05 0.997817 -30.0592 
0.997574 0.0193725 -0.0668616 1.45003 -0.0193178 0.999812 0.0014652 0.561575 0.0668775 -0.00017003 0.997761 -29.4493 
0.997495 0.0186746 -0.0682233 1.41239 -0.0186437 0.999826 0.00109005 0.542382 0.0682318 0.000184612 0.997669 -28.8403 
0.99729 0.0178552 -0.0713713 1.34078 -0.0179882 0.999837 -0.00122075 0.497527 0.0713379 0.00250128 0.997449 -27.6306 
0.997152 0.0179319 -0.0732514 1.30599 -0.0180695 0.999836 -0.00121567 0.477652 0.0732176 0.00253582 0.997313 -27.0287 
0.996998 0.0177187 -0.0753735 1.26769 -0.017851 0.99984 -0.00108267 0.459126 0.0753422 0.00242492 0.997155 -26.4307 
0.996862 0.0167271 -0.0773667 1.22925 -0.0168685 0.999857 -0.00117502 0.440591 0.077336 0.0024764 0.997002 -25.8341 
0.996742 0.0150116 -0.0792455 1.19111 -0.0151336 0.999885 -0.000939786 0.425645 0.0792223 0.002136 0.996855 -25.2395 
0.996587 0.0140484 -0.0813513 1.15207 -0.0140722 0.999901 0.000281553 0.412478 0.0813472 0.000864196 0.996686 -24.6469 
0.996439 0.0141232 -0.0831219 1.11145 -0.0140711 0.9999 0.00121282 0.402668 0.0831308 -3.88842e-05 0.996539 -24.0604 
0.9963 0.0147015 -0.0846833 1.06736 -0.0145673 0.999891 0.00220191 0.39201 0.0847064 -0.000960147 0.996406 -23.4769 
0.99613 0.0153843 -0.0865327 1.02281 -0.0151319 0.999879 0.0035723 0.381693 0.0865772 -0.00224907 0.996243 -22.8985 
0.996019 0.0153132 -0.08781 0.977752 -0.0149899 0.999878 0.00434067 0.370715 0.0878658 -0.00300713 0.996128 -22.3266 
0.995958 0.0152278 -0.0885184 0.934574 -0.0148862 0.999879 0.00451819 0.361218 0.0885765 -0.00318222 0.996064 -21.7655 
0.995933 0.015618 -0.0887286 0.886782 -0.0152807 0.999873 0.00447982 0.350649 0.0887873 -0.00310577 0.996046 -21.2127 
0.995973 0.0167101 -0.0880848 0.844647 -0.0163495 0.999855 0.00481335 0.342802 0.0881524 -0.00335382 0.996101 -20.6705 
0.996082 0.0177082 -0.0866397 0.802905 -0.0173697 0.999838 0.00465854 0.333032 0.0867082 -0.00313538 0.996229 -20.1402 
0.996195 0.0180821 -0.085253 0.76671 -0.0177513 0.999832 0.00463615 0.328206 0.0853224 -0.00310516 0.996349 -19.6199 
0.996312 0.017517 -0.0840037 0.732212 -0.017195 0.999842 0.00455453 0.321646 0.0840702 -0.00309328 0.996455 -19.1116 
0.996435 0.0174106 -0.0825456 0.699503 -0.017115 0.999844 0.00428662 0.317084 0.0826074 -0.00285856 0.996578 -18.6159 
0.996567 0.017462 -0.0809305 0.667367 -0.0172423 0.999846 0.00341219 0.310824 0.0809776 -0.00200504 0.996714 -18.132 
0.996742 0.0178761 -0.078644 0.601767 -0.0176871 0.999839 0.0030983 0.296482 0.0786867 -0.00169722 0.996898 -17.1963 
0.996921 0.0181287 -0.0762841 0.53663 -0.0179142 0.999833 0.00349427 0.275364 0.0763347 -0.00211694 0.99708 -16.307 
0.997101 0.0168916 -0.074186 0.475696 -0.016588 0.999851 0.00470632 0.253889 0.0742545 -0.00346208 0.997233 -15.4649 
0.997202 0.019343 -0.0722043 0.417035 -0.0188973 0.999798 0.0068506 0.236343 0.0723222 -0.00546696 0.997366 -14.7267 
0.997334 0.0187166 -0.0705346 0.369966 -0.0183256 0.999813 0.00618665 0.214066 0.0706372 -0.00487757 0.99749 -14.0646 
0.99745 0.0172471 -0.069254 0.331922 -0.0169585 0.999845 0.00475402 0.191911 0.0693253 -0.00356745 0.997588 -13.4744 
0.997514 0.017706 -0.068202 0.299516 -0.017525 0.999841 0.0032518 0.173749 0.0682487 -0.00204848 0.997666 -12.9304 
0.997581 0.0165967 -0.0675 0.275599 -0.0166707 0.999861 -0.000533187 0.159315 0.0674817 0.00165717 0.997719 -12.4109 
0.997607 0.0165532 -0.0671269 0.25612 -0.0166157 0.999862 -0.000372275 0.147259 0.0671115 0.00148675 0.997744 -11.8967 
0.997643 0.0154015 -0.0668711 0.238575 -0.0154107 0.999881 0.000378003 0.135523 0.066869 0.000653417 0.997762 -11.391 
0.997635 0.015309 -0.0670067 0.211538 -0.0152913 0.999883 0.000778523 0.122866 0.0670108 0.000247936 0.997752 -10.8933 
0.997585 0.0140158 -0.0680306 0.183954 -0.0140023 0.999902 0.000675658 0.114187 0.0680334 0.000278558 0.997683 -10.3981 
0.99709 0.0123781 -0.0752166 0.151201 -0.0123461 0.999923 0.000889716 0.101075 0.0752219 4.15066e-05 0.997167 -9.90787 
0.995961 0.0131036 -0.088827 0.11311 -0.013091 0.999914 0.000724016 0.0920031 0.0888288 0.000441746 0.996047 -9.42451 
0.994633 0.0165334 -0.102138 0.0654352 -0.0165199 0.999863 0.000978004 0.0824131 0.10214 0.000714555 0.99477 -8.94769 
0.993595 0.016995 -0.11171 0.0168597 -0.0170487 0.999854 0.000474752 0.0689529 0.111702 0.00143279 0.993741 -8.47671 
0.992547 0.0168194 -0.120699 -0.0370814 -0.0169015 0.999857 0.000343082 0.0622421 0.120688 0.00169947 0.992689 -8.00887 
0.992101 0.0216721 -0.123555 -0.105571 -0.0218374 0.999761 1.68967e-05 0.0505747 0.123526 0.00268136 0.992338 -7.54992 
0.992363 0.0212412 -0.121509 -0.158415 -0.0214198 0.999771 -0.000163514 0.0406673 0.121477 0.00276496 0.99259 -7.09403 
0.99285 0.0206712 -0.117568 -0.208201 -0.0207638 0.999784 0.000437683 0.026077 0.117552 0.0020066 0.993065 -6.63826 
0.993434 0.0202041 -0.112609 -0.260514 -0.0203488 0.999793 -0.000136078 0.00648708 0.112583 0.00242665 0.993639 -6.18884 
0.99408 0.020231 -0.106752 -0.307917 -0.0203629 0.999793 -0.000145522 -0.0125799 0.106727 0.00231845 0.994286 -5.7423 
0.99491 0.0198985 -0.0987821 -0.344249 -0.0200151 0.9998 -0.000189843 -0.0277668 0.0987586 0.00216601 0.995109 -5.29604 
0.995681 0.0195406 -0.0907611 -0.376189 -0.0198915 0.999798 -0.00296295 -0.0401751 0.0906849 0.00475553 0.995868 -4.83385 
0.996485 0.0185306 -0.0816999 -0.401589 -0.018999 0.999807 -0.00496005 -0.0485226 0.0815923 0.00649483 0.996645 -4.32804 
0.997252 0.0172308 -0.0720479 -0.424088 -0.0176039 0.999835 -0.00454682 -0.0569639 0.0719576 0.00580265 0.997391 -3.77609 
0.997996 0.0136542 -0.061793 -0.440851 -0.0138302 0.999901 -0.0024217 -0.0699019 0.0617538 0.00327146 0.998086 -3.18164 
0.998565 0.011764 -0.0522532 -0.464543 -0.0118109 0.99993 -0.000590106 -0.0806529 0.0522426 0.00120642 0.998634 -2.5559 
0.998971 0.0119275 -0.0437471 -0.480476 -0.0118938 0.999929 0.00103062 -0.0873347 0.0437563 -0.000509235 0.999042 -1.897 
0.999306 0.00928855 -0.0360693 -0.492906 -0.0092087 0.999955 0.00237929 -0.0999006 0.0360897 -0.00204549 0.999347 -1.20688 
0.999474 0.00534718 -0.031974 -0.49971 -0.00540457 0.999984 -0.00170866 -0.110593 0.0319644 0.00188056 0.999487 -0.485171 
0.999556 0.00995503 -0.0280697 -0.520983 -0.01007 0.999941 -0.00395804 -0.119628 0.0280286 0.00423895 0.999598 0.278521 
0.999805 0.013042 -0.0148425 -0.473736 -0.0130731 0.999912 -0.0020009 -0.0922449 0.0148151 0.00219455 0.999888 1.0889 
0.999965 0.00459839 -0.00701765 -0.433998 -0.00461183 0.999988 -0.00189926 -0.087699 0.00700883 0.00193156 0.999974 1.49212 
0.999986 -0.00412651 -0.00337321 -0.388368 0.00411172 0.999982 -0.00438203 -0.0866064 0.00339123 0.00436809 0.999985 1.89036 
0.999949 -0.00784307 -0.00637652 -0.369629 0.00779362 0.99994 -0.00774362 -0.0941349 0.00643687 0.00769353 0.99995 2.28151 
0.999417 0.000829616 -0.0341427 -0.387786 -0.00128977 0.999909 -0.0134574 -0.0975722 0.0341285 0.0134936 0.999326 3.05066 
0.99747 0.00876806 -0.0705455 -0.442804 -0.0101008 0.999777 -0.0185571 -0.104489 0.0703671 0.0192227 0.997336 3.80306 
0.99306 0.0051284 -0.117499 -0.521258 -0.0065787 0.999907 -0.0119586 -0.124453 0.117427 0.0126486 0.993001 4.5458 
0.985544 0.016495 -0.168614 -0.669462 -0.0168157 0.999858 -0.000474549 -0.14548 0.168582 0.00330306 0.985682 5.26288 
0.975723 0.0205099 -0.218045 -0.83894 -0.0197883 0.999789 0.00549286 -0.157779 0.218111 -0.00104478 0.975923 5.95159 
0.967276 0.0250408 -0.252489 -1.03201 -0.0226071 0.999666 0.0125357 -0.168255 0.252719 -0.00641738 0.967518 6.62642 
0.964228 0.037107 -0.262463 -1.22934 -0.0331612 0.999261 0.0194488 -0.174997 0.26299 -0.0100495 0.964746 7.28941 
0.967442 0.0363 -0.250477 -1.38381 -0.0325645 0.999288 0.019043 -0.178361 0.250989 -0.0102663 0.967935 7.94414 
0.972028 0.0281707 -0.233168 -1.48532 -0.0232425 0.999445 0.0238571 -0.178479 0.23371 -0.0177704 0.972144 8.52108 
0.976488 0.0305235 -0.213401 -1.56547 -0.0256793 0.999347 0.0254358 -0.184381 0.214038 -0.0193578 0.976634 8.94694 
0.980178 0.0271018 -0.196255 -1.60379 -0.0231222 0.999479 0.0225412 -0.188093 0.196763 -0.0175565 0.980294 9.23218 
