1 1.19763e-11 1.70464e-10 5.55111e-17 1.19763e-11 1 3.5625e-10 0 1.70464e-10 3.5625e-10 1 2.22045e-16 
0.999767 -0.00748725 0.0202482 0.0293455 0.00748664 0.999972 0.000106288 -0.0171107 -0.0202484 4.53279e-05 0.999795 0.87954 
0.999794 -0.0120807 -0.0163325 -0.0164274 0.0120071 0.999917 -0.00459982 -0.037508 0.0163867 0.00440276 0.999856 2.15227 
0.996997 -0.0055931 -0.077243 -0.103326 0.00514639 0.999969 -0.00598104 -0.0542051 0.077274 0.00556555 0.996994 3.24046 
0.990198 -0.0113122 -0.139212 -0.240073 0.0107432 0.999931 -0.00483817 -0.0650758 0.139257 0.00329517 0.990251 4.4109 
0.98367 -0.0100418 -0.1797 -0.49887 0.00918811 0.999942 -0.00558247 -0.0827909 0.179746 0.00384021 0.983706 5.67326 
0.978479 -0.0141627 -0.205858 -0.774974 0.0120142 0.99986 -0.0116829 -0.101037 0.205994 0.0089583 0.978512 7.04942 
0.972939 -0.0257182 -0.229627 -1.12497 0.0222098 0.999594 -0.0178503 -0.132378 0.229993 0.0122673 0.973115 8.54173 
0.966572 -0.019319 -0.255666 -1.55715 0.0126222 0.999534 -0.0278083 -0.17392 0.256084 0.0236517 0.966365 10.1278 
0.961511 -0.0260093 -0.273534 -1.87596 0.017782 0.999313 -0.0325147 -0.20578 0.274192 0.0263993 0.961313 11.233 
0.954631 -0.0253492 -0.296711 -2.42527 0.0128829 0.998953 -0.0438956 -0.282312 0.297513 0.0380816 0.953958 12.9551 
0.950266 -0.0275325 -0.310219 -3.04422 0.00653318 0.997628 -0.0685287 -0.394611 0.31137 0.0630938 0.948192 14.7818 
0.946102 -0.0246847 -0.322926 -3.72764 -0.00506114 0.995842 -0.0909511 -0.561623 0.323829 0.0876834 0.942044 16.7013 
0.941082 -0.0191917 -0.337632 -4.46568 -0.0175755 0.994264 -0.105504 -0.772204 0.33772 0.105222 0.935347 18.6885 
0.934772 -0.0169011 -0.354846 -5.27479 -0.0217076 0.994284 -0.104542 -1.02183 0.354584 0.105426 0.929062 20.8041 
0.926055 -0.0137111 -0.377138 -6.20125 -0.0235416 0.995295 -0.0939905 -1.26907 0.376653 0.0959189 0.921375 22.9903 
0.914798 -0.00611762 -0.403864 -7.19665 -0.0298908 0.996118 -0.0827951 -1.50951 0.402803 0.0878126 0.911065 25.2331 
0.903037 -0.00483161 -0.429536 -8.30198 -0.0323672 0.996329 -0.0792545 -1.73143 0.428342 0.0854726 0.899565 27.5302 
0.891686 -0.00244285 -0.452647 -9.50418 -0.0313415 0.997252 -0.0671228 -1.94664 0.451567 0.0740391 0.88916 29.8886 
0.88409 -0.00333394 -0.467306 -10.3533 -0.0286527 0.997706 -0.0613256 -2.07496 0.466438 0.0676069 0.881966 31.5002 
0.874761 -0.00416549 -0.484536 -11.7379 -0.0268342 0.998012 -0.0570252 -2.26284 0.48381 0.0628856 0.872911 33.9586 
0.869097 -0.00795019 -0.494578 -12.6612 -0.0235051 0.998078 -0.0573481 -2.38551 0.494083 0.0614661 0.867239 35.6668 
0.867117 -0.00874031 -0.498027 -13.6841 -0.0226578 0.998119 -0.0569664 -2.50477 0.497588 0.0606807 0.865288 37.4281 
0.865072 -0.0133257 -0.50147 -15.2341 -0.0171802 0.998274 -0.0561646 -2.69839 0.501353 0.0572018 0.86335 40.1385 
0.863011 -0.0145253 -0.504975 -16.3338 -0.0148698 0.998423 -0.0541318 -2.84263 0.504965 0.0542252 0.861435 41.9579 
0.853591 -0.01447 -0.520743 -17.9767 -0.0102283 0.998956 -0.0445242 -3.03391 0.520844 0.0433318 0.852552 44.685 
0.836511 -0.0211879 -0.547541 -19.7187 -0.00716167 0.998744 -0.0495892 -3.21895 0.547904 0.0454032 0.835308 47.3772 
0.821787 -0.0129479 -0.569648 -21.5728 -0.0130058 0.999055 -0.0414706 -3.39922 0.569647 0.0414887 0.820842 50.0109 
0.811696 -0.0194189 -0.583758 -23.4288 -0.0150941 0.998416 -0.0542004 -3.59327 0.583885 0.0528056 0.810117 52.5925 
0.802214 -0.0127208 -0.596901 -25.3421 -0.0156038 0.998985 -0.0422607 -3.77778 0.596833 0.0432161 0.801201 55.172 
0.791403 -0.0157564 -0.611091 -27.3064 -0.0168121 0.998729 -0.047524 -3.94369 0.611063 0.0478844 0.790132 57.7295 
0.782527 -0.0172872 -0.622376 -28.6507 -0.0151738 0.998788 -0.0468207 -4.07322 0.622431 0.0460823 0.781317 59.4239 
0.766116 -0.0210855 -0.642356 -30.7146 -0.0126132 0.998776 -0.0478284 -4.27164 0.642578 0.0447443 0.764913 61.9309 
0.755162 -0.024248 -0.65509 -32.1614 -0.0113004 0.998686 -0.0499928 -4.40092 0.655441 0.0451554 0.753895 63.5743 
0.743437 -0.0266736 -0.668274 -33.6592 -0.0101127 0.998642 -0.05111 -4.54461 0.66873 0.0447551 0.742157 65.2113 
0.731208 -0.0270668 -0.681618 -35.1746 -0.00834564 0.998783 -0.0486141 -4.68143 0.682104 0.0412356 0.730092 66.8037 
0.711022 -0.0306126 -0.702503 -37.4758 -0.00752805 0.998663 -0.0511376 -4.89002 0.70313 0.0416484 0.709841 69.239 
0.700766 -0.028496 -0.712822 -39.0908 -0.0103043 0.998693 -0.0500541 -5.03279 0.713317 0.0424213 0.699557 70.8447 
0.685806 -0.0331488 -0.727029 -41.5887 -0.0114928 0.998344 -0.0563605 -5.24826 0.727694 0.0470079 0.684289 73.1993 
0.669943 -0.0342541 -0.741622 -44.1475 -0.00973371 0.998444 -0.0549092 -5.47792 0.742348 0.0440048 0.668567 75.536 
0.660243 -0.0361594 -0.750181 -45.9119 -0.00854959 0.998414 -0.055649 -5.62909 0.751004 0.0431556 0.658886 77.0693 
0.646702 -0.0412961 -0.761624 -48.602 -0.00272336 0.998402 -0.0564468 -5.86848 0.762738 0.0385784 0.645556 79.3868 
0.630732 -0.0537625 -0.774136 -51.3611 0.00985811 0.998072 -0.0612826 -6.11977 0.775938 0.0310214 0.630046 81.6669 
0.605522 -0.0560339 -0.793854 -54.2672 0.0172922 0.998209 -0.0572684 -6.39973 0.795641 0.0209498 0.605406 83.8651 
0.585311 -0.0592886 -0.808638 -56.2289 0.0179027 0.998025 -0.0602159 -6.5485 0.810611 0.0207682 0.585216 85.3058 
0.555013 -0.0635688 -0.829409 -59.2717 0.0203477 0.997815 -0.06286 -6.81477 0.831593 0.0180116 0.555094 87.4122 
0.534779 -0.0636893 -0.842588 -61.3606 0.021062 0.99785 -0.0620574 -7.00443 0.844729 0.0154404 0.534971 88.7499 
0.504143 -0.0662702 -0.861074 -64.5788 0.0185366 0.997652 -0.0659287 -7.29432 0.863421 0.0172761 0.504188 90.6665 
0.485895 -0.0634251 -0.871713 -66.7922 0.0156043 0.997834 -0.0639037 -7.48762 0.873878 0.017448 0.485832 91.8966 
0.462389 -0.065118 -0.884283 -70.1479 0.0180048 0.997784 -0.0640615 -7.77099 0.886494 0.0137 0.462537 93.6922 
0.449441 -0.0708788 -0.890494 -72.4284 0.0214221 0.997416 -0.0685773 -7.9849 0.893053 0.0117452 0.449797 94.8226 
0.440069 -0.0750288 -0.894824 -74.7205 0.0251401 0.997142 -0.0712442 -8.19486 0.897612 0.00885637 0.440697 95.9233 
0.427162 -0.0701535 -0.901449 -78.1597 0.0316144 0.997535 -0.0626503 -8.51447 0.903622 -0.001737 0.428327 97.6166 
0.419052 -0.0678207 -0.905426 -81.5424 0.0352435 0.99767 -0.0584187 -8.80648 0.907278 -0.00742994 0.420465 99.2162 
0.414441 -0.0703288 -0.907355 -83.7703 0.040324 0.997449 -0.0588938 -8.96152 0.909182 -0.0121802 0.41622 100.239 
0.411806 -0.0696702 -0.908604 -85.979 0.0463925 0.997383 -0.0554512 -9.1257 0.91009 -0.0193173 0.413961 101.151 
0.410983 -0.0721538 -0.908783 -88.1517 0.0498843 0.997149 -0.0566104 -9.30677 0.910277 -0.0220681 0.413411 102.075 
0.410604 -0.0738705 -0.908817 -90.252 0.0497492 0.997043 -0.058565 -9.49653 0.910456 -0.0211659 0.413065 103.014 
0.422378 -0.0734983 -0.903435 -93.3314 0.0436392 0.9972 -0.0607241 -9.76644 0.905369 -0.0137767 0.424403 104.426 
0.436621 -0.0726601 -0.896706 -95.3693 0.0409414 0.997305 -0.0608766 -9.92739 0.898713 -0.0101324 0.43842 105.358 
0.464556 -0.0728257 -0.882544 -98.3593 0.041997 0.997303 -0.060189 -10.1478 0.884547 -0.00910301 0.466362 106.763 
0.48365 -0.0755926 -0.871991 -100.275 0.0394682 0.997134 -0.0645501 -10.3001 0.874371 -0.00319623 0.485248 107.83 
0.507495 -0.0752501 -0.858363 -102.173 0.0363495 0.997162 -0.0659271 -10.469 0.860888 0.00225666 0.50879 108.907 
0.533299 -0.0695882 -0.84306 -104.035 0.0334753 0.997566 -0.0611659 -10.6461 0.845264 0.00439803 0.534331 110.036 
0.556889 -0.0685857 -0.827751 -105.849 0.0320702 0.997617 -0.0610845 -10.8118 0.829968 0.00747112 0.557761 111.196 
0.577301 -0.0716039 -0.813385 -107.568 0.0349063 0.997401 -0.0630284 -10.9742 0.815785 0.00799408 0.578301 112.431 
0.598925 -0.06886 -0.797839 -109.262 0.0335295 0.997579 -0.0609291 -11.1312 0.800103 0.00974079 0.599783 113.65 
0.618523 -0.0642192 -0.783138 -110.877 0.0330231 0.997899 -0.0557484 -11.2925 0.785073 0.00862003 0.619344 114.919 
0.639209 -0.0645219 -0.766321 -112.447 0.0309465 0.997825 -0.0582005 -11.4313 0.76841 0.0134873 0.639816 116.181 
0.657471 -0.0617955 -0.750941 -113.947 0.0307721 0.998002 -0.0551845 -11.5884 0.752851 0.0131742 0.658059 117.51 
0.682867 -0.0587888 -0.728173 -116.12 0.0309376 0.99819 -0.0515757 -11.8033 0.729887 0.0126914 0.68345 119.438 
0.697747 -0.0552977 -0.714206 -117.494 0.0300083 0.998397 -0.0479844 -11.9318 0.715715 0.0120489 0.698288 120.741 
0.712164 -0.0508549 -0.700169 -118.772 0.0279811 0.998636 -0.0440729 -12.0465 0.701456 0.0117956 0.712616 122.036 
0.727474 -0.0479808 -0.684456 -119.994 0.0260161 0.998764 -0.0423628 -12.1526 0.685642 0.0130109 0.727822 123.317 
0.746213 -0.0406325 -0.664466 -121.176 0.0227326 0.999109 -0.0355668 -12.2581 0.665318 0.0114354 0.746472 124.601 
0.776961 -0.0383472 -0.62838 -122.849 0.0194294 0.999128 -0.0369487 -12.3921 0.629249 0.0164986 0.777029 126.533 
0.807349 -0.0330722 -0.589146 -124.36 0.0182071 0.999349 -0.0311487 -12.5211 0.589793 0.0144212 0.807426 128.517 
0.825805 -0.0291093 -0.563204 -125.307 0.0179667 0.999518 -0.0253164 -12.608 0.563669 0.0107875 0.82593 129.899 
0.841817 -0.0277513 -0.539049 -126.245 0.0193926 0.999588 -0.0211759 -12.6865 0.539414 0.00737269 0.842008 131.286 
0.862849 -0.0233688 -0.504921 -127.589 0.0158781 0.999691 -0.0191339 -12.788 0.505212 0.00849252 0.862954 133.432 
0.87984 -0.0241635 -0.474655 -128.836 0.0171595 0.999671 -0.0190832 -12.8809 0.47496 0.00864534 0.879965 135.654 
0.891455 -0.0210207 -0.452621 -130.061 0.0158999 0.999759 -0.0151155 -12.9634 0.45283 0.00627819 0.891575 137.955 
0.898345 -0.0137916 -0.439075 -130.882 0.0114823 0.999903 -0.00791486 -13.005 0.439141 0.00206869 0.898416 139.556 
0.905483 -0.00743916 -0.424318 -131.697 0.00663506 0.999972 -0.00337252 -13.0394 0.424331 0.000238386 0.905507 141.198 
0.91222 -0.00538748 -0.409665 -132.482 0.0066409 0.999977 0.00163696 -13.065 0.409647 -0.00421381 0.912234 142.919 
0.919279 -0.00704687 -0.393545 -133.267 0.00882723 0.999957 0.0027141 -13.0792 0.393509 -0.00596892 0.919302 144.674 
0.931272 -0.0122288 -0.364119 -134.41 0.012688 0.999919 -0.00113101 -13.1066 0.364103 -0.00356664 0.931352 147.431 
0.942219 -0.00756538 -0.334911 -135.101 0.00786212 0.999969 -0.000469683 -13.1266 0.334904 -0.00219057 0.94225 149.33 
0.955006 0.000395615 -0.296586 -135.758 0.000999851 0.999989 0.00455341 -13.154 0.296584 -0.00464507 0.954995 151.319 
0.967205 0.00679803 -0.253906 -136.354 -0.00516083 0.999961 0.00711363 -13.1735 0.253944 -0.00556998 0.967203 153.357 
0.97769 0.0138122 -0.209598 -136.861 -0.0113117 0.99985 0.0131241 -13.178 0.209747 -0.0104604 0.9777 155.454 
0.986522 0.0254743 -0.161631 -137.312 -0.0226215 0.999555 0.0194664 -13.162 0.162055 -0.0155477 0.986659 157.472 
0.992635 0.0240636 -0.118726 -137.591 -0.0222436 0.999614 0.0166313 -13.1403 0.11908 -0.013868 0.992788 159.742 
0.996824 0.025739 -0.0753594 -137.864 -0.0245286 0.999556 0.0169442 -13.1237 0.075762 -0.015042 0.997012 162.069 
0.998941 0.0308587 -0.0341181 -138.017 -0.0302351 0.999369 0.0186444 -13.1014 0.0346719 -0.0175931 0.999244 164.452 
0.99934 0.0354851 0.00777993 -138.057 -0.0356272 0.999185 0.0189637 -13.0806 -0.00710066 -0.0192283 0.99979 166.9 
0.998117 0.03826 0.0479358 -137.973 -0.0390891 0.9991 0.0164788 -13.0556 -0.0472622 -0.0183215 0.998714 169.389 
0.995415 0.0404631 0.0866678 -137.834 -0.0415794 0.999073 0.0111134 -13.0561 -0.0861378 -0.014666 0.996175 171.897 
0.991308 0.0417779 0.124749 -137.573 -0.0427773 0.99907 0.00534204 -13.0506 -0.12441 -0.010632 0.992174 174.458 
0.986008 0.0444342 0.160669 -137.186 -0.0438304 0.999012 -0.00730213 -13.0784 -0.160834 0.000157799 0.986981 177.04 
0.980071 0.0456007 0.193345 -136.676 -0.0430035 0.99892 -0.017611 -13.1091 -0.193939 0.00894549 0.980973 179.626 
0.972337 0.0467358 0.228857 -136.151 -0.0430288 0.99885 -0.021164 -13.1714 -0.229583 0.010731 0.97323 182.273 
0.963975 0.0450789 0.262144 -135.464 -0.0392233 0.998851 -0.0275302 -13.2688 -0.263084 0.0162563 0.964636 184.934 
0.954057 0.0490925 0.295576 -134.722 -0.0413301 0.998618 -0.0324566 -13.3685 -0.296761 0.0187493 0.954768 187.629 
0.943168 0.0524709 0.328148 -133.855 -0.0428088 0.998412 -0.0366045 -13.4998 -0.329548 0.0204766 0.943917 190.286 
0.930686 0.0536539 0.361862 -132.869 -0.0408119 0.998239 -0.0430449 -13.6631 -0.363535 0.025293 0.931237 192.978 
0.915934 0.0558273 0.397428 -131.817 -0.0371721 0.997822 -0.0544966 -13.8381 -0.399605 0.035142 0.916014 195.663 
0.894765 0.063761 0.441961 -130.5 -0.0418412 0.99737 -0.0591799 -14.0576 -0.444572 0.0344599 0.89508 198.294 
0.868753 0.0718457 0.490007 -129.062 -0.0454865 0.996815 -0.0655101 -14.2899 -0.493152 0.0346234 0.869254 200.882 
0.838671 0.0791078 0.538863 -127.578 -0.0481253 0.996289 -0.0713594 -14.5353 -0.542509 0.0339141 0.839365 203.457 
0.807893 0.0823427 0.583549 -125.913 -0.044377 0.995879 -0.0790878 -14.8006 -0.587657 0.0379984 0.808218 205.943 
0.776266 0.0865813 0.624432 -124.092 -0.0403784 0.995318 -0.0878105 -15.093 -0.629111 0.0429508 0.776128 208.334 
0.744673 0.0893825 0.661418 -122.135 -0.0368317 0.994985 -0.0929922 -15.4122 -0.666413 0.0448876 0.74423 210.646 
0.716414 0.0896113 0.691897 -119.987 -0.0311977 0.99484 -0.0965438 -15.7778 -0.696978 0.0475797 0.715513 212.843 
0.688768 0.0923058 0.719082 -117.807 -0.0247603 0.994278 -0.103915 -16.1314 -0.724559 0.0537689 0.687112 214.955 
0.659734 0.0945567 0.745526 -115.548 -0.0213084 0.994007 -0.107216 -16.4962 -0.751197 0.0548479 0.657796 217.008 
0.625894 0.0969729 0.773856 -113.242 -0.0229225 0.994098 -0.106032 -16.858 -0.779571 0.0486263 0.624423 219.007 
0.591445 0.0990815 0.800235 -110.846 -0.0267505 0.994287 -0.103337 -17.2411 -0.805901 0.0397115 0.590716 220.839 
0.556416 0.105177 0.82422 -108.426 -0.0279568 0.993764 -0.107939 -17.6082 -0.830434 0.0370165 0.555887 222.546 
0.515232 0.105508 0.850532 -106.001 -0.0301865 0.994012 -0.10502 -17.9852 -0.856519 0.028435 0.515331 224.179 
0.473048 0.102766 0.875023 -103.514 -0.0299148 0.994475 -0.100623 -18.3388 -0.880529 0.0214234 0.473509 225.627 
0.432446 0.101009 0.895984 -100.988 -0.0264192 0.994698 -0.0993868 -18.6805 -0.901273 0.0193083 0.432822 226.887 
0.390877 0.100756 0.914912 -98.4839 -0.0212019 0.994713 -0.100486 -19.0133 -0.920199 0.0198798 0.390947 228.05 
0.350488 0.0976756 0.93146 -95.9593 -0.01415 0.994986 -0.0990128 -19.351 -0.93646 0.0215226 0.350113 229.047 
0.31068 0.10255 0.944966 -93.4505 -0.0129764 0.994528 -0.103662 -19.6698 -0.950426 0.0199435 0.310311 229.93 
0.274316 0.118704 0.954285 -90.9912 -0.0140589 0.992741 -0.119447 -20.0119 -0.961537 0.01935 0.273994 230.672 
0.234814 0.12408 0.964089 -88.5367 -0.0187866 0.992213 -0.123124 -20.3756 -0.971859 0.0107992 0.235317 231.342 
0.196012 0.12462 0.97265 -86.0992 -0.0239069 0.992204 -0.122308 -20.7273 -0.98031 0.000720837 0.197463 231.889 
0.159786 0.12252 0.979519 -83.6836 -0.021918 0.992464 -0.120564 -21.0731 -0.986908 -0.0022047 0.161267 232.345 
0.121389 0.127028 0.984443 -81.2976 -0.0244789 0.991859 -0.124966 -21.4023 -0.992303 -0.00892853 0.12351 232.728 
0.0857145 0.126008 0.988319 -78.9415 -0.0237824 0.991946 -0.124408 -21.7316 -0.996036 -0.012841 0.088021 232.99 
0.0570793 0.117621 0.991417 -76.5952 -0.0197705 0.992974 -0.116668 -22.0592 -0.998174 -0.0129415 0.0590037 233.154 
0.0340924 0.114944 0.992787 -74.3421 -0.0174182 0.993282 -0.114403 -22.3567 -0.999267 -0.0133923 0.0358655 233.256 
0.0200271 0.118961 0.992697 -72.1263 -0.0180208 0.992778 -0.118607 -22.6583 -0.999637 -0.0155138 0.0220262 233.302 
0.00894512 0.131461 0.991281 -69.9672 -0.0174479 0.99119 -0.131292 -22.9761 -0.999808 -0.0161213 0.01116 233.345 
0.000828139 0.125546 0.992087 -67.8276 -0.0184222 0.991921 -0.125509 -23.2893 -0.99983 -0.0181725 0.00313427 233.36 
-0.00191702 0.114336 0.99344 -64.68 -0.0161236 0.993309 -0.114352 -23.7146 -0.999868 -0.0162371 -6.06908e-05 233.37 
0.00316374 0.120461 0.992713 -61.6366 -0.0195452 0.992536 -0.120377 -24.1341 -0.999804 -0.019022 0.00549457 233.411 
0.0148011 0.124435 0.992117 -58.63 -0.0246396 0.99197 -0.124049 -24.5492 -0.999587 -0.0226093 0.0177483 233.476 
0.0272799 0.122474 0.992097 -56.6373 -0.0255002 0.992228 -0.121789 -24.8204 -0.999303 -0.0219763 0.030191 233.55 
0.0419672 0.12296 0.991524 -54.6795 -0.0234755 0.992246 -0.122055 -25.0906 -0.998843 -0.0181542 0.0445283 233.627 
0.0559016 0.121585 0.991006 -52.7205 -0.0246162 0.992424 -0.12037 -25.3572 -0.998133 -0.0176659 0.0584711 233.749 
0.0691773 0.118172 0.990581 -50.7696 -0.0255742 0.992843 -0.116656 -25.6176 -0.997277 -0.0172634 0.0717044 233.906 
0.0819565 0.121349 0.989221 -48.8451 -0.0266911 0.992471 -0.119537 -25.8699 -0.996278 -0.0166066 0.0845784 234.101 
0.101139 0.125301 0.98695 -45.9767 -0.0312663 0.991947 -0.122731 -26.2593 -0.994381 -0.0184454 0.104242 234.415 
0.121406 0.1217 0.985114 -43.1159 -0.0341275 0.99238 -0.118392 -26.641 -0.992016 -0.019246 0.124634 234.757 
0.13509 0.122525 0.983229 -41.2252 -0.0342402 0.992309 -0.118952 -26.8936 -0.990242 -0.0175967 0.138246 235.036 
0.149859 0.124701 0.980812 -39.3523 -0.031862 0.992108 -0.121269 -27.147 -0.988194 -0.0130774 0.152649 235.361 
0.171241 0.127455 0.97695 -37.5046 -0.0304079 0.991808 -0.124063 -27.4065 -0.98476 -0.0084623 0.173714 235.667 
0.186809 0.125487 0.974349 -34.7517 -0.0375909 0.991995 -0.120552 -27.791 -0.981677 -0.0141064 0.190031 236.235 
0.195671 0.128276 0.972244 -31.9551 -0.0366003 0.991673 -0.123473 -28.1688 -0.979986 -0.0114242 0.198737 236.814 
0.201246 0.129121 0.970993 -30.0711 -0.0350716 0.991588 -0.124591 -28.428 -0.978913 -0.00898089 0.204082 237.225 
0.207787 0.127535 0.969824 -28.1796 -0.0353471 0.991795 -0.122851 -28.6921 -0.977535 -0.00875371 0.21059 237.655 
0.215782 0.122182 0.968767 -26.271 -0.0323418 0.99249 -0.11797 -28.9533 -0.975906 -0.00587583 0.218113 238.082 
0.226459 0.126094 0.965824 -24.3571 -0.0310657 0.992016 -0.122229 -29.2067 -0.973525 -0.00232412 0.228568 238.557 
0.240438 0.1242 0.962686 -22.4506 -0.0307937 0.992257 -0.120324 -29.4795 -0.970176 -0.000714208 0.242401 239.039 
0.258241 0.123587 0.958143 -20.5466 -0.0275873 0.992323 -0.12056 -29.7414 -0.965687 0.00470098 0.259668 239.566 
0.291492 0.12015 0.948998 -17.7204 -0.0260596 0.99271 -0.11768 -30.1296 -0.956218 0.00957216 0.292498 240.397 
0.31118 0.121821 0.942511 -15.8679 -0.0300399 0.992516 -0.118366 -30.3853 -0.949876 0.0085201 0.312511 241.04 
0.33116 0.124955 0.935264 -14.0218 -0.0341846 0.992131 -0.120448 -30.6433 -0.942955 0.00791609 0.332826 241.725 
0.349784 0.12338 0.92867 -12.1954 -0.0382044 0.992344 -0.11745 -30.9028 -0.936051 0.00560264 0.351819 242.427 
0.365759 0.121185 0.922786 -10.37 -0.0395718 0.992615 -0.114671 -31.1606 -0.929868 0.0054256 0.367853 243.148 
0.389398 0.121542 0.913015 -7.6796 -0.0441574 0.992579 -0.113301 -31.5438 -0.920011 0.00380258 0.391875 244.29 
0.415358 0.119583 0.901764 -5.04225 -0.0440716 0.992803 -0.111357 -31.9178 -0.90859 0.0065107 0.417639 245.475 
0.432008 0.114136 0.894618 -3.33362 -0.0442633 0.993448 -0.10537 -32.1558 -0.900783 0.00592177 0.43423 246.324 
0.448093 0.111649 0.886988 -1.6573 -0.048192 0.993745 -0.100741 -32.388 -0.892687 0.0023955 0.450671 247.227 
0.472158 0.109519 0.874684 0.820617 -0.0515276 0.993984 -0.0966422 -32.7094 -0.880007 0.000559942 0.474961 248.581 
0.496885 0.109687 0.860857 3.24206 -0.0522283 0.993962 -0.0965002 -33.0222 -0.866243 0.00298836 0.499613 249.983 
0.514235 0.105632 0.851119 4.84745 -0.0510758 0.994397 -0.0925552 -33.2226 -0.856127 0.00412347 0.516749 250.931 
0.525731 0.101263 0.844602 6.43182 -0.0519529 0.994858 -0.0869398 -33.4157 -0.849063 0.00182741 0.528289 251.928 
0.536138 0.0934503 0.838942 8.83137 -0.0535014 0.995617 -0.0767115 -33.6902 -0.842433 -0.00375666 0.538787 253.454 
0.541449 0.0951466 0.835332 11.2194 -0.0542372 0.995459 -0.0782297 -33.9364 -0.838982 -0.00294866 0.544151 255.012 
0.545588 0.091163 0.833081 13.6035 -0.0511101 0.995835 -0.0755008 -34.1941 -0.836494 -0.00138657 0.547975 256.609 
0.546472 0.0871681 0.832928 15.1728 -0.0523937 0.996179 -0.0698779 -34.3449 -0.835837 -0.00545386 0.548951 257.721 
0.548986 0.0829579 0.831705 16.7756 -0.0509751 0.996533 -0.0657514 -34.4986 -0.834276 -0.00629968 0.551311 258.798 
0.548341 0.0834303 0.832083 18.3506 -0.0539912 0.996467 -0.0643325 -34.6459 -0.83451 -0.00964903 0.550908 259.911 
0.549789 0.078392 0.831617 19.9826 -0.0528029 0.996857 -0.0590599 -34.7975 -0.833633 -0.0114412 0.552201 260.996 
0.55373 0.0727349 0.829514 21.6414 -0.0493215 0.997294 -0.0545227 -34.9432 -0.831235 -0.0107221 0.555818 262.052 
0.556305 0.0701456 0.828012 23.2821 -0.0498268 0.997454 -0.0510236 -35.0778 -0.829483 -0.0128725 0.558384 263.15 
0.560256 0.06638 0.825655 24.9091 -0.0492423 0.99769 -0.0467972 -35.204 -0.826854 -0.0144387 0.562231 264.253 
0.563856 0.0655039 0.823271 26.4894 -0.0508805 0.997711 -0.0445353 -35.3189 -0.824304 -0.016777 0.565898 265.395 
0.570546 0.0604554 0.819038 28.075 -0.0507563 0.997976 -0.0383063 -35.4243 -0.819696 -0.0197159 0.572459 266.538 
0.583114 0.0568048 0.810402 29.6671 -0.0467647 0.998245 -0.0363227 -35.5304 -0.811043 -0.0167179 0.584747 267.668 
0.594114 0.0593393 0.802189 31.2089 -0.0511978 0.998043 -0.035909 -35.6291 -0.80275 -0.0197363 0.595989 268.855 
0.607227 0.0540108 0.79269 32.7314 -0.051276 0.998271 -0.0287391 -35.7181 -0.792872 -0.0231948 0.608947 270.039 
0.621588 0.0524756 0.781585 34.2378 -0.0492116 0.998399 -0.0278949 -35.8028 -0.781797 -0.0211239 0.623175 271.271 
0.639634 0.0511247 0.766978 35.739 -0.0478177 0.9985 -0.0266789 -35.8914 -0.767191 -0.0196104 0.641119 272.539 
0.657961 0.0471904 0.751572 37.2372 -0.0464427 0.998678 -0.0220478 -35.9699 -0.751619 -0.0203985 0.659283 273.846 
0.675238 0.0452828 0.736208 38.6879 -0.0474815 0.998712 -0.0178796 -36.0393 -0.73607 -0.0228833 0.676519 275.204 
0.692758 0.0403124 0.720043 40.1406 -0.047856 0.998805 -0.0098766 -36.0932 -0.719581 -0.0276163 0.693859 276.603 
0.70973 0.0318321 0.703754 41.5628 -0.043822 0.999039 -0.000994223 -36.1452 -0.703109 -0.0301343 0.710443 278.057 
0.740287 0.0220697 0.671928 43.7101 -0.0329961 0.999449 0.00352569 -36.1964 -0.67148 -0.024781 0.740608 280.276 
0.767451 0.0159722 0.640909 45.7197 -0.0299356 0.999492 0.0109375 -36.2193 -0.640409 -0.02758 0.767539 282.676 
0.785239 0.0123624 0.619069 47.022 -0.0273263 0.999518 0.0147015 -36.2199 -0.61859 -0.0284611 0.785199 284.336 
0.805677 0.0161481 0.592135 48.9265 -0.0328913 0.999306 0.0175009 -36.2107 -0.591441 -0.0335761 0.805649 286.907 
0.821835 0.0220629 0.569298 50.757 -0.039483 0.999053 0.0182795 -36.2109 -0.568356 -0.0375004 0.821928 289.582 
0.835224 0.0288229 0.549153 52.5362 -0.0512774 0.998357 0.0255896 -36.1774 -0.547513 -0.0495322 0.83533 292.324 
0.841109 0.0338166 0.539807 53.7059 -0.0592202 0.997801 0.0297672 -36.1562 -0.537613 -0.0570049 0.841262 294.195 
0.843936 0.0444787 0.534597 54.8698 -0.0648629 0.997706 0.0193856 -36.1317 -0.532509 -0.0510358 0.844884 296.079 
0.845285 0.0498511 0.531986 56.0369 -0.0685232 0.997531 0.0154019 -36.1222 -0.529904 -0.0494724 0.846613 297.984 
0.846613 0.0491578 0.529933 57.2384 -0.0690383 0.997456 0.0177684 -36.117 -0.527712 -0.0516287 0.847853 299.892 
0.847966 0.0476296 0.527906 58.4317 -0.0663029 0.997663 0.0164883 -36.1149 -0.525887 -0.0489833 0.849143 301.819 
0.850133 0.0465155 0.524509 59.6274 -0.0635957 0.997869 0.0145821 -36.1161 -0.522713 -0.0457532 0.85128 303.757 
0.854052 0.042903 0.518416 60.802 -0.0603587 0.998035 0.0168412 -36.123 -0.516674 -0.0456742 0.854963 305.72 
0.862259 0.0409375 0.50481 61.9443 -0.0573016 0.998213 0.0169261 -36.1178 -0.503215 -0.0435211 0.863065 307.695 
0.873717 0.0392196 0.484851 63.0446 -0.0557842 0.998247 0.0197768 -36.1157 -0.483225 -0.0443264 0.874373 309.695 
0.886483 0.0402654 0.461007 64.1009 -0.0559635 0.998224 0.0204265 -36.1125 -0.459366 -0.0439073 0.887161 311.707 
0.903866 0.0387377 0.426058 65.5479 -0.0553371 0.998112 0.0266459 -36.0942 -0.424222 -0.0476612 0.904303 314.771 
0.914939 0.0401757 0.401588 66.4367 -0.0565584 0.997978 0.0290174 -36.082 -0.39961 -0.0492623 0.915361 316.837 
0.924929 0.0473673 0.377178 67.2673 -0.062796 0.997613 0.0287068 -36.0617 -0.374918 -0.050237 0.925696 318.914 
0.932207 0.0562744 0.357523 68.031 -0.0716761 0.996978 0.0299638 -36.0365 -0.354756 -0.0535583 0.933424 321.006 
0.93817 0.0568236 0.341479 69.1561 -0.0710481 0.997043 0.0292835 -35.9826 -0.338805 -0.0517343 0.939433 324.138 
0.941898 0.0531929 0.331661 69.8977 -0.0667296 0.997333 0.0295523 -35.9627 -0.329204 -0.0499668 0.942936 326.225 
0.945498 0.0514802 0.321534 70.6044 -0.0634142 0.997629 0.0267464 -35.9453 -0.319395 -0.0456785 0.94652 328.312 
0.949341 0.0539718 0.309579 71.2801 -0.0647179 0.997602 0.0245395 -35.9231 -0.307512 -0.0433316 0.950557 330.409 
0.955434 0.0546651 0.290099 72.2223 -0.0671236 0.997193 0.0331627 -35.8956 -0.287472 -0.0511572 0.956422 333.573 
0.958411 0.0531018 0.280407 72.811 -0.0635447 0.997578 0.028276 -35.8583 -0.278227 -0.0449185 0.959465 335.669 
0.960155 0.0488726 0.275161 73.3874 -0.0585562 0.997917 0.0270833 -35.8344 -0.273264 -0.0421166 0.961017 337.752 
0.957993 0.054361 0.281591 73.9585 -0.0653568 0.997417 0.0297979 -35.8201 -0.279244 -0.04695 0.959072 339.804 
0.950982 0.0605428 0.303263 74.5362 -0.0728993 0.996901 0.0295809 -35.7968 -0.300533 -0.0502386 0.952447 341.798 
0.942055 0.0559443 0.330762 75.4956 -0.0697773 0.997109 0.0300866 -35.7786 -0.328122 -0.0514229 0.943235 344.638 
0.939351 0.0520426 0.338986 76.1455 -0.0647947 0.997549 0.0264022 -35.7582 -0.336781 -0.0467654 0.940421 346.442 
0.940501 0.0496249 0.336148 76.7703 -0.0607513 0.997896 0.0226573 -35.7339 -0.334316 -0.0417306 0.941537 348.232 
0.946213 0.0433568 0.320625 77.3651 -0.0532309 0.998338 0.0220913 -35.733 -0.319134 -0.0379702 0.946949 350.024 
0.959691 0.0349055 0.278883 78.165 -0.0432074 0.998786 0.0236752 -35.7225 -0.277718 -0.0347706 0.960033 352.703 
0.975608 0.0310542 0.217311 78.7816 -0.0368423 0.999065 0.0226335 -35.7071 -0.216405 -0.0300877 0.97584 355.401 
0.985279 0.0328614 0.167768 79.0774 -0.0368271 0.99911 0.020581 -35.6884 -0.166943 -0.0264564 0.985612 357.215 
0.992843 0.0422068 0.111724 79.2657 -0.0444199 0.998862 0.0173922 -35.6768 -0.110863 -0.0222305 0.993587 359.095 
0.997874 0.0407245 0.0508844 79.3594 -0.0417873 0.998926 0.0200011 -35.6691 -0.0500153 -0.0220849 0.998504 360.924 
0.999097 0.0409691 -0.0112127 79.3498 -0.0407548 0.998994 0.018718 -35.6523 0.0119683 -0.0182442 0.999762 362.751 
0.995199 0.046697 -0.0860165 79.094 -0.045465 0.998834 0.0162274 -35.6315 0.086674 -0.0122387 0.996162 365.518 
0.990941 0.0632465 -0.118469 78.7102 -0.0605945 0.997827 0.025859 -35.5923 0.119847 -0.0184462 0.992621 368.331 
0.990304 0.067082 -0.121648 78.4515 -0.0658016 0.997727 0.0145174 -35.5736 0.122346 -0.006372 0.992467 370.227 
0.991099 0.0683789 -0.11422 78.0905 -0.0673031 0.997645 0.0132526 -35.5637 0.114857 -0.00544724 0.993367 373.156 
0.991724 0.062834 -0.11196 77.9062 -0.0626119 0.998023 0.00550197 -35.5577 0.112085 0.00155363 0.993697 375.151 
0.992318 0.0592438 -0.108607 77.6806 -0.0597539 0.998212 -0.00144553 -35.5841 0.108328 0.00792414 0.994084 377.193 
0.992249 0.0614998 -0.107975 77.3459 -0.0614608 0.998103 0.00369284 -35.6177 0.107998 0.00297203 0.994147 380.356 
0.9919 0.0672893 -0.10773 77.0764 -0.067322 0.997726 0.0033376 -35.6312 0.107709 0.00394203 0.994175 382.51 
0.991669 0.0672204 -0.109883 76.8168 -0.0675504 0.997716 0.000721532 -35.6458 0.109681 0.00670715 0.993944 384.697 
0.99146 0.0625966 -0.114407 76.551 -0.0635029 0.997972 -0.00429023 -35.6763 0.113906 0.0115188 0.993425 386.909 
0.990584 0.0533117 -0.126103 76.2795 -0.0539784 0.99854 -0.00187333 -35.7218 0.125819 0.00866253 0.992015 389.142 
0.98836 0.044915 -0.145355 75.9657 -0.0457654 0.998949 -0.00251072 -35.7619 0.145089 0.00913372 0.989376 391.364 
0.98562 0.0440183 -0.16314 75.5679 -0.0454659 0.998953 -0.00514832 -35.7974 0.162743 0.0124916 0.986589 393.551 
0.982459 0.0425004 -0.181571 75.1483 -0.0438797 0.99903 -0.00358451 -35.8452 0.181242 0.0114889 0.983371 395.757 
0.979032 0.0427404 -0.199172 74.6927 -0.044626 0.998991 -0.00498582 -35.8882 0.198758 0.0137695 0.979952 397.944 
0.975507 0.0427019 -0.215785 74.197 -0.0454786 0.998934 -0.00791684 -35.9307 0.215217 0.0175365 0.976409 400.104 
0.972258 0.0442065 -0.229697 73.6778 -0.0474598 0.998836 -0.00865584 -35.9809 0.229047 0.0193171 0.973224 402.251 
0.969828 0.0386666 -0.240703 73.1241 -0.0426493 0.999026 -0.0113564 -36.0314 0.24003 0.0212796 0.970532 404.375 
0.967199 0.0283065 -0.252436 72.5887 -0.034755 0.999173 -0.0211219 -36.0922 0.25163 0.0292026 0.967383 406.494 
0.964307 0.0245725 -0.263644 72.0163 -0.0304342 0.999372 -0.0181719 -36.1658 0.263031 0.0255471 0.964449 408.616 
0.961945 0.0235568 -0.272226 71.442 -0.0296019 0.999398 -0.0181202 -36.2282 0.271635 0.0254891 0.962063 410.744 
0.960488 0.0253169 -0.277168 70.8132 -0.0307654 0.999409 -0.0153258 -36.2956 0.276616 0.0232474 0.960699 412.869 
0.959708 0.0202703 -0.280267 70.1928 -0.0239174 0.999668 -0.00959849 -36.3493 0.279979 0.015915 0.959874 414.999 
0.959311 0.0116216 -0.282111 69.5699 -0.0146919 0.999854 -0.00877033 -36.3941 0.281968 0.0125582 0.959342 417.13 
0.958609 0.00497126 -0.284681 68.9451 -0.00804912 0.999921 -0.0096427 -36.4424 0.284611 0.011535 0.958574 419.274 
0.957855 0.00210672 -0.287243 68.298 -0.00478317 0.999951 -0.00861628 -36.4978 0.287211 0.00962708 0.957819 421.413 
0.957122 0.00565305 -0.289628 67.6271 -0.00723107 0.999964 -0.00437862 -36.5525 0.289593 0.0062852 0.957129 423.558 
0.956964 0.00994656 -0.290035 66.9434 -0.0102754 0.999947 0.000388986 -36.5935 0.290024 0.00260799 0.957016 425.691 
0.957295 0.0153857 -0.288702 66.2998 -0.0152226 0.99988 0.00281025 -36.6206 0.288711 0.00170457 0.957415 427.822 
0.958332 0.0155894 -0.285233 65.6441 -0.0141128 0.999874 0.00723196 -36.65 0.285309 -0.0029052 0.958431 429.945 
0.958905 0.0180811 -0.283151 65.0247 -0.0153317 0.999811 0.0119231 -36.67 0.283313 -0.00709198 0.959001 432.071 
0.959913 0.0212638 -0.279492 64.3737 -0.0182511 0.999744 0.0133775 -36.6869 0.279704 -0.00774024 0.960055 434.178 
0.960707 0.0205849 -0.276801 63.7513 -0.0172781 0.999747 0.0143805 -36.6958 0.277027 -0.00903288 0.96082 436.273 
0.96127 0.0176437 -0.275044 63.1547 -0.0124559 0.99971 0.0205969 -36.697 0.275328 -0.0163733 0.961211 438.366 
0.961723 0.0142985 -0.273651 62.568 -0.0084853 0.999713 0.0224152 -36.6945 0.273892 -0.0192352 0.961568 440.436 
0.962364 0.00916206 -0.27161 61.9771 -0.00321961 0.999746 0.0223161 -36.683 0.271746 -0.0206018 0.962149 442.476 
0.962425 0.00327799 -0.271528 61.4033 0.00254505 0.999774 0.0210906 -36.6754 0.271536 -0.0209891 0.9622 444.501 
0.961837 -0.000456608 -0.273624 60.8754 0.00726241 0.999689 0.0238604 -36.6713 0.273528 -0.024937 0.961541 446.519 
0.961864 0.00175373 -0.273523 59.9976 0.00609968 0.999593 0.027859 -36.6563 0.273461 -0.028465 0.961462 449.472 
0.96185 0.00129217 -0.273574 59.4268 0.00656542 0.999592 0.0278045 -36.6429 0.273498 -0.0285399 0.961449 451.411 
0.961254 0.000236361 -0.275663 58.6056 0.00857993 0.999489 0.0307757 -36.6213 0.27553 -0.0319484 0.960761 454.298 
0.960769 0.00165289 -0.277343 58.0747 0.00718695 0.999498 0.0308537 -36.5857 0.277255 -0.0316365 0.960275 456.193 
0.960736 0.00501789 -0.277418 57.523 0.00480234 0.999386 0.0347079 -36.5689 0.277422 -0.0346774 0.960122 458.073 
0.960414 0.0070191 -0.278487 56.7088 0.00528677 0.999043 0.0434127 -36.5188 0.278525 -0.0431665 0.959458 460.855 
0.959033 0.0063309 -0.283224 55.881 0.00909345 0.998547 0.0531121 -36.4442 0.283149 -0.0535117 0.957582 463.607 
0.957507 0.00439087 -0.288378 55.0541 0.0124627 0.99832 0.0565806 -36.3518 0.288142 -0.0577702 0.955844 466.299 
0.957068 0.00197379 -0.289858 54.5219 0.0154211 0.998214 0.0577154 -36.2818 0.289455 -0.0597075 0.955328 468.079 
0.957596 0.00154027 -0.28811 53.9875 0.0158526 0.998189 0.0580259 -36.2183 0.287678 -0.0601327 0.955838 469.818 
0.9583 -0.00407313 -0.285735 53.459 0.0216381 0.998062 0.0583426 -36.1438 0.284944 -0.0620925 0.956531 471.519 
0.958221 -0.00535116 -0.28598 52.9719 0.0228673 0.998058 0.0579452 -36.0797 0.285115 -0.0620639 0.956482 473.187 
0.959001 -0.00662784 -0.283325 52.4804 0.0227045 0.99831 0.0534968 -36.0153 0.282491 -0.0577362 0.957531 474.789 
0.959755 -0.00603707 -0.280775 51.7828 0.021412 0.998432 0.0517235 -35.9488 0.280022 -0.0556538 0.958379 477.122 
0.96188 -0.00820287 -0.273349 51.0934 0.0226095 0.998513 0.049596 -35.8756 0.272535 -0.0538857 0.960636 479.416 
0.965609 -0.0102301 -0.259796 50.6438 0.0232294 0.998624 0.0470157 -35.8226 0.258958 -0.0514338 0.964518 480.934 
0.974161 -0.00281165 -0.225837 50.1035 0.0164068 0.998162 0.0583448 -35.7348 0.225258 -0.0605425 0.972416 483.257 
0.985205 -0.000378558 -0.17138 49.6799 0.0117818 0.997781 0.0655257 -35.6389 0.170975 -0.0665754 0.983024 485.584 
0.995148 -0.000518495 -0.0983915 49.4179 0.00752081 0.997461 0.0708104 -35.5303 0.098105 -0.0712068 0.992625 487.92 
0.998974 -0.00397383 -0.0451139 49.3459 0.00693925 0.997811 0.0657667 -35.4423 0.0447538 -0.0660123 0.996815 489.506 
0.999279 -0.00773646 0.0371768 49.3568 0.00528783 0.997837 0.065517 -35.3237 -0.0376033 -0.0652732 0.997159 491.868 
0.993291 -0.0152402 0.11463 49.5712 0.00754932 0.997709 0.0672299 -35.1976 -0.115392 -0.0659135 0.991131 494.23 
0.981886 -0.0217052 0.188225 50.016 0.00937096 0.997764 0.0661734 -35.0873 -0.18924 -0.0632109 0.979894 496.633 
0.96745 -0.0276343 0.251547 50.5958 0.012335 0.997988 0.0621956 -34.9779 -0.25276 -0.0570683 0.965845 499.022 
0.951822 -0.0278478 0.305383 51.3153 0.00986428 0.998133 0.0602745 -34.8623 -0.306491 -0.0543582 0.95032 501.414 
0.931213 -0.0280244 0.363395 52.1137 0.00647091 0.998154 0.060394 -34.78 -0.364417 -0.0538882 0.929675 503.833 
0.909554 -0.0336395 0.414222 53.1388 0.0084895 0.998015 0.0624086 -34.6612 -0.415499 -0.0532475 0.908034 506.208 
0.885876 -0.0312592 0.462869 54.2952 0.00664794 0.99848 0.0547076 -34.5473 -0.463875 -0.045387 0.884737 508.528 
0.855899 -0.0288009 0.516341 55.6105 0.000315026 0.998477 0.0551718 -34.4578 -0.517143 -0.0470588 0.854604 510.785 
0.814846 -0.0318129 0.578804 57.0875 -0.00296229 0.998251 0.0590374 -34.3604 -0.57967 -0.049821 0.813327 512.986 
0.764233 -0.0360699 0.64393 58.7426 -0.00266403 0.99825 0.0590789 -34.2695 -0.644934 -0.0468655 0.7628 515.026 
0.712083 -0.044679 0.700672 60.5439 0.0022157 0.998111 0.0613936 -34.1717 -0.702092 -0.0421649 0.710837 516.921 
0.666557 -0.0490059 0.743841 62.4586 0.00520422 0.998118 0.0610948 -34.0705 -0.745436 -0.036852 0.665558 518.676 
0.637688 -0.0514686 0.768574 63.7933 0.0033057 0.997939 0.0640857 -33.9968 -0.770288 -0.038326 0.636543 519.798 
0.607799 -0.0503306 0.792494 65.1685 0.00313151 0.998134 0.0609889 -33.9186 -0.794085 -0.0345873 0.606822 520.883 
0.577107 -0.0589724 0.814536 66.6421 0.00101847 0.997441 0.071493 -33.8507 -0.816668 -0.0404296 0.57569 521.88 
0.519494 -0.0621838 0.852209 68.8947 -0.0006864 0.997318 0.0731905 -33.7131 -0.854474 -0.0386069 0.518057 523.343 
0.455991 -0.0675047 0.887421 71.2973 0.00528928 0.997307 0.0731457 -33.5713 -0.889969 -0.02866 0.45512 524.606 
0.38738 -0.0724375 0.91907 73.8284 0.00934179 0.997166 0.0746552 -33.4166 -0.921873 -0.0203342 0.386958 525.702 
0.313901 -0.0684236 0.946987 76.4736 0.00361817 0.997479 0.0708725 -33.2595 -0.949449 -0.0188206 0.313358 526.665 
0.236766 -0.0700103 0.969041 79.2616 -0.000588862 0.99739 0.0722023 -33.1234 -0.971567 -0.0176657 0.236107 527.422 
0.156191 -0.0721772 0.985086 82.1357 0.00090735 0.997337 0.072931 -32.9649 -0.987727 -0.0104973 0.15584 527.955 
0.0804024 -0.0719843 0.99416 85.0954 0.0031923 0.997402 0.071961 -32.8135 -0.996757 -0.00261217 0.0804233 528.271 
0.0299854 -0.0748706 0.996742 87.1118 0.000760046 0.997192 0.0748815 -32.713 -0.99955 -0.00148778 0.0299581 528.366 
-0.0210844 -0.0795696 0.996606 89.1578 -0.00371015 0.996827 0.0795087 -32.5974 -0.999771 -0.00202116 -0.0213127 528.392 
-0.0951131 -0.075747 0.99258 92.2468 -0.00803471 0.997127 0.075324 -32.412 -0.995434 -0.000810798 -0.0954485 528.179 
-0.142996 -0.0748438 0.986889 94.322 -0.00634884 0.997185 0.0747048 -32.2974 -0.989703 0.00441687 -0.143069 527.896 
-0.188578 -0.0750927 0.979183 96.4115 -0.0025369 0.997106 0.0759786 -32.1844 -0.982055 0.0118438 -0.188223 527.514 
-0.229094 -0.0710151 0.97081 98.4982 -0.00328737 0.997386 0.0721834 -32.0718 -0.973399 0.0133454 -0.228729 527.057 
-0.273208 -0.0703282 0.959381 100.599 -0.00897231 0.997467 0.070565 -31.9585 -0.961913 0.0106711 -0.273147 526.55 
-0.334319 -0.0661126 0.940138 103.728 -0.0165392 0.997794 0.0642856 -31.8042 -0.942315 0.00594272 -0.334675 525.563 
-0.3891 -0.0688372 0.91862 106.833 -0.0209686 0.997608 0.0658745 -31.6454 -0.920957 0.00636962 -0.389612 524.342 
-0.421866 -0.0640187 0.904395 109.903 -0.0128999 0.997827 0.0646151 -31.4865 -0.906567 0.0155922 -0.421775 522.945 
-0.43266 -0.0601134 0.899551 111.956 -0.00235555 0.997847 0.0655491 -31.3762 -0.901554 0.0262416 -0.43187 521.959 
-0.438154 -0.0601387 0.896886 114.028 0.00464693 0.997595 0.0691617 -31.2708 -0.898888 0.0344713 -0.436821 520.966 
-0.441371 -0.0671336 0.89481 117.18 0.00265106 0.997096 0.0761152 -31.0884 -0.897321 0.0359672 -0.439911 519.444 
-0.44451 -0.0704387 0.893 119.309 0.00347682 0.99676 0.0803539 -30.96 -0.895767 0.0388229 -0.442825 518.41 
-0.446729 -0.0656682 0.892256 121.474 0.00523496 0.997094 0.0760051 -30.8122 -0.894654 0.0386246 -0.445087 517.359 
-0.449292 -0.063905 0.891096 123.546 0.00718816 0.997147 0.0751347 -30.6834 -0.893356 0.0401628 -0.447551 516.343 
-0.451898 -0.0680589 0.88947 125.735 0.00544285 0.996857 0.079041 -30.5377 -0.892053 0.0405597 -0.450107 515.271 
-0.455063 -0.0722408 0.887524 127.936 0.00235183 0.996603 0.0823253 -30.3852 -0.890456 0.0395505 -0.453348 514.185 
-0.457295 -0.0725507 0.886351 130.148 0.00112868 0.996619 0.0821588 -30.2204 -0.889315 0.0385712 -0.455666 513.066 
-0.459913 -0.0692856 0.885257 132.389 0.000868767 0.996916 0.0784761 -30.0778 -0.887964 0.0368612 -0.458434 511.985 
-0.459227 -0.0727869 0.885332 134.638 -0.000989891 0.996679 0.0814277 -29.9242 -0.888318 0.0365174 -0.457774 510.814 
-0.459058 -0.0700438 0.885641 136.91 -0.00299009 0.997003 0.0773014 -29.7649 -0.888401 0.0328377 -0.457892 509.664 
-0.458124 -0.063668 0.886605 139.212 -0.00216305 0.997508 0.0705143 -29.6134 -0.888886 0.0303865 -0.45712 508.498 
-0.458653 -0.0688449 0.885945 141.557 -0.00132204 0.997046 0.0767939 -29.4648 -0.888615 0.0340505 -0.457389 507.305 
-0.459092 -0.0690292 0.885703 143.924 -0.00381352 0.997121 0.0757361 -29.3084 -0.88838 0.0313922 -0.458034 506.109 
-0.459084 -0.0707176 0.885574 146.314 -0.00466834 0.997005 0.0771959 -29.1552 -0.88838 0.0313053 -0.458039 504.894 
-0.45971 -0.0682588 0.885442 148.732 -0.00189183 0.997115 0.0758855 -28.9977 -0.888067 0.0332102 -0.458513 503.656 
-0.460597 -0.0671401 0.885067 151.162 -0.000697059 0.997162 0.0752808 -28.8508 -0.887609 0.0340572 -0.459336 502.397 
-0.462908 -0.0707374 0.883579 153.636 -0.00374812 0.996958 0.0778506 -28.689 -0.886398 0.0327259 -0.461765 501.168 
-0.463081 -0.0709194 0.883474 156.121 -0.0110272 0.997177 0.0742667 -28.5311 -0.886247 0.0246492 -0.462556 499.903 
-0.463708 -0.0758038 0.88274 158.609 -0.0194552 0.996964 0.0753928 -28.367 -0.885775 0.0177864 -0.463775 498.62 
-0.464213 -0.0729675 0.882713 161.109 -0.0165657 0.997142 0.0737147 -28.2106 -0.885568 0.0195966 -0.464095 497.325 
-0.464306 -0.0709164 0.882831 163.617 -0.00870234 0.997106 0.0755191 -28.0748 -0.885632 0.0273813 -0.463579 496.029 
-0.464288 -0.0730219 0.882669 166.123 -0.00822653 0.996908 0.0781455 -27.9152 -0.885646 0.0290207 -0.463453 494.727 
-0.464188 -0.0738097 0.882656 168.637 -0.00899618 0.996863 0.0786289 -27.7562 -0.885691 0.0285581 -0.463396 493.444 
-0.463952 -0.0682346 0.883228 171.127 -0.00201285 0.997108 0.0759751 -27.5996 -0.885858 0.033471 -0.462748 492.132 
-0.462086 -0.0629962 0.884595 173.63 0.00287045 0.997362 0.0725264 -27.4443 -0.88683 0.0360526 -0.460687 490.849 
-0.460552 -0.0763709 0.884341 176.148 -0.00577201 0.996528 0.0830533 -27.2832 -0.887614 0.033146 -0.459394 489.573 
-0.456952 -0.0752022 0.886307 178.655 -0.0106516 0.996811 0.0790867 -27.1059 -0.889427 0.0266982 -0.456296 488.328 
-0.452022 -0.071449 0.889141 181.125 -0.0111203 0.997161 0.0744759 -26.9428 -0.891938 0.0237771 -0.451533 487.048 
-0.449883 -0.0724455 0.890144 183.613 -0.0124939 0.997117 0.0748371 -26.7912 -0.893 0.0225466 -0.449491 485.806 
-0.449295 -0.0747128 0.890254 186.109 -0.0133625 0.996947 0.076923 -26.6393 -0.893284 0.0226651 -0.448922 484.578 
-0.450826 -0.07132 0.889758 188.579 -0.0128418 0.997218 0.0734269 -26.4829 -0.892519 0.0216767 -0.450488 483.34 
-0.454274 -0.0664389 0.888381 191.047 -0.00724028 0.997458 0.070894 -26.3541 -0.890832 0.0257732 -0.453601 482.091 
-0.460493 -0.0684563 0.885019 193.504 -0.00775437 0.997294 0.0731059 -26.2119 -0.887629 0.026802 -0.459778 480.878 
-0.466849 -0.071264 0.881461 195.931 -0.00834826 0.997058 0.0761883 -26.0658 -0.884298 0.0282097 -0.46607 479.639 
-0.471767 -0.0653298 0.8793 198.321 -0.00410553 0.997403 0.0719019 -25.9107 -0.881714 0.030311 -0.47081 478.383 
-0.48135 -0.0668817 0.873973 201.886 -0.00804672 0.99738 0.0718937 -25.7119 -0.876492 0.0275734 -0.480627 476.511 
-0.486515 -0.0716455 0.87073 204.215 -0.0138478 0.997139 0.0743093 -25.5737 -0.873563 0.0240949 -0.486115 475.243 
-0.490981 -0.0743302 0.867994 206.484 -0.0160922 0.996957 0.0762714 -25.4451 -0.871022 0.0234799 -0.490683 474.001 
-0.493156 -0.0756955 0.866641 208.684 -0.016495 0.996842 0.0776813 -25.3121 -0.869784 0.0240138 -0.492847 472.77 
-0.495067 -0.076325 0.865496 210.79 -0.0217963 0.996912 0.0754465 -25.1958 -0.868582 0.0184864 -0.495201 471.563 
-0.494807 -0.0786598 0.865435 212.848 -0.0256575 0.996783 0.0759286 -25.0726 -0.868624 0.0153651 -0.495234 470.412 
-0.486079 -0.0806084 0.870189 215.807 -0.0314922 0.996706 0.0747369 -24.9014 -0.873347 0.00892383 -0.487016 468.786 
-0.46981 -0.0813531 0.879011 217.701 -0.0316781 0.996657 0.0753101 -24.7978 -0.882199 0.00753601 -0.470817 467.764 
-0.444372 -0.0805459 0.892214 219.594 -0.0303171 0.996731 0.0748817 -24.6936 -0.895329 0.00622606 -0.445362 466.828 
-0.412358 -0.0800751 0.907496 221.474 -0.0345348 0.996788 0.0722617 -24.587 -0.910367 -0.00154254 -0.413798 465.978 
-0.378756 -0.0760255 0.922369 223.35 -0.0366757 0.99707 0.0671224 -24.4938 -0.924769 -0.00840544 -0.380435 465.204 
-0.322236 -0.0761648 0.94359 226.206 -0.0387598 0.996984 0.0672381 -24.343 -0.945866 -0.0149069 -0.324216 464.213 
-0.262744 -0.0854938 0.96107 229.124 -0.0436102 0.996101 0.0766875 -24.1878 -0.96388 -0.0217633 -0.265448 463.385 
-0.20355 -0.0893938 0.974975 232.077 -0.0550519 0.995292 0.0797633 -24.0142 -0.977516 -0.0374384 -0.207513 462.766 
-0.162235 -0.0896545 0.982671 234.059 -0.056991 0.995053 0.0813751 -23.893 -0.985105 -0.0428014 -0.166542 462.456 
-0.115335 -0.0826539 0.989882 236.06 -0.0515116 0.995689 0.0771369 -23.7708 -0.99199 -0.0420938 -0.119095 462.241 
-0.0371556 -0.0743914 0.996537 239.105 -0.044781 0.996347 0.0727076 -23.5982 -0.998306 -0.0419244 -0.0403512 462.121 
0.0500716 -0.0740901 0.995994 242.205 -0.0447817 0.996075 0.0763475 -23.4207 -0.997741 -0.0484252 0.0465572 462.212 
0.112068 -0.0765063 0.990751 244.305 -0.0484119 0.995427 0.0823435 -23.2964 -0.992521 -0.0571923 0.107852 462.397 
0.199856 -0.0660679 0.977595 247.422 -0.0575574 0.99521 0.0790251 -23.0948 -0.978133 -0.0720615 0.195096 462.955 
0.282057 -0.0597227 0.957537 250.537 -0.061514 0.994881 0.0801718 -22.8821 -0.957424 -0.0815149 0.276939 463.832 
0.363552 -0.056398 0.929865 253.63 -0.0613129 0.994553 0.0842931 -22.663 -0.929554 -0.0876577 0.358113 464.974 
0.436982 -0.0525658 0.897933 256.648 -0.0598475 0.994379 0.0873369 -22.4291 -0.897477 -0.0919037 0.43138 466.384 
0.504051 -0.0590345 0.861654 259.604 -0.0549819 0.993444 0.100227 -22.1774 -0.861922 -0.0978951 0.497501 468.015 
0.543413 -0.0563419 0.837573 261.521 -0.0547165 0.993246 0.102314 -21.9941 -0.83768 -0.101428 0.53666 469.231 
0.575972 -0.0504433 0.815911 263.392 -0.0600401 0.992788 0.103763 -21.7918 -0.815261 -0.108752 0.56879 470.538 
0.612544 -0.0430139 0.789265 266.154 -0.0665405 0.992168 0.105714 -21.4972 -0.787631 -0.117272 0.604884 472.63 
0.632343 -0.0398704 0.773662 267.965 -0.0658824 0.992289 0.104985 -21.2881 -0.771882 -0.117358 0.62484 474.084 
0.649074 -0.0334727 0.759988 269.73 -0.064786 0.99297 0.099065 -21.0849 -0.757961 -0.113537 0.642342 475.607 
0.662439 -0.0324925 0.748411 272.357 -0.0661243 0.992623 0.101623 -20.7994 -0.746192 -0.116808 0.655404 477.965 
0.669705 -0.0357889 0.741765 274.955 -0.0640723 0.992329 0.105726 -20.5118 -0.739858 -0.118332 0.662274 480.311 
0.673636 -0.0328198 0.738334 276.664 -0.0651411 0.992489 0.10355 -20.31 -0.736187 -0.117851 0.666439 481.883 
0.675546 -0.0317883 0.736632 278.369 -0.0611357 0.993215 0.0989267 -20.1206 -0.734779 -0.111864 0.669019 483.44 
0.674385 -0.0331054 0.737637 280.035 -0.059966 0.993239 0.0994009 -19.9454 -0.735941 -0.111268 0.66784 484.996 
0.670211 -0.0352142 0.741335 281.705 -0.0617774 0.99276 0.103008 -19.7813 -0.739595 -0.114834 0.663183 486.47 
0.659519 -0.0344569 0.750897 283.304 -0.0675892 0.992184 0.104893 -19.607 -0.748643 -0.119932 0.652036 487.936 
0.644501 -0.0278857 0.764095 284.861 -0.074259 0.992328 0.0988513 -19.4344 -0.760989 -0.120451 0.637485 489.333 
0.616441 -0.0283168 0.786892 287.252 -0.0715291 0.993207 0.0917761 -19.2449 -0.784145 -0.11286 0.610228 491.209 
0.581087 -0.0315239 0.81323 289.551 -0.0646281 0.994306 0.0847225 -19.0707 -0.811271 -0.101789 0.575742 492.916 
0.554493 -0.0277662 0.831725 291.042 -0.0542027 0.996116 0.06939 -18.9675 -0.830421 -0.083558 0.550834 493.921 
0.507856 0.00191165 0.86144 293.162 -0.0580445 0.997801 0.0320055 -18.872 -0.859484 -0.066256 0.50685 495.277 
0.441317 0.00211399 0.897349 295.273 -0.0637887 0.997541 0.0290213 -18.8499 -0.895081 -0.0700483 0.440367 496.422 
0.351067 -0.00817953 0.936315 297.414 -0.0536083 0.998146 0.0288199 -18.8347 -0.934815 -0.0603119 0.349978 497.236 
0.238394 0.010162 0.971115 299.57 -0.0386162 0.999254 -0.000976744 -18.8429 -0.9704 -0.0372679 0.238609 497.759 
0.118116 0.00989722 0.99295 301.79 -0.0303269 0.99952 -0.00635516 -18.8942 -0.992537 -0.0293624 0.11836 498.038 
-0.0130459 -0.0022437 0.999912 303.966 -0.0238757 0.999713 0.00193175 -18.9534 -0.99963 -0.0238484 -0.0130958 498.099 
-0.139325 0.00378917 0.990239 306.13 -0.0176771 0.999824 -0.00631298 -19.0027 -0.990089 -0.0183841 -0.139234 497.837 
-0.234886 0.0082365 0.971988 308.266 -0.0045056 0.999944 -0.0095622 -19.0815 -0.972013 -0.00662541 -0.234835 497.327 
-0.298323 0.00753172 0.954435 310.363 0.00296939 0.999971 -0.00696293 -19.1187 -0.95446 0.000756882 -0.298337 496.684 
-0.347871 0.00761673 0.937511 312.447 0.00977246 0.999942 -0.00449779 -19.1696 -0.937491 0.00759714 -0.347925 495.922 
-0.402473 0.00844512 0.915393 314.502 0.0135226 0.999903 -0.00327926 -19.2105 -0.915332 0.0110587 -0.402549 495.006 
-0.476629 0.015233 0.878972 316.502 0.0160901 0.999834 -0.00860259 -19.2534 -0.878957 0.0100425 -0.476795 493.97 
-0.567906 0.0111891 0.823018 318.219 0.0168488 0.999856 -0.00196717 -19.3264 -0.822921 0.0127497 -0.568013 492.735 
-0.66492 0.0181447 0.746694 319.936 0.0275812 0.99962 0.000269802 -19.3675 -0.746405 0.0207741 -0.665168 491.266 
-0.753702 0.0231199 0.656809 321.418 0.0354437 0.999357 0.00549475 -19.4028 -0.65626 0.0274212 -0.754037 489.631 
-0.807187 0.0271817 0.58967 322.312 0.0413614 0.999088 0.0105642 -19.412 -0.588846 0.0329169 -0.807575 488.525 
-0.84762 0.0341579 0.529504 323.029 0.0461712 0.998889 0.00947238 -19.4209 -0.528592 0.0324768 -0.848255 487.353 
-0.892629 0.0444933 0.448591 323.985 0.0532784 0.998555 0.00697459 -19.4605 -0.447633 0.0301259 -0.89371 485.517 
-0.915673 0.048399 0.398998 324.476 0.0576758 0.998272 0.0112702 -19.4631 -0.397763 0.0333323 -0.916882 484.217 
-0.946347 0.0556996 0.318316 325.152 0.0657149 0.997622 0.020803 -19.4631 -0.316401 0.040605 -0.947756 482.237 
-0.972744 0.0637626 0.222941 325.712 0.0693759 0.997438 0.01743 -19.4532 -0.221258 0.0324216 -0.974676 480.215 
-0.989806 0.0712232 0.123334 326.027 0.0758178 0.996577 0.0329636 -19.4388 -0.120564 0.0419785 -0.991818 478.113 
-0.997351 0.0693682 0.0218922 326.117 0.0701277 0.996885 0.0360777 -19.3991 -0.0193214 0.0375174 -0.999109 475.965 
-0.99452 0.0747696 -0.0730782 325.985 0.0721482 0.996674 0.0378802 -19.3465 0.0756675 0.0324001 -0.996607 473.745 
-0.985126 0.081457 -0.151302 325.662 0.0763945 0.996315 0.0389863 -19.2886 0.15392 0.0268478 -0.987719 471.488 
-0.975205 0.0778427 -0.207159 325.21 0.0720416 0.996773 0.035413 -19.2308 0.209247 0.0196109 -0.977666 469.171 
-0.96575 0.074385 -0.248583 324.638 0.066894 0.997019 0.0384592 -19.1754 0.250703 0.0205132 -0.967847 466.796 
-0.958985 0.0788975 -0.272254 323.978 0.0698856 0.996643 0.0426562 -19.1067 0.274706 0.02188 -0.961279 464.346 
-0.956937 0.080413 -0.278938 323.239 0.0737193 0.996685 0.0344227 -19.0367 0.280781 0.0123773 -0.959692 461.83 
-0.955054 0.0844288 -0.284153 322.494 0.0754197 0.996245 0.042519 -18.9661 0.286676 0.0191772 -0.957836 459.216 
-0.953518 0.0844891 -0.289248 321.696 0.0760778 0.99629 0.0402219 -18.8887 0.291573 0.016347 -0.956409 456.532 
-0.952709 0.0840705 -0.292022 321.132 0.0760636 0.996352 0.0386863 -18.8409 0.294209 0.0146446 -0.955629 454.7 
-0.95181 0.0867936 -0.294151 320.549 0.0783063 0.996105 0.0405328 -18.7966 0.296523 0.0155456 -0.954899 452.841 
-0.950632 0.0883446 -0.297481 319.962 0.0799772 0.995985 0.0402079 -18.7444 0.299838 0.0144312 -0.953881 450.95 
-0.949379 0.0887246 -0.301342 319.371 0.0798764 0.995937 0.0415846 -18.6978 0.303807 0.0154095 -0.952609 449.036 
-0.948433 0.0876006 -0.304633 318.768 0.0780164 0.996002 0.0435182 -18.6525 0.307228 0.0175077 -0.951475 447.113 
-0.947641 0.0852894 -0.307736 318.149 0.0756387 0.9962 0.0431765 -18.596 0.310249 0.0176391 -0.950492 445.189 
-0.94703 0.0860606 -0.3094 317.507 0.0765723 0.996149 0.0427051 -18.5444 0.311884 0.0167516 -0.949973 443.263 
-0.946707 0.0873861 -0.310014 316.891 0.0768527 0.995978 0.0460549 -18.501 0.312792 0.019775 -0.949616 441.318 
-0.948426 0.0812783 -0.3064 316.295 0.0713664 0.996504 0.0434343 -18.4544 0.308859 0.0193276 -0.950911 439.368 
-0.951126 0.0762357 -0.299246 315.683 0.0676884 0.99695 0.0388411 -18.4062 0.301294 0.0166872 -0.953385 437.419 
-0.956892 0.0643247 -0.283233 314.809 0.0591326 0.997889 0.0268519 -18.363 0.284362 0.00894607 -0.958675 434.503 
-0.96378 0.0511954 -0.261739 314.024 0.0453477 0.998569 0.0283371 -18.3402 0.262815 0.0154415 -0.964723 431.556 
-0.969518 0.0517274 -0.239498 313.555 0.0448307 0.99841 0.0341591 -18.3123 0.240884 0.0223811 -0.970296 429.578 
-0.979012 0.0532813 -0.196714 312.969 0.0487 0.998419 0.0280568 -18.2768 0.197898 0.017888 -0.980059 426.613 
-0.984345 0.0488875 -0.169335 312.646 0.0458094 0.998707 0.0220393 -18.2636 0.170194 0.0139371 -0.985312 424.622 
-0.988468 0.0505097 -0.142759 312.37 0.0474872 0.998571 0.0245021 -18.2496 0.143793 0.0174403 -0.989454 422.621 
-0.992001 0.0513867 -0.1153 312.147 0.0489174 0.998511 0.0241462 -18.2367 0.116369 0.0183129 -0.993037 420.627 
-0.996304 0.042512 -0.074634 311.895 0.0404275 0.998755 0.0292227 -18.2267 0.0757834 0.0260974 -0.996783 417.623 
-0.998618 0.037913 -0.0364037 311.777 0.0369062 0.998928 0.0279402 -18.1994 0.037424 0.0265581 -0.998947 414.622 
-0.999244 0.0373601 -0.0107305 311.768 0.0370191 0.998852 0.0303902 -18.1842 0.0118536 0.02997 -0.999481 412.605 
-0.999168 0.0375279 0.0159489 311.777 0.038037 0.998734 0.0329136 -18.1544 -0.0146935 0.0334929 -0.999331 410.593 
-0.998332 0.0409956 0.0406508 311.853 0.0422168 0.998668 0.029652 -18.1311 -0.0393811 0.0313187 -0.998733 408.593 
-0.997211 0.0402064 0.0628748 312.006 0.0418562 0.998807 0.0251459 -18.1199 -0.0617887 0.0277075 -0.997705 406.597 
-0.994811 0.0356915 0.0952729 312.282 0.037916 0.999047 0.0216405 -18.11 -0.0944097 0.0251406 -0.995216 403.59 
-0.991646 0.0343718 0.124328 312.639 0.0367023 0.99919 0.0165027 -18.1069 -0.12366 0.0209279 -0.992104 400.605 
-0.989597 0.0316392 0.140346 312.944 0.0346414 0.999219 0.0190001 -18.1051 -0.139636 0.0236643 -0.98992 398.638 
-0.985756 0.0284364 0.165758 313.432 0.0321913 0.999281 0.0200102 -18.1109 -0.165069 0.0250611 -0.985964 395.71 
-0.98219 0.0216817 0.186633 314.012 0.0263531 0.999398 0.0225849 -18.1137 -0.186031 0.0271011 -0.98217 392.822 
-0.98 0.017483 0.198227 314.45 0.0230348 0.999403 0.0257356 -18.1005 -0.197659 0.029787 -0.979818 390.92 
-0.977216 0.0159216 0.211648 314.878 0.0214017 0.999492 0.0236273 -18.0901 -0.211164 0.0276186 -0.97706 389.029 
-0.972654 0.0159876 0.231709 315.53 0.0197864 0.999705 0.0140796 -18.0977 -0.231415 0.0182793 -0.972683 386.313 
-0.969225 0.0175942 0.245549 315.984 0.0204508 0.99975 0.00908813 -18.107 -0.245327 0.0138301 -0.969342 384.545 
-0.965436 0.0204311 0.259838 316.45 0.0209283 0.999781 -0.000853015 -18.137 -0.259798 0.00461445 -0.965652 382.859 
-0.961889 0.0225116 0.272512 316.913 0.0173255 0.99962 -0.0214225 -18.1975 -0.272891 -0.0158847 -0.961914 381.292 
-0.959344 0.0206276 0.281486 317.382 0.0106829 0.999265 -0.0368187 -18.2685 -0.282039 -0.0323147 -0.958859 379.809 
-0.957848 0.0228747 0.286362 317.827 0.0088095 0.998695 -0.0503094 -18.3748 -0.287139 -0.0456661 -0.9568 378.426 
-0.957575 0.0272252 0.286895 318.252 0.0100665 0.99808 -0.061115 -18.478 -0.288008 -0.0556342 -0.956011 377.1 
-0.958015 0.0348337 0.284594 318.611 0.0202704 0.998337 -0.0539588 -18.5869 -0.286 -0.0459245 -0.957128 375.761 
-0.963252 0.0381096 0.265882 319.003 0.0245118 0.998225 -0.0542757 -18.6927 -0.267479 -0.045764 -0.962476 374.471 
-0.9772 0.0447172 0.207561 319.431 0.0363453 0.998371 -0.0439764 -18.8273 -0.209189 -0.0354299 -0.977233 372.525 
-0.992852 0.0484043 0.109098 319.653 0.0464322 0.99871 -0.0205465 -18.9379 -0.109952 -0.015334 -0.993819 370.577 
-0.998442 0.0542444 -0.0130501 319.617 0.0542767 0.998524 -0.00213561 -18.9945 0.012915 -0.00284061 -0.999913 368.682 
-0.987727 0.0510381 -0.147618 319.388 0.049998 0.998691 0.0107506 -19.0359 0.147973 0.00323805 -0.988986 366.802 
-0.958439 0.0584237 -0.27925 318.859 0.0518499 0.998177 0.0308762 -19.028 0.280545 0.0151139 -0.959722 364.928 
-0.911306 0.054626 -0.408091 318.082 0.0428903 0.998362 0.0378603 -18.9924 0.40949 0.0169992 -0.912156 363.067 
-0.851065 0.0673356 -0.520726 317.046 0.0508876 0.997652 0.0458378 -18.9309 0.522589 0.0125125 -0.852493 361.342 
-0.790943 0.0748433 -0.607295 315.789 0.0575888 0.997191 0.0478904 -18.8582 0.609173 0.00290519 -0.793032 359.692 
-0.742652 0.0822951 -0.664602 314.345 0.0700174 0.996523 0.0451555 -18.7754 0.666007 -0.0129988 -0.745832 358.064 
-0.708507 0.0838741 -0.700701 312.74 0.0725674 0.996308 0.0458823 -18.6939 0.701962 -0.0183401 -0.711978 356.403 
-0.682188 0.0851793 -0.726199 310.982 0.0758839 0.996076 0.0455496 -18.5986 0.727229 -0.0240334 -0.685974 354.72 
-0.68061 0.09135 -0.726929 309.104 0.0827525 0.995432 0.047612 -18.5058 0.727957 -0.02775 -0.685061 352.949 
-0.689126 0.0851364 -0.719623 307.148 0.0737221 0.996159 0.0472546 -18.4092 0.720882 -0.0204877 -0.692755 351.057 
-0.691762 0.0829808 -0.717342 305.137 0.0708862 0.996381 0.0469011 -18.3146 0.718638 -0.0184052 -0.695141 349.059 
-0.693964 0.0809817 -0.715441 303.754 0.0700676 0.996534 0.0448348 -18.2442 0.716593 -0.0190155 -0.697233 347.691 
-0.696711 0.0802796 -0.712846 302.334 0.0707972 0.996562 0.0430365 -18.1845 0.71385 -0.0204835 -0.699999 346.3 
-0.699156 0.0750205 -0.711023 300.919 0.0686274 0.99693 0.0377047 -18.1308 0.711668 -0.0224341 -0.702158 344.856 
-0.702803 0.0711244 -0.70782 299.456 0.0682461 0.997141 0.0324341 -18.0902 0.708104 -0.0255112 -0.705648 343.402 
-0.70626 0.0701978 -0.704463 297.999 0.0671808 0.997227 0.0320187 -18.0578 0.704757 -0.0247129 -0.709018 341.907 
-0.710857 0.0736646 -0.699468 296.538 0.0682154 0.997033 0.0356765 -18.0114 0.700021 -0.0223536 -0.713773 340.401 
-0.723212 0.0753966 -0.686498 294.336 0.06481 0.997046 0.0412273 -17.9506 0.687578 -0.0146759 -0.725962 338.124 
-0.739013 0.0745358 -0.669555 292.189 0.0670723 0.997063 0.0369642 -17.8691 0.670344 -0.0175915 -0.741842 335.779 
-0.762744 0.0778111 -0.642002 290.151 0.074848 0.996685 0.0318743 -17.8247 0.642355 -0.0237407 -0.76604 333.311 
-0.781955 0.0769671 -0.618565 288.854 0.0745991 0.996771 0.0297227 -17.814 0.618855 -0.0229026 -0.785171 331.608 
-0.809626 0.0697661 -0.582785 286.969 0.0677157 0.997383 0.0253251 -17.7827 0.583026 -0.0189597 -0.812232 328.984 
-0.825326 0.070248 -0.560269 285.761 0.0643152 0.997469 0.0303232 -17.7463 0.560981 -0.0110073 -0.827755 327.225 
-0.845657 0.0659396 -0.529638 284.084 0.0620405 0.997756 0.0251618 -17.7072 0.530109 -0.0115807 -0.84785 324.491 
-0.865013 0.0646385 -0.497568 282.448 0.0644311 0.997767 0.0176064 -17.6904 0.497595 -0.0168291 -0.867246 321.676 
-0.875068 0.0676077 -0.479255 281.387 0.0672819 0.997574 0.0178765 -17.6893 0.479301 -0.0166021 -0.877493 319.751 
-0.88176 0.0720583 -0.466161 280.364 0.0712691 0.997269 0.0193479 -17.6807 0.466282 -0.0161627 -0.884488 317.781 
-0.884924 0.0682968 -0.460701 279.36 0.0664594 0.997584 0.0202307 -17.6661 0.460969 -0.0127153 -0.887325 315.782 
-0.885836 0.0648576 -0.459443 278.357 0.0631567 0.997821 0.0190879 -17.6573 0.45968 -0.0121081 -0.888002 313.776 
-0.887675 0.0649225 -0.455871 277.335 0.0641322 0.997793 0.0172212 -17.6656 0.455983 -0.0139492 -0.889879 311.752 
-0.890574 0.0689156 -0.449587 276.31 0.067243 0.997542 0.0197099 -17.6638 0.449841 -0.0126784 -0.893019 309.706 
-0.892532 0.0755391 -0.444613 275.293 0.0748746 0.99701 0.0190847 -17.658 0.444726 -0.0162565 -0.895519 307.621 
-0.894077 0.0771316 -0.441223 273.77 0.0779415 0.996824 0.0163205 -17.6644 0.441081 -0.0197978 -0.897249 304.452 
-0.893554 0.0891006 -0.440026 272.205 0.0861159 0.995925 0.02679 -17.6386 0.44062 -0.0139549 -0.897585 301.235 
-0.891583 0.0952409 -0.442728 270.616 0.0953523 0.995199 0.0220656 -17.6039 0.442704 -0.0225418 -0.896384 297.974 
-0.890168 0.0905317 -0.446548 269.551 0.0888793 0.995736 0.0246966 -17.5872 0.44688 -0.0177048 -0.894419 295.757 
-0.884418 0.0749169 -0.460644 267.907 0.0694976 0.997168 0.028742 -17.5426 0.461493 -0.00659374 -0.887119 292.411 
-0.873992 0.0643361 -0.481662 266.153 0.0603031 0.997895 0.0238678 -17.4984 0.482184 -0.00818548 -0.876032 289.061 
-0.860685 0.0759103 -0.503447 264.271 0.0700485 0.997075 0.0305862 -17.4458 0.504296 -0.00894063 -0.863484 285.731 
-0.851149 0.0826656 -0.518375 262.949 0.0810636 0.996375 0.0257897 -17.4136 0.518628 -0.0200705 -0.854765 283.524 
-0.838795 0.088824 -0.537153 260.897 0.0832179 0.995926 0.0347376 -17.3735 0.53805 -0.015563 -0.842769 280.216 
-0.832263 0.100877 -0.545126 259.464 0.0937308 0.994754 0.0409799 -17.3096 0.5464 -0.0169891 -0.837352 278.04 
-0.828081 0.0965436 -0.552233 257.34 0.0929988 0.995068 0.0345088 -17.236 0.552841 -0.0227809 -0.832975 274.767 
-0.826161 0.0921871 -0.555841 255.158 0.0868277 0.99557 0.0360627 -17.1574 0.556703 -0.0184688 -0.830506 271.475 
-0.82587 0.0944201 -0.555898 253.68 0.0866302 0.995422 0.0403718 -17.1041 0.557165 -0.0148157 -0.830269 269.265 
-0.825981 0.0913192 -0.556252 252.218 0.0837004 0.99572 0.0391792 -17.042 0.557449 -0.0141972 -0.83009 267.043 
-0.825935 0.0878099 -0.556885 250.729 0.0787324 0.996081 0.0402918 -16.9918 0.55824 -0.0105664 -0.829612 264.798 
-0.823619 0.0904109 -0.559891 249.223 0.0792606 0.995873 0.0442179 -16.9294 0.561578 -0.00795861 -0.827386 262.534 
-0.821442 0.0909727 -0.562989 247.693 0.0807158 0.995803 0.0431404 -16.8637 0.564551 -0.0100048 -0.825338 260.271 
-0.820504 0.0882182 -0.564793 246.164 0.0773853 0.996067 0.0431597 -16.7957 0.566379 -0.00829401 -0.824103 258 
-0.820814 0.0898271 -0.564088 244.631 0.0781882 0.995931 0.0448222 -16.7208 0.565819 -0.00731436 -0.824497 255.738 
-0.82132 0.0905482 -0.563236 243.071 0.0807985 0.995834 0.0422728 -16.6408 0.564717 -0.0107891 -0.825214 253.451 
-0.821975 0.0887722 -0.562563 241.532 0.0789483 0.996001 0.0418153 -16.5624 0.564025 -0.0100423 -0.825697 251.16 
-0.822732 0.0864202 -0.561821 239.952 0.075532 0.996232 0.0426326 -16.4852 0.563388 -0.00736026 -0.826159 248.86 
-0.822479 0.0861988 -0.562227 238.395 0.0762944 0.996237 0.041129 -16.4152 0.563656 -0.00906698 -0.82596 246.514 
-0.82196 0.0851659 -0.563142 236.828 0.0757582 0.99632 0.0401005 -16.3436 0.564484 -0.00970159 -0.825387 244.139 
-0.821234 0.0869395 -0.563929 235.234 0.0769131 0.996171 0.0415708 -16.2771 0.565384 -0.00923421 -0.824776 241.749 
-0.819866 0.088207 -0.56572 233.639 0.0785721 0.996047 0.0414334 -16.212 0.567138 -0.01048 -0.823556 239.348 
-0.819129 0.0903381 -0.56645 231.996 0.0838591 0.99577 0.03754 -16.15 0.567446 -0.0167519 -0.82324 236.967 
-0.81812 0.0904785 -0.567884 230.36 0.083464 0.99577 0.0384096 -16.0825 0.568958 -0.0159742 -0.822212 234.562 
-0.815717 0.0876088 -0.571778 228.694 0.0779171 0.996097 0.0414646 -16.0194 0.573179 -0.0107278 -0.81936 232.15 
-0.812131 0.0857605 -0.577138 227.025 0.0745647 0.996284 0.0431188 -15.9517 0.578691 -0.00801603 -0.815507 229.719 
-0.809491 0.0825354 -0.581303 225.342 0.0727654 0.99654 0.0401632 -15.8911 0.582606 -0.00978696 -0.812696 227.313 
-0.807725 0.0820851 -0.583817 223.634 0.0720269 0.996581 0.0404691 -15.8232 0.585143 -0.00936256 -0.810876 224.911 
-0.806671 0.0875753 -0.584477 221.891 0.0755095 0.996127 0.04504 -15.7476 0.586158 -0.00780107 -0.81016 222.523 
-0.804887 0.0938096 -0.585967 219.299 0.0816089 0.995542 0.0472817 -15.6332 0.58779 -0.00976362 -0.808955 218.936 
-0.805021 0.0957088 -0.585475 217.569 0.0838217 0.99535 0.0474582 -15.5536 0.587295 -0.0108707 -0.8093 216.542 
-0.805626 0.0928182 -0.585108 215.85 0.0809437 0.995634 0.0464915 -15.4827 0.586868 -0.00990598 -0.809622 214.125 
-0.806236 0.0883996 -0.584953 214.175 0.0754661 0.996063 0.0465133 -15.4009 0.586762 -0.0066434 -0.809732 211.717 
-0.808226 0.0877116 -0.582304 212.483 0.0735086 0.996138 0.0480184 -15.3039 0.584266 -0.00399459 -0.811552 209.317 
-0.810762 0.0808474 -0.579766 210.803 0.0688637 0.996712 0.0426887 -15.2194 0.581311 -0.00531445 -0.813664 206.914 
-0.815449 0.0708255 -0.574479 208.289 0.0576202 0.997489 0.0411874 -15.1157 0.575954 0.000484656 -0.817482 203.305 
-0.818179 0.0722207 -0.570409 206.638 0.056822 0.99738 0.0447764 -15.0608 0.572149 0.00422337 -0.820139 200.873 
-0.821774 0.0767287 -0.564623 204.967 0.0618506 0.997049 0.0454728 -14.984 0.566446 0.00244611 -0.824095 198.463 
-0.825777 0.0804584 -0.558228 203.329 0.0667864 0.996758 0.0448687 -14.9078 0.560029 -0.00023054 -0.828473 196.051 
-0.832449 0.0837304 -0.547739 201.72 0.0704996 0.996488 0.0451839 -14.8382 0.549599 -0.00100211 -0.835428 193.615 
-0.840241 0.0761098 -0.536844 200.163 0.0651433 0.997098 0.0394021 -14.7763 0.538285 -0.00186453 -0.842761 191.153 
-0.851376 0.0702838 -0.519826 197.893 0.056999 0.997511 0.0415164 -14.6949 0.52145 0.00571652 -0.853263 187.405 
-0.858372 0.0714359 -0.50803 196.406 0.0589469 0.997433 0.0406554 -14.6304 0.509631 0.00495064 -0.860379 184.903 
-0.864113 0.0716542 -0.498171 194.969 0.0616538 0.997429 0.0365219 -14.5629 0.499507 0.000844881 -0.866309 182.383 
-0.868012 0.0737332 -0.491038 193.543 0.0622377 0.99727 0.0397299 -14.5139 0.492627 0.00392493 -0.870231 179.845 
-0.870452 0.0762261 -0.486316 192.114 0.0656132 0.997089 0.0388451 -14.4646 0.487861 0.00190401 -0.872919 177.344 
-0.87304 0.0721186 -0.482287 190.725 0.0630128 0.997396 0.035079 -14.4007 0.483561 0.000235134 -0.875311 174.814 
-0.876045 0.0712748 -0.476933 189.357 0.0608417 0.99745 0.0373071 -14.3566 0.478376 0.00366532 -0.878148 172.272 
-0.878501 0.0708484 -0.472458 188.016 0.0597444 0.997471 0.0384874 -14.3146 0.47399 0.0055845 -0.880513 169.721 
-0.880598 0.0737318 -0.468094 186.683 0.0634529 0.997272 0.0377152 -14.2583 0.469597 0.00351002 -0.882874 167.172 
-0.883037 0.0763733 -0.463048 185.323 0.0670981 0.997079 0.0364974 -14.2029 0.464483 0.00115889 -0.885581 164.616 
-0.885238 0.0708352 -0.459713 184.004 0.0616688 0.997485 0.0349466 -14.1569 0.461032 0.0025861 -0.88738 162.032 
-0.88637 0.0659239 -0.458259 182.706 0.053447 0.997763 0.0401576 -14.0958 0.459881 0.0111019 -0.887911 159.427 
-0.887419 0.0647091 -0.4564 181.388 0.0521568 0.997835 0.0400617 -14.03 0.458004 0.0117471 -0.888872 156.832 
-0.887798 0.0656243 -0.455531 180.09 0.0533826 0.997785 0.039703 -13.9708 0.457127 0.0109308 -0.889334 154.227 
-0.889043 0.0650839 -0.453174 178.772 0.0548923 0.997857 0.0356215 -13.9186 0.454521 0.0067933 -0.89071 151.643 
-0.890883 0.0623342 -0.449935 176.815 0.0519001 0.998021 0.0355028 -13.8416 0.451258 0.00827722 -0.892355 147.738 
-0.892928 0.0641908 -0.4456 175.506 0.0541617 0.997911 0.0352204 -13.787 0.44693 0.00731479 -0.894539 145.159 
-0.893983 0.0658042 -0.443242 174.231 0.056927 0.997822 0.0333206 -13.7359 0.444469 0.00455557 -0.895782 142.559 
-0.894142 0.0677963 -0.442621 172.967 0.0603675 0.997699 0.0308687 -13.7036 0.443695 0.000881092 -0.896178 139.945 
-0.892921 0.0671655 -0.445174 171.683 0.0597943 0.997742 0.0305998 -13.6692 0.446224 0.000704372 -0.894921 137.332 
-0.88931 0.064221 -0.452774 170.399 0.0552638 0.997926 0.0329992 -13.6355 0.453954 0.00432455 -0.891015 134.738 
-0.883713 0.0624018 -0.46385 169.097 0.0505047 0.997999 0.0380408 -13.5921 0.465296 0.0101905 -0.885097 132.167 
-0.876024 0.0604406 -0.478466 167.752 0.0463297 0.998074 0.0412533 -13.5326 0.480038 0.0139717 -0.877137 129.624 
-0.866575 0.0541612 -0.496098 166.373 0.0408823 0.998456 0.0375934 -13.4756 0.497369 0.0122959 -0.867452 127.116 
-0.856183 0.0507099 -0.514179 164.943 0.0360613 0.99861 0.0384388 -13.4289 0.515413 0.0143687 -0.856821 124.644 
-0.838891 0.053337 -0.54168 162.695 0.038128 0.998501 0.0392701 -13.3431 0.542962 0.0122902 -0.839667 120.995 
-0.826284 0.0559613 -0.560467 161.11 0.0408521 0.998386 0.0394591 -13.2934 0.56177 0.0097082 -0.827236 118.617 
-0.812558 0.0638935 -0.579368 159.452 0.0491859 0.997945 0.041072 -13.2521 0.580801 0.00487665 -0.814031 116.296 
-0.790107 0.072156 -0.608708 156.91 0.055318 0.997389 0.046427 -13.1505 0.610468 0.0030098 -0.792035 112.833 
-0.777633 0.0726819 -0.624503 155.139 0.0594302 0.997345 0.042072 -13.0818 0.625904 -0.00439778 -0.779888 110.597 
-0.768201 0.075496 -0.635742 153.343 0.0649842 0.997089 0.039883 -13.0183 0.636902 -0.010675 -0.770871 108.403 
-0.759228 0.0832682 -0.645476 151.555 0.0732173 0.996413 0.0424198 -12.9518 0.646693 -0.0150537 -0.762602 106.186 
-0.748987 0.0830154 -0.657363 149.73 0.0740105 0.996393 0.0415038 -12.8899 0.658438 -0.017566 -0.75243 104.006 
-0.741892 0.0809708 -0.665612 147.854 0.0714057 0.996578 0.0416433 -12.8264 0.666706 -0.0166336 -0.745135 101.854 
-0.735762 0.08432 -0.67197 145.939 0.0706154 0.996362 0.0477061 -12.7563 0.673548 -0.0123511 -0.73904 99.7248 
-0.730628 0.0786315 -0.678233 144.028 0.0660125 0.996828 0.0444559 -12.6708 0.679577 -0.0122911 -0.733501 97.5942 
-0.723804 0.0808422 -0.685254 142.075 0.063358 0.996704 0.050663 -12.5912 0.687091 -0.00674627 -0.72654 95.4914 
-0.7127 0.0792066 -0.696983 140.078 0.0633557 0.996812 0.0484954 -12.4926 0.698602 -0.00959513 -0.715446 93.4162 
-0.701262 0.0781484 -0.708608 138.067 0.0648605 0.996845 0.0457485 -12.412 0.709947 -0.013879 -0.704118 91.3805 
-0.695643 0.079411 -0.713985 135.995 0.0657577 0.996738 0.046791 -12.3332 0.715372 -0.0144002 -0.698595 89.3726 
-0.691858 0.0791773 -0.717679 133.952 0.0620573 0.996812 0.0501478 -12.2465 0.719362 -0.00984207 -0.694566 87.3437 
-0.69371 0.0814295 -0.715637 131.851 0.063296 0.996637 0.0520468 -12.1539 0.717468 -0.00919162 -0.696531 85.3172 
-0.696801 0.080142 -0.712773 129.791 0.0611664 0.996758 0.0522766 -12.0558 0.714652 -0.00717141 -0.699444 83.2782 
-0.697822 0.077114 -0.712108 127.993 0.0646113 0.996912 0.0446403 -12.0651 0.713352 -0.0148593 -0.700649 81.3084 
-0.699425 0.0803532 -0.710174 125.899 0.0696446 0.996594 0.0441698 -11.9947 0.711304 -0.0185663 -0.702639 79.268 
-0.699422 0.0866463 -0.709438 123.824 0.0743996 0.996058 0.048303 -11.9198 0.710826 -0.0189977 -0.703111 77.1938 
-0.699269 0.0840721 -0.709897 121.763 0.0731824 0.996262 0.0458991 -11.8307 0.711102 -0.0198561 -0.702808 75.1207 
-0.698373 0.0813411 -0.711097 119.693 0.070148 0.996517 0.0450969 -11.7546 0.712288 -0.0183876 -0.701646 73.049 
-0.697215 0.0830695 -0.712033 117.609 0.0695557 0.996416 0.0481389 -11.6731 0.71348 -0.0159629 -0.700494 70.9824 
-0.694542 0.0830796 -0.714639 115.536 0.0685443 0.996433 0.0492225 -11.5959 0.71618 -0.0147974 -0.697759 68.8982 
-0.689951 0.0817695 -0.719223 113.432 0.0682142 0.996522 0.0478581 -11.5106 0.720635 -0.0160415 -0.693129 66.8332 
-0.686022 0.0832789 -0.722799 111.303 0.067375 0.996431 0.0508591 -11.4217 0.724454 -0.0138081 -0.689185 64.7828 
-0.682662 0.0837886 -0.725915 109.169 0.0657663 0.996418 0.0531638 -11.3255 0.727769 -0.0114478 -0.685727 62.7394 
-0.679435 0.085171 -0.728776 106.998 0.0664741 0.996301 0.0544626 -11.2306 0.730719 -0.0114409 -0.682583 60.695 
-0.677519 0.08465 -0.730618 104.802 0.0682935 0.996304 0.0521025 -11.1295 0.732328 -0.014596 -0.680796 58.6505 
-0.677224 0.085509 -0.730791 102.608 0.0665138 0.996272 0.0549342 -11.0266 0.732764 -0.0114049 -0.680387 56.6155 
-0.676628 0.0809897 -0.731858 100.425 0.0589227 0.996701 0.055822 -10.924 0.733964 -0.0053523 -0.679167 54.5643 
-0.675509 0.0844184 -0.732504 98.2114 0.0606664 0.99642 0.0588877 -10.8095 0.734852 -0.00465921 -0.678211 52.4991 
-0.67621 0.0769822 -0.732676 96.0431 0.06396 0.996905 0.0457141 -10.7065 0.733927 -0.0159496 -0.679041 50.4638 
-0.676693 0.0773999 -0.732186 93.8698 0.0592595 0.996958 0.050621 -10.6153 0.733877 -0.00913414 -0.679221 48.4076 
-0.676851 0.0804619 -0.731709 91.6966 0.0626746 0.996698 0.0516255 -10.5119 0.733447 -0.0109168 -0.679659 46.3576 
-0.676464 0.0829483 -0.73179 89.5143 0.0666181 0.996455 0.0513666 -10.4127 0.733457 -0.0140028 -0.679592 44.3178 
-0.676076 0.0845904 -0.73196 87.3041 0.0697631 0.996274 0.0506996 -10.3303 0.733521 -0.016787 -0.679459 42.2551 
-0.676733 0.0839998 -0.731421 85.1222 0.0678791 0.996357 0.0516224 -10.2365 0.733093 -0.0147137 -0.679969 40.1934 
-0.677867 0.0812784 -0.730678 82.9681 0.0633185 0.996631 0.0521202 -10.1604 0.732453 -0.0109348 -0.68073 38.1474 
-0.678741 0.0804319 -0.729959 80.798 0.0592392 0.996742 0.0547452 -10.0646 0.731984 -0.0060844 -0.681294 36.1003 
-0.680246 0.0804223 -0.728558 78.6265 0.0613477 0.996722 0.0527441 -9.96077 0.730412 -0.00881641 -0.68295 34.0594 
-0.681457 0.0772659 -0.727768 76.4612 0.0600912 0.996961 0.0495782 -9.87549 0.729387 -0.00994707 -0.684029 32.0067 
-0.681517 0.0755239 -0.727895 74.3046 0.0562693 0.997124 0.0507741 -9.80513 0.729636 -0.00635468 -0.683807 29.9495 
-0.682749 0.0756086 -0.726731 72.1524 0.054714 0.997129 0.052338 -9.71341 0.728602 -0.00402866 -0.684926 27.9044 
-0.683242 0.0751926 -0.726311 70.0129 0.0534643 0.997165 0.0529394 -9.62727 0.728232 -0.00266128 -0.685325 25.8213 
-0.68385 0.0667372 -0.726564 67.8692 0.0461955 0.99777 0.0481686 -9.5228 0.728159 -0.000623895 -0.685408 23.7351 
-0.683873 0.0703914 -0.726198 65.7215 0.0451802 0.997511 0.0541432 -9.42813 0.728201 0.00421726 -0.685351 21.6809 
-0.685673 0.0684912 -0.72468 62.483 0.0453762 0.997649 0.0513564 -9.27811 0.726494 0.00233051 -0.687169 18.6068 
-0.68594 0.0673493 -0.724534 60.322 0.0438988 0.997724 0.0511834 -9.19274 0.726332 0.00330255 -0.687336 16.5302 
-0.68584 0.0659276 -0.72476 58.1785 0.0449672 0.997824 0.0482143 -9.1141 0.726362 0.000476834 -0.687312 14.4243 
-0.686383 0.0667026 -0.724175 56.017 0.0438385 0.997769 0.0503522 -9.0233 0.725918 0.00281412 -0.687776 12.3351 
-0.687993 0.0660006 -0.722709 53.8711 0.043554 0.997816 0.0496626 -8.93816 0.724409 0.00269061 -0.689365 10.2818 
-0.673576 0.0577257 -0.73686 52.0262 0.0364224 0.998327 0.0449148 -8.89838 0.73822 0.00341532 -0.674551 7.927 
-0.673072 0.0527792 -0.737691 49.8596 0.0309331 0.998587 0.0432219 -8.83507 0.73893 0.00627237 -0.673753 5.87327 
-0.673694 0.0517636 -0.737195 47.6842 0.031217 0.998647 0.0415938 -8.77224 0.738351 0.00500846 -0.674398 3.846 
-0.673876 0.0495899 -0.737179 45.5548 0.0330328 0.998769 0.0369908 -8.69822 0.738106 0.000576182 -0.674685 1.78 
-0.676456 0.0503504 -0.73476 43.3402 0.0367073 0.998725 0.0346444 -8.64914 0.735568 -0.00353567 -0.677442 -0.136915 
-0.676104 0.0394539 -0.735749 41.2175 0.028465 0.999219 0.0274248 -8.61652 0.736256 -0.00240114 -0.676698 -2.16228 
-0.677615 0.034281 -0.734617 39.0478 0.0229108 0.999412 0.0255046 -8.59566 0.73506 0.000451628 -0.678002 -4.14562 
-0.67943 0.0368316 -0.732816 36.8623 0.0227889 0.999317 0.0290973 -8.58661 0.733387 0.0030695 -0.679805 -6.15205 
-0.683698 0.0353025 -0.728911 34.7309 0.0263497 0.999372 0.0236862 -8.5808 0.729289 -0.00301242 -0.684199 -8.11706 
-0.686883 0.0386261 -0.725741 32.6807 0.0374641 0.999141 0.0177192 -8.57625 0.725802 -0.0150182 -0.68774 -10.081 
-0.691759 0.0507014 -0.720347 30.6678 0.049149 0.998525 0.0230824 -8.57584 0.720454 -0.0194369 -0.69323 -12.0159 
-0.69673 0.0492594 -0.71564 28.7366 0.0436069 0.998703 0.0262888 -8.57061 0.716007 -0.0128907 -0.697974 -13.9226 
-0.70244 0.0459834 -0.710256 26.8442 0.0446554 0.998792 0.0204998 -8.57495 0.710341 -0.0173169 -0.703644 -15.7765 
-0.705933 0.0454209 -0.70682 25.0346 0.0504237 0.998632 0.0138126 -8.58923 0.706481 -0.0258898 -0.707258 -17.5991 
-0.709343 0.0364572 -0.70392 23.2854 0.0382075 0.999182 0.0132475 -8.61844 0.703827 -0.017498 -0.710156 -19.398 
-0.711895 0.0258582 -0.70181 21.6093 0.0232215 0.999642 0.0132766 -8.64674 0.701902 -0.00684558 -0.712241 -21.1349 
-0.713386 0.0185671 -0.700525 20.0332 0.00867119 0.999806 0.017669 -8.67691 0.700718 0.00653044 -0.713409 -22.8407 
-0.713734 -0.00119937 -0.700416 18.5406 -0.010616 0.999902 0.00910565 -8.69955 0.700336 0.0139346 -0.713677 -24.4301 
-0.701128 -0.0178914 -0.712811 16.4344 -0.0426576 0.998947 0.0168851 -8.74492 0.711758 0.0422454 -0.701153 -26.657 
-0.683797 -0.0323147 -0.728957 15.1116 -0.0601989 0.998112 0.0122232 -8.75834 0.727185 0.0522406 -0.684451 -27.9601 
-0.658278 -0.0431756 -0.751536 13.8601 -0.0746281 0.997179 0.00807972 -8.79368 0.749067 0.0614044 -0.659643 -29.1618 
-0.61959 -0.0536354 -0.783091 12.6697 -0.0894024 0.995992 0.00251865 -8.79587 0.779818 0.0715708 -0.621902 -30.2368 
-0.535463 -0.0510326 -0.843015 10.8647 -0.0948288 0.995494 -2.99502e-05 -8.85542 0.839218 0.0799261 -0.53789 -31.4995 
-0.430298 -0.0492261 -0.901344 9.11963 -0.0945892 0.995474 -0.00921041 -8.93995 0.897718 0.0812942 -0.433006 -32.3715 
-0.264941 -0.0211136 -0.964034 6.82792 -0.074117 0.997248 -0.00147189 -9.00593 0.961412 0.0710613 -0.265776 -32.9824 
-0.0361919 0.0185401 -0.999173 4.60554 -0.0624438 0.997832 0.020777 -9.06466 0.997392 0.0631441 -0.0349557 -33.158 
0.14084 0.0304652 -0.989564 3.02864 -0.0661683 0.997581 0.0212946 -9.07913 0.987819 0.0624786 0.142515 -33.0005 
0.361383 0.03332 -0.931822 1.10465 -0.0682597 0.997625 0.0092003 -9.09071 0.929916 0.0602811 0.362799 -32.334 
0.557336 0.0379904 -0.829418 -0.612204 -0.0726584 0.997352 -0.00314109 -9.1073 0.827102 0.0620148 0.55862 -31.1937 
0.725379 0.0525115 -0.686344 -2.16824 -0.0739539 0.99726 -0.00186065 -9.15231 0.684365 0.0521075 0.727275 -29.6861 
0.823193 0.0508883 -0.565476 -3.14771 -0.0709576 0.997387 -0.0135399 -9.18781 0.56331 0.0512708 0.824654 -28.3004 
0.897237 0.0453318 -0.439216 -3.95084 -0.0604802 0.997958 -0.0205499 -9.23662 0.437388 0.045002 0.898146 -26.7134 
0.946608 0.0430534 -0.319499 -4.604 -0.0537554 0.998247 -0.0247492 -9.3035 0.317873 0.0406026 0.947263 -24.9578 
0.973284 0.0336389 -0.227128 -5.0632 -0.0427121 0.998469 -0.0351505 -9.38415 0.225597 0.0439125 0.97323 -23.0249 
0.986375 0.0280093 -0.162112 -5.42273 -0.0354031 0.998452 -0.0429008 -9.47338 0.160659 0.0480555 0.985839 -20.9864 
0.991868 0.0208543 -0.125553 -5.69485 -0.0261019 0.998847 -0.0402966 -9.58327 0.124568 0.0432461 0.991268 -18.8238 
0.993495 0.0124344 -0.113191 -5.91539 -0.0162467 0.999329 -0.0328195 -9.68527 0.112707 0.034445 0.993031 -16.56 
0.993836 0.00890087 -0.110503 -6.16621 -0.0126446 0.999368 -0.033224 -9.77339 0.110138 0.0344165 0.99332 -14.2375 
0.994333 0.00766897 -0.106033 -6.44042 -0.0108753 0.9995 -0.0296941 -9.87224 0.105752 0.030679 0.993919 -11.8133 
0.994715 0.00119883 -0.102667 -6.67788 -0.0039682 0.999634 -0.0267744 -9.95485 0.102597 0.0270403 0.994355 -9.28657 
0.99506 -0.00569333 -0.0991146 -6.90841 0.00354129 0.999754 -0.0218751 -10.0141 0.0992148 0.0214161 0.994836 -6.72455 
0.995147 -0.0158063 -0.0971174 -7.11569 0.0141038 0.999735 -0.0181916 -10.089 0.0973792 0.0167336 0.995107 -4.19709 
0.995154 -0.0193158 -0.0964125 -7.35389 0.018457 0.999782 -0.00979193 -10.174 0.0965806 0.00796499 0.995293 -1.75018 
0.99497 -0.0163317 -0.0988304 -7.64652 0.0149196 0.999776 -0.01501 -10.2745 0.0990534 0.01346 0.994991 0.598818 
0.994075 -0.010244 -0.108214 -7.8881 0.00953189 0.999929 -0.00709572 -10.3466 0.108279 0.0060222 0.994102 2.88174 
0.993221 -0.00353798 -0.116191 -8.21486 0.00314904 0.999989 -0.00353087 -10.4178 0.116202 0.00314105 0.993221 5.07333 
0.991384 -0.000343287 -0.130988 -8.55333 0.00141853 0.999966 0.00811545 -10.4498 0.130981 -0.00823134 0.991351 7.20998 
0.987585 -0.00230536 -0.157069 -8.90461 0.00213005 0.999997 -0.0012844 -10.4661 0.157072 0.000933891 0.987587 9.29082 
0.981751 -0.00613926 -0.190071 -9.31509 0.00621651 0.999981 -0.000189807 -10.4962 0.190068 -0.000995234 0.98177 11.3899 
0.977178 -0.00683179 -0.212311 -9.61637 0.00782622 0.999962 0.0038438 -10.52 0.212276 -0.00541767 0.977195 12.8039 
0.97219 -0.00556269 -0.234127 -9.97886 0.0051005 0.999984 -0.00257957 -10.5375 0.234138 0.00131367 0.972203 14.198 
