0.000000 0.000000 0.000000 0.000000
-0.071303 3.630710 -0.090695 3.477410
-0.941959 8.041590 -0.990980 7.872510
-2.073220 12.411100 -2.252900 12.434700
-3.471580 16.794900 -3.731860 16.790600
-5.895730 23.141200 -7.368320 24.121600
-8.757080 29.261400 -10.352200 30.380800
-11.354100 34.152100 -12.846900 35.281800
-14.808000 40.343100 -16.218100 41.397200
-18.046700 45.856900 -19.412300 46.938600
-21.675100 51.158100 -22.937400 52.293900
-25.494800 56.313400 -26.685700 57.501700
-29.541200 61.360900 -30.577600 62.689500
-35.452600 67.891000 -36.326300 69.370800
-41.192800 73.405700 -42.151900 75.196700
-46.432300 78.051300 -47.217500 80.035800
-52.895700 83.396600 -53.493200 85.529100
-62.021900 89.683800 -62.527800 91.986400
-73.130600 95.728300 -73.486900 98.404300
-83.280100 100.563000 -83.239600 103.641000
-94.882400 105.733000 -94.694400 109.104000
-103.560000 110.480000 -103.189000 114.193000
-108.816000 114.087000 -108.211000 117.939000
-113.542000 117.859000 -112.665000 122.019000
-117.790000 121.689000 -116.606000 126.165000
-122.023000 126.144000 -120.394000 130.953000
-127.751000 134.424000 -125.633000 139.486000
-133.832000 146.748000 -131.033000 152.069000
-136.447000 154.717000 -133.280000 160.111000
-137.716000 163.797000 -134.286000 169.150000
-137.488000 173.740000 -133.608000 178.917000
-135.291000 185.551000 -130.471000 190.458000
-131.035000 197.647000 -126.037000 202.394000
-124.994000 207.898000 -119.788000 212.389000
-117.911000 215.820000 -112.332000 219.767000
-110.946000 221.745000 -105.272000 225.402000
-103.583000 226.502000 -97.732200 229.690000
-96.025700 229.936000 -90.098100 232.690000
-88.577500 232.223000 -82.646500 234.579000
-81.317100 233.532000 -75.414700 235.475000
-71.023400 234.086000 -65.211900 235.456000
-62.612500 234.073000 -56.902800 234.954000
-55.612600 234.183000 -49.976900 234.701000
-47.828700 234.685000 -42.260400 234.763000
-40.226600 235.615000 -34.702600 235.286000
-32.811200 236.971000 -27.341200 236.153000
-27.120500 238.152000 -21.685000 237.063000
-21.362900 239.490000 -15.949400 238.158000
-12.944200 242.152000 -7.533000 240.422000
-4.863900 245.543000 0.597212 243.333000
2.670980 249.481000 8.233790 246.880000
9.801620 254.032000 15.555300 250.961000
14.548400 257.244000 20.449400 253.826000
19.369200 260.486000 25.406200 256.781000
24.284100 263.758000 30.419100 259.792000
29.936300 267.632000 36.198600 263.402000
34.606200 271.144000 40.982600 266.674000
39.097100 274.998000 45.625300 270.326000
43.439300 279.297000 50.138300 274.400000
47.514200 284.071000 54.436400 278.950000
51.294100 289.274000 58.423300 283.981000
54.875200 294.810000 62.274800 289.322000
58.445500 300.513000 66.117400 294.841000
62.043900 306.331000 69.959500 300.483000
65.349900 312.312000 73.591900 306.265000
68.116100 318.458000 76.659300 312.266000
70.444300 324.702000 79.300000 318.384000
72.907300 332.015000 82.083700 325.568000
75.041700 339.278000 84.616200 332.707000
76.940600 345.020000 86.784900 338.347000
78.217100 348.599000 88.247800 341.849000
79.571700 353.078000 89.858500 346.228000
80.487300 358.514000 91.039600 351.612000
80.422400 364.022000 91.272400 357.109000
79.552900 370.624000 90.799700 363.749000
78.609400 378.714000 90.277300 371.868000
77.724300 386.332000 89.795400 379.519000
76.785700 392.998000 89.214600 386.218000
75.453100 399.564000 88.231700 392.837000
73.880600 405.960000 86.907100 399.286000
72.077000 412.325000 85.408600 405.726000
70.199500 418.733000 83.801700 412.204000
68.236100 425.167000 82.110500 418.715000
66.313200 431.553000 80.446300 425.166000
63.634900 440.951000 78.174400 434.635000
61.405500 448.987000 76.276200 442.765000
58.959400 457.599000 74.164600 451.467000
57.054700 464.035000 72.610000 458.000000
55.443100 469.359000 71.254200 463.364000
53.256700 476.667000 69.441900 470.779000
51.579400 482.808000 68.070400 477.000000
50.856100 487.456000 67.565700 481.683000
50.895800 492.187000 67.863900 486.413000
51.690200 496.954000 68.944200 491.130000
53.115000 501.727000 70.635900 495.826000
55.128500 506.441000 72.846400 500.452000
58.703600 512.434000 76.758000 506.283000
63.410000 517.523000 81.730900 511.177000
68.226700 521.333000 86.668300 514.809000
75.402600 525.153000 94.027800 518.259000
82.715400 527.212000 101.439000 519.964000
88.644300 527.749000 107.403000 520.229000
94.811800 527.412000 113.562000 519.656000
101.063000 526.158000 119.763000 518.095000
110.385000 522.744000 128.988000 514.447000
119.739000 518.237000 138.177000 509.580000
127.260000 514.516000 145.536000 505.615000
133.900000 511.172000 152.077000 502.071000
140.757000 507.730000 158.802000 498.366000
149.083000 503.550000 166.952000 493.811000
157.696000 499.214000 175.370000 489.059000
167.729000 494.140000 185.188000 483.528000
175.255000 490.315000 192.583000 479.393000
182.791000 486.582000 199.981000 475.361000
190.260000 482.920000 207.310000 471.407000
197.613000 479.239000 214.501000 467.403000
208.185000 473.649000 224.838000 461.376000
216.564000 469.050000 233.007000 456.418000
222.267000 466.158000 238.624000 453.359000
227.947000 463.994000 244.210000 450.932000
233.802000 462.551000 250.020000 449.275000
239.802000 461.909000 255.984000 448.333000
246.015000 462.301000 262.232000 448.453000
255.284000 464.992000 271.676000 450.584000
262.167000 468.728000 278.782000 453.909000
270.327000 475.066000 287.311000 459.822000
276.385000 480.591000 293.700000 465.000000
281.391000 485.347000 298.954000 469.524000
286.166000 489.760000 303.946000 473.709000
290.753000 493.425000 308.707000 477.113000
295.756000 496.606000 313.860000 480.014000
302.158000 498.680000 320.354000 481.591000
310.083000 497.866000 328.248000 480.447000
316.287000 495.404000 334.417000 477.872000
321.170000 491.942000 339.139000 474.056000
326.541000 482.161000 344.204000 464.063000
327.083000 474.331000 344.405000 456.260000
325.253000 465.771000 342.152000 447.804000
322.428000 456.222000 338.923000 438.410000
320.102000 448.673000 336.305000 431.121000
316.159000 436.053000 331.726000 418.719000
313.546000 424.189000 328.172000 407.119000
312.865000 415.180000 327.165000 398.162000
312.938000 410.161000 327.024000 393.163000
313.520000 403.163000 327.396000 386.138000
314.583000 396.281000 328.137000 379.222000
315.779000 390.542000 329.059000 373.478000
317.106000 385.095000 330.300000 368.000000
318.502000 380.353000 331.591000 363.248000
319.890000 375.630000 332.962000 358.576000
320.698000 370.459000 333.685000 353.379000
319.295000 364.228000 332.398000 347.102000
316.188000 359.728000 329.202000 342.657000
311.803000 355.326000 324.609000 338.470000
307.282000 351.031000 319.947000 334.410000
301.671000 345.531000 314.194000 329.118000
297.312000 341.064000 309.677000 324.823000
291.614000 334.765000 303.804000 318.756000
287.171000 328.759000 298.990000 313.132000
283.831000 323.246000 295.329000 307.851000
280.262000 316.387000 291.426000 301.180000
276.767000 309.235000 287.572000 294.208000
273.733000 302.874000 284.212000 288.025000
270.558000 296.319000 280.699000 281.688000
267.209000 289.597000 276.954000 275.190000
263.426000 282.914000 272.791000 268.758000
258.620000 275.176000 267.504000 261.368000
254.344000 268.488000 262.804000 254.988000
249.194000 260.542000 257.151000 247.444000
243.945000 252.494000 251.379000 239.802000
238.557000 244.277000 245.501000 231.988000
232.955000 235.883000 239.424000 223.949000
228.011000 228.600000 234.107000 216.946000
222.973000 221.322000 228.645000 210.016000
217.915000 214.053000 223.181000 203.071000
212.944000 206.787000 217.742000 196.195000
208.091000 199.449000 212.478000 189.184000
202.671000 190.802000 206.505000 180.934000
198.335000 183.227000 201.695000 173.680000
194.226000 175.567000 197.157000 166.265000
190.982000 169.115000 193.456000 160.070000
187.197000 161.312000 189.128000 152.576000
183.475000 153.423000 184.884000 144.984000
179.791000 145.532000 180.659000 137.391000
176.191000 137.609000 176.571000 129.723000
173.137000 131.052000 173.019000 123.487000
169.204000 123.404000 168.580000 116.152000
164.779000 116.076000 163.613000 109.190000
158.986000 107.936000 157.199000 101.561000
152.774000 100.171000 150.449000 94.278100
147.172000 93.652900 144.370000 88.220800
141.308000 87.358200 138.095000 82.371700
135.310000 81.084900 131.641000 76.613300
127.250000 72.625700 122.977000 68.885100
121.153000 66.269400 116.444000 63.009500
114.964000 59.930700 109.858000 57.147500
106.495000 51.468900 100.843000 49.364600
100.126000 45.132500 94.032500 43.526800
93.739300 38.803800 87.190200 37.715300
84.260000 29.295900 77.083800 29.019800
75.922400 20.839200 68.113700 21.318200
69.680600 14.465400 61.440800 15.431700
62.314300 7.007370 53.567100 8.579170
55.056000 -0.486019 45.846900 1.634720
47.942500 -7.950470 38.149900 -5.215080
40.929300 -15.293700 30.607300 -11.996400
35.418800 -21.291600 24.656200 -17.534200
30.511600 -26.943000 19.232400 -22.680900
20.303300 -37.820900 8.207210 -32.735100
9.789700 -38.629800 -2.427360 -33.198100
5.946330 -34.788200 -5.852580 -28.954500
3.805570 -28.750900 -7.328530 -22.707200
2.703840 -22.138800 -7.817440 -16.035000
1.651780 -14.733100 -8.194600 -8.641640
0.572467 -6.591430 -8.471680 -0.376663
-0.652500 -0.027238 -8.573930 6.249970
-1.890710 4.783150 -9.282620 11.169900
