0.000000 0.000000 0.000000 0.000000
0.069768 1.824330 0.041739 1.824950
-0.030863 3.247150 0.014098 3.246980
-0.355562 5.248720 -0.401655 5.225780
-0.941959 8.041590 -1.083150 7.996460
-1.461510 10.149000 -1.695070 10.088700
-2.247330 13.001300 -2.471530 12.925100
-3.024730 15.477100 -3.387340 15.348200
-4.466630 19.497500 -4.830810 19.341400
-5.895730 23.141200 -6.137620 22.982100
-7.606330 26.914400 -7.880900 26.730600
-9.164410 30.059700 -9.499260 29.817200
-10.895000 33.317000 -11.232900 33.049700
-13.288300 37.616200 -13.756200 37.268100
-15.334600 41.265200 -15.885900 40.864400
-18.046700 45.856900 -18.708900 45.375900
-20.433800 49.433400 -21.132400 48.923400
-22.925300 52.873900 -23.628000 52.358600
-24.845700 55.456700 -25.545600 54.939100
-26.809000 58.015100 -27.503200 57.495600
-28.845000 60.531100 -29.543500 60.002700
-31.678300 63.840500 -32.423200 63.274000
-34.673700 67.094500 -35.457300 66.490600
-37.875200 70.262000 -38.647400 69.660500
-41.192800 73.405700 -42.007600 72.748000
-45.538300 77.277800 -46.353000 76.625000
-48.239000 79.596200 -49.047900 78.946200
-51.001600 81.890600 -51.822300 81.222200
-55.841600 85.577300 -56.697300 84.818700
-62.021900 89.683800 -62.888100 88.878600
-68.606500 93.408300 -69.572300 92.410000
-74.262500 96.288100 -75.146500 95.313800
-77.676100 97.939700 -78.579500 96.911400
-81.063100 99.532900 -82.012500 98.397100
-86.546800 102.033000 -87.500200 100.853000
-92.850300 104.784000 -93.788900 103.623000
-98.842900 107.719000 -99.820800 106.460000
-104.475000 111.065000 -105.495000 109.710000
-109.641000 114.711000 -109.898000 112.603000
-113.542000 117.859000 -105.957000 109.491000
-117.790000 121.689000 -101.743000 105.605000
-120.305000 124.211000 -99.243600 103.037000
-123.611000 128.115000 -95.936700 99.154600
-127.326000 133.694000 -92.120500 93.635400
-130.625000 139.817000 -88.804600 87.532900
-134.589000 148.626000 -84.780400 78.773300
-136.447000 154.717000 -82.745600 72.800800
-137.536000 161.425000 -81.381700 66.193600
-137.798000 168.692000 -80.872600 59.013300
-137.176000 176.307000 -81.452600 51.442700
-135.639000 184.219000 -82.801900 43.548600
-133.204000 192.272000 -85.038700 35.452300
-129.756000 200.306000 -88.326800 27.422700
-124.994000 207.898000 -93.004100 19.844500
-119.004000 214.748000 -98.747600 12.778600
-113.327000 219.882000 -104.320000 7.549110
-106.071000 225.055000 -111.330000 2.021090
-98.549100 228.935000 -118.658000 -2.194590
-91.040100 231.573000 -125.988000 -5.165650
-83.712800 233.199000 -133.159000 -7.213550
-76.597100 233.929000 -140.192000 -8.293780
-69.951200 234.094000 -146.763000 -8.758650
-64.658800 234.077000 -152.013000 -9.016670
-58.589600 234.109000 -158.027000 -9.382620
-55.612600 234.183000 -160.977000 -9.622320
-51.691800 234.381000 -164.853000 -9.993760
-45.914700 234.881000 -170.564000 -10.746200
-40.226600 235.615000 -176.178000 -11.753300
-34.671800 236.603000 -181.647000 -13.025000
-29.030000 237.739000 -187.196000 -14.476300
-24.247700 238.792000 -191.900000 -15.803200
-21.362900 239.490000 -194.729000 -16.673800
-16.651000 240.855000 -199.364000 -18.235100
-11.112300 242.853000 -204.770000 -20.536200
-5.736690 245.139000 -210.027000 -23.062900
-0.608991 247.661000 -215.041000 -25.796500
4.271920 250.429000 -219.811000 -28.741800
9.016960 253.495000 -224.478000 -31.922600
12.953300 256.177000 -228.401000 -34.634200
16.149200 258.322000 -231.566000 -36.835300
21.008700 261.577000 -236.290000 -40.292000
25.909600 264.854000 -241.099000 -43.703400
30.721900 268.202000 -245.754000 -47.262300
34.606200 271.144000 -249.526000 -50.364300
36.885200 273.027000 -251.732000 -52.331000
40.562700 276.384000 -255.268000 -55.809300
43.439300 279.297000 -258.070000 -58.792000
45.513200 281.622000 -260.043000 -61.194400
48.800900 285.763000 -263.224000 -65.405300
50.678100 288.383000 -265.017000 -68.072700
53.101300 292.012000 -267.330000 -71.761000
55.462600 295.748000 -269.637000 -75.515900
58.445500 300.513000 -272.481000 -80.334900
61.454600 305.353000 -275.395000 -85.217900
63.761200 309.296000 -277.578000 -89.216100
65.849600 313.328000 -279.583000 -93.275700
67.261700 316.393000 -280.925000 -96.360700
68.519000 319.497000 -282.116000 -99.475300
70.444300 324.702000 -283.973000 -104.678000
71.544500 327.823000 -285.032000 -107.801000
73.225400 333.066000 -286.657000 -113.049000
74.456800 337.228000 -287.843000 -117.203000
76.286700 343.179000 -289.605000 -123.141000
77.588000 346.811000 -290.873000 -126.762000
79.076500 351.282000 -292.255000 -131.248000
80.146800 355.783000 -293.317000 -135.724000
80.544200 359.423000 -293.704000 -139.339000
80.422400 364.022000 -293.571000 -143.899000
80.077900 366.824000 -293.196000 -146.672000
79.305700 372.585000 -292.398000 -152.385000
78.730700 377.661000 -291.746000 -157.422000
78.236900 381.936000 -291.202000 -161.662000
77.453700 388.562000 -290.343000 -168.245000
76.381300 395.209000 -289.223000 -174.846000
75.453100 399.564000 -288.274000 -179.174000
74.687800 402.778000 -287.445000 -182.355000
73.880600 405.960000 -286.628000 -185.521000
72.386900 411.261000 -285.071000 -190.780000
70.831100 416.589000 -283.443000 -196.058000
69.555400 420.879000 -282.094000 -200.294000
67.582800 427.297000 -280.047000 -206.647000
66.313200 431.553000 -278.698000 -210.847000
64.501700 437.857000 -276.769000 -217.063000
62.789500 444.006000 -274.968000 -223.132000
61.405500 448.987000 -273.502000 -228.043000
59.773600 454.771000 -271.735000 -233.727000
58.411200 459.454000 -270.302000 -238.347000
57.595200 462.219000 -269.454000 -241.070000
56.784700 464.940000 -268.643000 -243.753000
55.975200 467.616000 -267.819000 -246.390000
55.190200 470.219000 -267.037000 -248.960000
54.196100 473.540000 -265.948000 -252.202000
52.805500 478.200000 -264.479000 -256.788000
51.579400 482.808000 -263.208000 -261.334000
50.923700 486.686000 -262.539000 -265.168000
50.782700 489.815000 -262.467000 -268.271000
50.895800 492.187000 -262.588000 -270.615000
51.200300 494.567000 -262.847000 -272.971000
51.690200 496.954000 -263.328000 -275.332000
52.837100 500.930000 -264.429000 -279.280000
54.397000 504.885000 -265.993000 -283.187000
55.518600 507.215000 -267.094000 -285.503000
57.220900 510.261000 -268.808000 -288.524000
60.356900 514.474000 -271.941000 -292.703000
63.410000 517.523000 -274.994000 -295.726000
66.081300 519.763000 -277.664000 -297.958000
69.720600 522.307000 -281.294000 -300.514000
74.549300 524.809000 -286.131000 -303.008000
79.882000 526.633000 -291.465000 -304.836000
85.640800 527.586000 -297.211000 -305.799000
89.664700 527.759000 -301.241000 -306.033000
92.742400 527.632000 -304.326000 -305.946000
96.892300 527.084000 -308.495000 -305.491000
100.017000 526.420000 -311.637000 -304.879000
104.195000 525.225000 -315.859000 -303.817000
108.336000 523.649000 -320.042000 -302.331000
111.409000 522.268000 -323.142000 -301.006000
116.567000 519.769000 -328.358000 -298.645000
121.856000 517.198000 -333.715000 -296.193000
128.358000 513.969000 -340.351000 -293.107000
135.027000 510.603000 -347.098000 -289.883000
138.449000 508.889000 -350.559000 -288.230000
144.291000 505.955000 -356.482000 -285.435000
150.295000 502.938000 -362.552000 -282.518000
157.696000 499.214000 -370.044000 -278.947000
162.709000 496.697000 -375.128000 -276.540000
167.729000 494.140000 -380.234000 -274.129000
171.492000 492.227000 -384.052000 -272.308000
176.518000 489.689000 -389.155000 -269.897000
180.295000 487.820000 -392.979000 -268.101000
185.287000 485.358000 -398.046000 -265.789000
190.260000 482.920000 -403.078000 -263.453000
195.180000 480.470000 -408.060000 -261.106000
198.815000 478.621000 -411.720000 -259.290000
204.750000 475.503000 -417.718000 -256.281000
208.185000 473.649000 -421.217000 -254.541000
212.515000 471.275000 -425.630000 -252.302000
217.532000 468.526000 -430.732000 -249.675000
220.383000 467.052000 -433.603000 -248.232000
223.214000 465.752000 -436.485000 -247.035000
226.038000 464.645000 -439.362000 -246.045000
230.862000 463.173000 -444.243000 -244.718000
234.791000 462.397000 -448.205000 -244.036000
239.802000 461.909000 -453.239000 -243.657000
246.015000 462.301000 -459.451000 -244.168000
252.218000 463.815000 -465.619000 -245.798000
256.291000 465.444000 -469.684000 -247.457000
261.213000 468.115000 -474.584000 -250.128000
264.950000 470.682000 -478.283000 -252.767000
270.327000 475.066000 -483.568000 -257.246000
275.533000 479.794000 -488.685000 -262.062000
278.916000 482.977000 -492.026000 -265.282000
281.391000 485.347000 -494.493000 -267.657000
284.600000 488.362000 -497.641000 -270.732000
288.479000 491.700000 -501.427000 -274.155000
292.232000 494.446000 -505.172000 -276.902000
294.346000 495.795000 -507.258000 -278.298000
297.850000 497.573000 -510.735000 -280.184000
302.158000 498.680000 -514.976000 -281.370000
306.550000 498.688000 -519.393000 -281.525000
310.776000 497.641000 -523.629000 -280.654000
314.931000 496.049000 -527.796000 -279.237000
318.877000 493.890000 -531.776000 -277.211000
320.615000 492.438000 -533.580000 -275.861000
322.160000 490.843000 -535.203000 -274.374000
325.083000 486.074000 -538.253000 -269.752000
326.848000 480.790000 -540.090000 -264.523000
327.226000 476.538000 -540.490000 -260.279000
326.613000 471.313000 -539.921000 -255.057000
325.485000 466.585000 -538.878000 -250.318000
324.271000 462.430000 -537.735000 -246.145000
322.702000 457.138000 -536.252000 -240.827000
320.998000 451.547000 -534.660000 -235.206000
320.102000 448.673000 -533.857000 -232.304000
319.195000 445.777000 -533.033000 -229.390000
317.625000 440.932000 -531.503000 -224.520000
315.357000 433.105000 -529.343000 -216.667000
314.024000 427.175000 -528.080000 -210.736000
313.186000 421.192000 -527.323000 -204.763000
312.865000 415.180000 -527.111000 -198.750000
312.938000 410.161000 -527.259000 -193.737000
313.120000 407.162000 -527.533000 -190.756000
313.646000 402.170000 -528.061000 -185.779000
314.076000 399.207000 -528.469000 -182.826000
314.764000 395.313000 -529.166000 -178.955000
315.357000 392.439000 -529.779000 -176.099000
315.997000 389.589000 -530.393000 -173.259000
316.649000 386.861000 -531.090000 -170.563000
317.338000 384.243000 -531.830000 -167.977000
318.502000 380.353000 -532.957000 -164.116000
319.716000 376.291000 -534.296000 -160.165000
320.455000 373.030000 -535.105000 -156.956000
320.639000 369.179000 -535.333000 -153.121000
319.812000 365.452000 -534.584000 -149.444000
317.917000 361.899000 -532.838000 -145.803000
314.660000 358.106000 -529.671000 -141.924000
311.183000 354.755000 -526.226000 -138.529000
307.282000 351.031000 -522.417000 -134.712000
303.106000 346.959000 -518.364000 -130.513000
298.768000 342.576000 -514.086000 -126.060000
294.430000 337.968000 -509.780000 -121.416000
290.267000 333.108000 -505.686000 -116.515000
286.593000 327.861000 -502.022000 -111.254000
283.831000 323.246000 -499.258000 -106.645000
281.254000 318.389000 -496.652000 -101.812000
278.276000 312.334000 -493.635000 -95.805600
275.261000 306.088000 -490.598000 -89.571500
273.207000 301.794000 -488.581000 -85.273700
271.088000 297.426000 -486.480000 -80.912900
267.791000 290.716000 -483.194000 -74.204700
265.371000 286.246000 -480.785000 -69.730600
263.426000 282.914000 -478.846000 -66.397900
260.702000 278.472000 -476.156000 -61.935200
257.922000 274.068000 -473.390000 -57.524600
255.789000 270.720000 -471.287000 -54.159300
253.623000 267.368000 -469.131000 -50.801500
251.438000 263.958000 -466.969000 -47.380400
249.194000 260.542000 -464.723000 -43.969400
246.950000 257.110000 -462.479000 -40.540500
243.945000 252.494000 -459.455000 -35.954200
240.122000 246.649000 -455.638000 -30.119200
235.373000 239.490000 -450.975000 -22.916000
230.508000 232.238000 -446.236000 -15.588600
225.502000 224.954000 -441.361000 -8.230400
222.973000 221.322000 -438.901000 -4.546760
220.441000 217.690000 -436.396000 -0.898892
217.082000 212.846000 -433.178000 4.035580
212.128000 205.571000 -428.341000 11.393500
208.894000 200.677000 -425.186000 16.339000
205.726000 195.763000 -422.071000 21.289300
201.928000 189.548000 -418.357000 27.554300
199.740000 185.759000 -416.257000 31.393200
197.634000 181.951000 -414.179000 35.213200
195.568000 178.119000 -412.170000 39.073400
193.561000 174.282000 -410.223000 42.938600
191.624000 170.408000 -408.326000 46.830700
189.717000 166.528000 -406.436000 50.717600
187.815000 162.622000 -404.586000 54.645000
185.959000 158.682000 -402.800000 58.615300
183.475000 153.423000 -400.376000 63.899700
181.008000 148.161000 -398.019000 69.205700
177.399000 140.261000 -394.406000 77.082800
173.757000 132.355000 -390.783000 84.993300
171.869000 128.470000 -388.870000 88.862700
168.504000 122.158000 -385.467000 95.156900
166.313000 118.480000 -383.299000 98.850900
163.184000 113.699000 -380.179000 103.636000
159.843000 109.067000 -376.845000 108.266000
155.477000 103.476000 -372.471000 113.847000
149.997000 96.894700 -367.011000 120.455000
146.211000 92.590000 -363.258000 124.796000
143.290000 89.438900 -360.359000 127.967000
140.314000 86.318500 -357.393000 131.098000
137.315000 83.188500 -354.396000 134.234000
134.309000 80.022700 -351.379000 137.394000
128.257000 73.680300 -345.302000 143.819000
123.190000 68.387600 -340.257000 149.120000
120.130000 65.208400 -337.230000 152.338000
117.037000 62.039400 -334.145000 155.520000
113.916000 58.872500 -331.020000 158.683000
109.667000 54.647900 -326.773000 162.924000
106.495000 51.468900 -323.596000 166.100000
101.186000 46.194800 -318.242000 171.375000
96.950500 41.977200 -313.986000 175.596000
93.739300 38.803800 -310.767000 178.769000
87.415800 32.459000 -304.439000 185.109000
83.213500 28.242000 -300.262000 189.353000
77.992700 22.958000 -295.054000 194.661000
74.890600 19.774800 -291.942000 197.838000
69.680600 14.465400 -286.798000 203.186000
64.409100 9.139010 -281.573000 208.540000
60.240600 4.874800 -277.447000 212.853000
56.091900 0.584754 -273.319000 217.162000
49.955700 -5.822350 -267.122000 223.512000
45.918800 -10.102900 -263.165000 227.778000
40.929300 -15.293700 -258.136000 232.939000
38.089500 -18.317400 -255.309000 235.968000
35.418800 -21.291600 -252.623000 238.927000
32.866800 -24.157300 -250.041000 241.759000
30.511600 -26.943000 -247.629000 244.480000
26.927900 -31.196400 -244.016000 248.714000
21.464800 -36.966700 -238.466000 254.322000
13.657400 -39.805600 -230.646000 257.343000
9.346770 -38.357200 -226.312000 255.933000
6.938250 -36.198700 -223.908000 253.733000
5.122510 -33.171600 -222.102000 250.703000
3.955960 -29.427200 -220.922000 246.963000
3.190050 -25.175100 -220.159000 242.716000
2.477720 -20.558900 -219.462000 238.101000
1.764070 -15.589100 -218.684000 233.136000
1.124700 -10.552600 -217.914000 228.122000
0.432975 -5.834560 -217.300000 223.403000
-0.093834 -2.862000 -216.797000 220.453000
-0.652500 -0.027238 -216.209000 217.640000
-1.128800 2.027760 -215.781000 215.585000
-1.890710 4.783150 -215.167000 212.828000
-3.006580 8.222650 -213.907000 209.453000
