-0.000000 0.000000 -0.000000 0.000000
0.007571 7.908780 -0.063122 7.916010
-0.005852 15.930700 -0.116293 15.925100
-0.007369 24.072100 -0.171659 24.067600
0.005282 29.570100 -0.138527 29.575300
0.015115 37.905900 -0.260529 37.923200
0.030860 46.341300 -0.273360 46.338300
0.020829 54.884600 -0.341359 54.880400
0.002764 62.027900 -0.395226 62.021800
-0.027023 70.530000 -0.514408 70.509800
-0.052873 78.935000 -0.643869 78.899900
-0.075180 87.250200 -0.621393 87.227700
-0.169705 95.460800 -0.647196 95.439000
-0.286760 103.546000 -0.724577 103.523000
-0.394315 111.577000 -0.873074 111.561000
-0.430614 119.561000 -0.766617 119.530000
-0.470849 127.692000 -0.726872 127.645000
-0.466120 135.815000 -0.661234 135.735000
-0.474702 143.910000 -0.654502 143.829000
-0.497985 151.992000 -0.539500 151.913000
-0.490889 160.079000 -0.471797 160.001000
-0.459926 166.839000 -0.518964 166.748000
-0.377930 175.029000 -0.437113 174.918000
-0.314056 183.310000 -0.251001 183.149000
-0.303004 191.713000 -0.236526 191.537000
-0.315003 200.224000 -0.304912 200.051000
-0.342198 208.868000 -0.225164 208.694000
-0.355981 217.661000 -0.226089 217.487000
-0.378771 226.569000 -0.311344 226.397000
-0.376469 235.539000 -0.380465 235.374000
-0.379639 244.602000 -0.325681 244.431000
-0.359890 253.757000 -0.322421 253.573000
-0.329134 262.973000 -0.399151 262.774000
-0.315594 272.219000 -0.391988 272.021000
-0.289754 281.496000 -0.383497 281.264000
-0.204525 290.810000 -0.194819 290.572000
-0.149830 300.237000 -0.117997 300.000000
-0.096500 309.819000 -0.016296 309.580000
-0.105842 319.553000 0.061875 319.315000
-0.084970 329.324000 0.112413 329.074000
-0.054350 335.802000 0.133237 335.547000
-0.042570 340.629000 0.140319 340.366000
-0.035147 345.452000 0.198267 345.190000
-0.062771 353.446000 0.216837 353.170000
-0.132221 362.989000 0.285570 362.719000
-0.202919 370.975000 0.268882 370.701000
-0.251989 375.781000 0.332906 375.505000
-0.278359 380.607000 0.334490 380.327000
-0.303965 385.451000 0.310065 385.167000
-0.323790 393.558000 0.293396 393.281000
