0.000000 0.000000 0.000000 0.000000
-0.083626 7.152770 -0.043627 7.161880
-0.167141 14.303500 -0.040049 14.318400
-0.253156 21.464700 -0.073345 21.481300
-0.367798 28.637100 -0.122455 28.657500
-0.509819 35.812600 -0.217646 35.837200
-0.675668 42.995900 -0.307185 43.010600
-0.822002 50.203500 -0.386627 50.218300
-0.933231 57.427800 -0.443146 57.447000
-1.078470 64.647500 -0.511163 64.678000
-1.243230 71.816000 -0.588928 71.846700
-1.337950 78.894600 -0.628651 78.925500
-1.292990 85.877000 -0.528893 85.913400
-1.101750 92.791300 -0.291448 92.823400
-0.782045 99.739700 -0.016860 99.748600
-0.448327 106.867000 0.392259 106.880000
-0.253779 114.142000 0.666442 114.151000
-0.256232 121.501000 0.725889 121.486000
-0.353204 128.970000 0.706138 128.957000
-0.443887 136.523000 0.707278 136.507000
-0.550146 144.153000 0.718954 144.134000
-0.649286 151.756000 0.749238 151.739000
-0.758140 159.342000 0.721041 159.325000
-0.891591 166.914000 0.742848 166.899000
-1.053650 174.498000 0.725854 174.478000
-1.220910 182.072000 0.647841 182.054000
-1.400870 189.586000 0.562295 189.553000
-1.543340 196.982000 0.505641 196.954000
-1.629860 204.203000 0.450138 204.177000
-1.680920 211.094000 0.538618 211.065000
-1.758100 217.485000 0.555816 217.435000
-1.900500 223.323000 0.445579 223.266000
-2.113950 228.382000 0.271825 228.327000
-2.338550 233.560000 0.096185 233.491000
-2.475220 237.811000 0.060226 237.745000
-2.538350 242.654000 0.061250 242.594000
-2.543730 246.908000 0.120957 246.845000
-2.529260 251.371000 0.242187 251.210000
-2.508910 256.112000 0.341842 255.948000
-2.377450 261.103000 0.547003 260.933000
-2.169030 266.146000 0.859778 265.954000
-1.875690 271.234000 1.189110 271.047000
-1.622670 276.354000 1.520310 276.163000
-1.447760 281.390000 1.766210 281.192000
-1.417780 286.036000 1.868490 285.812000
-1.545620 290.017000 1.780000 289.783000
-2.068000 293.468000 1.382510 293.223000
-3.425570 296.783000 0.096148 296.516000
-5.270320 298.869000 -1.710950 298.623000
-7.620090 300.062000 -4.113390 299.742000
-10.581300 300.229000 -7.057360 299.908000
-13.763400 298.874000 -10.227100 298.506000
-16.470600 296.401000 -12.951600 296.047000
-18.872000 292.636000 -15.370300 292.281000
-20.612500 287.568000 -17.289100 287.264000
-21.358700 281.431000 -18.295600 281.170000
-21.111900 274.431000 -18.360500 274.164000
-20.447600 266.831000 -18.038700 266.543000
-19.921300 258.850000 -17.835800 258.561000
-19.639300 250.773000 -17.873400 250.505000
-19.526700 242.596000 -18.117800 242.358000
-19.450100 234.291000 -18.357400 234.075000
-19.309400 225.871000 -18.621400 225.679000
-19.164700 217.328000 -18.823700 217.149000
-18.990400 208.672000 -19.048900 208.494000
-18.809000 199.909000 -19.240200 199.726000
-18.648000 191.144000 -19.455800 190.966000
-18.546000 182.469000 -19.714200 182.289000
-18.513300 173.930000 -20.083300 173.793000
-18.587000 165.822000 -20.507100 165.707000
-18.700400 158.493000 -20.921800 158.398000
-18.792400 152.087000 -21.274600 152.023000
-18.854800 146.599000 -21.479600 146.651000
-18.901300 141.752000 -21.705700 141.834000
-18.944400 137.330000 -21.961900 137.445000
-19.003900 132.429000 -22.255600 132.560000
-19.029700 128.287000 -22.457700 128.424000
-19.034000 123.793000 -22.666100 123.935000
-18.962400 118.740000 -22.841600 118.900000
-18.762600 113.072000 -22.857500 113.238000
-18.389700 106.796000 -22.705300 106.953000
-17.972000 99.881700 -22.551800 100.057000
-17.543700 92.393200 -22.414300 92.559700
-17.188300 84.351700 -22.398600 84.513700
-16.938900 75.757500 -22.484000 75.926600
-16.779200 66.924600 -22.677700 67.100400
-16.677300 58.118500 -22.872200 58.377300
-16.554500 49.366800 -23.117300 49.648900
-16.401800 40.697900 -23.289200 40.997000
-16.264000 32.124700 -23.543900 32.432400
-16.153600 23.646100 -23.717400 23.968000
-16.057300 15.333000 -23.933100 15.663400
-15.957600 7.122800 -24.196900 7.450150
-15.871200 -1.063170 -24.410400 -0.736440
-15.773900 -9.357140 -24.672000 -9.018560
-15.675200 -17.764400 -24.917000 -17.422900
-15.590300 -26.267800 -25.161200 -25.929400
-15.493300 -34.820000 -25.434300 -34.476300
-15.392500 -43.322600 -25.678700 -42.971900
-15.277000 -51.748500 -25.921500 -51.381900
-15.170100 -60.150700 -26.143800 -59.776700
-15.091400 -68.538800 -26.353400 -68.169900
-15.030800 -76.856400 -26.642600 -76.481300
-14.924700 -85.034900 -26.978200 -84.646400
-14.824300 -93.076700 -27.207700 -92.687700
-14.758500 -100.984000 -27.481600 -100.580000
-14.728200 -108.763000 -27.881400 -108.365000
-14.717800 -116.411000 -28.217300 -115.978000
-14.700500 -123.867000 -28.571500 -123.414000
-14.712300 -131.009000 -28.896400 -130.548000
-14.752300 -137.654000 -29.211100 -137.189000
-14.808500 -143.452000 -29.520100 -142.931000
-14.688200 -148.225000 -29.571800 -147.699000
-13.833400 -151.950000 -28.838000 -151.437000
-12.093300 -154.666000 -27.172000 -154.206000
-9.567120 -156.278000 -24.671800 -155.820000
-6.243160 -156.617000 -21.353600 -156.281000
-3.375340 -155.554000 -18.407700 -155.436000
-0.226137 -152.061000 -15.057300 -152.154000
1.048250 -148.113000 -13.604100 -148.241000
1.463450 -143.198000 -12.948800 -143.354000
1.499370 -137.518000 -12.594600 -137.689000
1.498560 -131.160000 -12.264800 -131.346000
1.436720 -124.185000 -12.007100 -124.377000
1.405770 -116.657000 -11.712000 -116.860000
1.330550 -108.593000 -11.417900 -108.805000
1.170070 -100.008000 -11.157800 -100.220000
1.009150 -90.982300 -10.818400 -91.199600
0.883448 -81.949500 -10.483800 -82.160800
0.800315 -72.936400 -10.141200 -73.164500
0.694630 -64.005200 -9.810480 -64.252800
0.557118 -55.160600 -9.513820 -55.423900
0.362164 -46.418000 -9.260620 -46.666100
0.202969 -37.762500 -9.020540 -38.005400
0.084829 -29.194000 -8.753410 -29.448500
0.032329 -20.738400 -8.413520 -21.002600
0.021588 -12.403800 -7.992780 -12.674000
-0.031141 -4.183290 -7.623480 -4.460360
-0.117565 3.988040 -7.333080 3.706780
-0.208154 12.123200 -7.030640 11.836400
-0.283357 20.233300 -6.746230 19.948600
-0.367457 28.293100 -6.420820 28.000000
-0.451537 36.243400 -6.118410 35.942200
-0.534623 44.076000 -5.820070 43.760300
-0.674006 51.810400 -5.611420 51.487300
-0.859787 59.434100 -5.449060 59.106400
-1.068650 66.953700 -5.340320 66.582400
-1.293460 74.341100 -5.198760 73.963700
-1.402950 81.267700 -4.983340 80.883200
-1.391330 87.836500 -4.645910 87.442300
-1.348850 94.282100 -4.335830 93.863700
-1.397410 100.636000 -4.044010 100.208000
-1.686240 107.147000 -4.028980 106.736000
-1.949090 113.881000 -3.888840 113.472000
-1.833080 120.866000 -3.437910 120.443000
-1.454190 128.143000 -2.750780 127.689000
-0.998254 135.781000 -2.002350 135.302000
-0.808213 143.817000 -1.472270 143.328000
-0.863698 152.202000 -1.164800 151.704000
-1.007340 160.832000 -0.892694 160.321000
-1.225580 169.454000 -0.662935 168.936000
-1.427530 178.011000 -0.450809 177.483000
-1.559210 186.456000 -0.228301 185.918000
-1.633870 194.776000 0.056138 194.236000
-1.705980 202.970000 0.305850 202.416000
-1.768400 211.025000 0.562166 210.464000
-1.842510 218.743000 0.751311 218.180000
-1.971970 225.567000 0.834121 225.005000
-2.174190 231.287000 0.749966 230.733000
-2.372560 236.037000 0.686477 235.488000
-2.464850 241.365000 0.782192 240.804000
-2.493250 245.816000 0.893345 245.257000
-2.508500 250.367000 1.008830 249.804000
-2.491980 255.099000 1.178830 254.536000
-2.398100 260.007000 1.454050 259.445000
-2.248880 265.167000 1.727890 264.595000
-2.039860 270.644000 2.067620 270.064000
-1.886300 276.256000 2.422260 275.660000
-1.829540 281.828000 2.690180 281.220000
-1.824660 287.216000 2.871710 286.618000
-1.844050 292.186000 2.973430 291.574000
-1.817940 297.031000 3.146050 296.409000
